,artist_uri,related_uri,cluster
0,spotify:artist:2kjd9eTgBXRmPZZoEFiXVY,spotify:artist:25bvQC4jyyFUce6jbzNlwb,1
1,spotify:artist:2kjd9eTgBXRmPZZoEFiXVY,spotify:artist:3CS5AomOBWpyOMm2r53tDI,1
2,spotify:artist:2kjd9eTgBXRmPZZoEFiXVY,spotify:artist:1048abrwjsuNC1QWEnAOSl,1
3,spotify:artist:2kjd9eTgBXRmPZZoEFiXVY,spotify:artist:4B6VOVChpmPT3P22CmOUbO,1
4,spotify:artist:2kjd9eTgBXRmPZZoEFiXVY,spotify:artist:7ooOn6bokl4mGV4CEaUz6A,1
5,spotify:artist:2kjd9eTgBXRmPZZoEFiXVY,spotify:artist:7nBZYpVAH6bD0QlD7Mpil7,1
6,spotify:artist:2kjd9eTgBXRmPZZoEFiXVY,spotify:artist:4VBE57XRAgh2itDY4qserd,1
7,spotify:artist:2kjd9eTgBXRmPZZoEFiXVY,spotify:artist:6XCS9JCn56Q252cMOTbeq6,1
8,spotify:artist:2kjd9eTgBXRmPZZoEFiXVY,spotify:artist:4NJgceXSpz4dpCNEBOhzHc,1
9,spotify:artist:2kjd9eTgBXRmPZZoEFiXVY,spotify:artist:2nrShcJFP8D5bQT8RgdBhH,1
10,spotify:artist:2kjd9eTgBXRmPZZoEFiXVY,spotify:artist:48I6TLnfZjyLXTqBtQvhgZ,1
11,spotify:artist:2kjd9eTgBXRmPZZoEFiXVY,spotify:artist:1v5bOzXbhrQ57qSvRwGA6s,1
12,spotify:artist:2kjd9eTgBXRmPZZoEFiXVY,spotify:artist:7xFnmid57ZE6iWEXdEXO3b,1
13,spotify:artist:2kjd9eTgBXRmPZZoEFiXVY,spotify:artist:6prqlx3RqGdTYsXANXDCR1,1
14,spotify:artist:2kjd9eTgBXRmPZZoEFiXVY,spotify:artist:6s92YZUPkTK1HL1WIGrPKE,1
15,spotify:artist:2kjd9eTgBXRmPZZoEFiXVY,spotify:artist:1KsASRNugxU85T0u6zSg32,1
16,spotify:artist:2kjd9eTgBXRmPZZoEFiXVY,spotify:artist:3qwabfaWewpfli7hMNM3O8,1
17,spotify:artist:2kjd9eTgBXRmPZZoEFiXVY,spotify:artist:3TScZ6zJkavDy0tqoGqiCf,1
18,spotify:artist:2kjd9eTgBXRmPZZoEFiXVY,spotify:artist:6l77PmL5iuEEcYjGl8K6s7,1
19,spotify:artist:2kjd9eTgBXRmPZZoEFiXVY,spotify:artist:4SXlb6krjl3fsmbcjpj6vo,1
0,spotify:artist:25bvQC4jyyFUce6jbzNlwb,spotify:artist:2fkmfYw1KeOiDLA6MHDwU8,2
1,spotify:artist:25bvQC4jyyFUce6jbzNlwb,spotify:artist:3Kt34aALAZu5GUd3WRqsrZ,2
2,spotify:artist:25bvQC4jyyFUce6jbzNlwb,spotify:artist:7zt6Af78CalxaPDqORfw8L,2
3,spotify:artist:25bvQC4jyyFUce6jbzNlwb,spotify:artist:0H0rBbf7vHXO3qh50Wap7y,2
4,spotify:artist:25bvQC4jyyFUce6jbzNlwb,spotify:artist:0MoXIHcFwhIWnFgBfdvQ30,2
5,spotify:artist:25bvQC4jyyFUce6jbzNlwb,spotify:artist:4GLJPBj5Cdr9AgLKvLWM4n,2
6,spotify:artist:25bvQC4jyyFUce6jbzNlwb,spotify:artist:3jcHyrPcJhrTMdlthE8p74,2
7,spotify:artist:25bvQC4jyyFUce6jbzNlwb,spotify:artist:7edpqbQnGU6YySpab5ItAU,2
8,spotify:artist:25bvQC4jyyFUce6jbzNlwb,spotify:artist:1Eqmku5RGosz51zTCZFgDi,2
9,spotify:artist:25bvQC4jyyFUce6jbzNlwb,spotify:artist:48I6TLnfZjyLXTqBtQvhgZ,2
10,spotify:artist:25bvQC4jyyFUce6jbzNlwb,spotify:artist:6prqlx3RqGdTYsXANXDCR1,2
11,spotify:artist:25bvQC4jyyFUce6jbzNlwb,spotify:artist:3qwabfaWewpfli7hMNM3O8,2
12,spotify:artist:25bvQC4jyyFUce6jbzNlwb,spotify:artist:2U6gqwyl9F33YxawnFrZG7,2
13,spotify:artist:25bvQC4jyyFUce6jbzNlwb,spotify:artist:6XCS9JCn56Q252cMOTbeq6,2
14,spotify:artist:25bvQC4jyyFUce6jbzNlwb,spotify:artist:7Defmv25Kj9knpobhHIghm,2
15,spotify:artist:25bvQC4jyyFUce6jbzNlwb,spotify:artist:4YXRO4slasYnty9nb73LrO,2
16,spotify:artist:25bvQC4jyyFUce6jbzNlwb,spotify:artist:58FAQGIDRMXK5AsxJu9YNp,2
17,spotify:artist:25bvQC4jyyFUce6jbzNlwb,spotify:artist:60vX3zLcdKRXvKLITVh5Df,2
18,spotify:artist:25bvQC4jyyFUce6jbzNlwb,spotify:artist:7bFb3qT35kK9wSeZZ7pwCj,2
19,spotify:artist:25bvQC4jyyFUce6jbzNlwb,spotify:artist:2cBh5lVMg222FFuRU7EfDE,2
20,spotify:artist:3CS5AomOBWpyOMm2r53tDI,spotify:artist:5jfX2ZAoQiLcqVuBw5c7ko,2
21,spotify:artist:3CS5AomOBWpyOMm2r53tDI,spotify:artist:4WDNNDeqHv5AoZ7j0RXAyE,2
22,spotify:artist:3CS5AomOBWpyOMm2r53tDI,spotify:artist:6KK4IApPdBRetEiRCristd,2
23,spotify:artist:3CS5AomOBWpyOMm2r53tDI,spotify:artist:0TzaHjcLavIpy1JXy4ao68,2
24,spotify:artist:3CS5AomOBWpyOMm2r53tDI,spotify:artist:4QAb4rESLS1giPtlpXnziG,2
25,spotify:artist:3CS5AomOBWpyOMm2r53tDI,spotify:artist:6SMrVjW6xh8lssRHiKwGuC,2
26,spotify:artist:3CS5AomOBWpyOMm2r53tDI,spotify:artist:28li5ILN3Mm2bOHWz0rauW,2
27,spotify:artist:3CS5AomOBWpyOMm2r53tDI,spotify:artist:29IK3xMFyz4R6EgE9uRyAm,2
28,spotify:artist:3CS5AomOBWpyOMm2r53tDI,spotify:artist:2COh4pNzrR9PzGII1tpZoB,2
29,spotify:artist:3CS5AomOBWpyOMm2r53tDI,spotify:artist:0sEMCo5APgoxH5d7Lp8dK2,2
30,spotify:artist:3CS5AomOBWpyOMm2r53tDI,spotify:artist:4ky35fBYrjbVpZUgnTcJl8,2
31,spotify:artist:3CS5AomOBWpyOMm2r53tDI,spotify:artist:1Bywk4guQlRCG1HYib9mTF,2
32,spotify:artist:3CS5AomOBWpyOMm2r53tDI,spotify:artist:2fCyvnDEdnRubsGvtQFhMX,2
33,spotify:artist:3CS5AomOBWpyOMm2r53tDI,spotify:artist:1yLBEXfJjZxL2ttN5c0nRk,2
34,spotify:artist:3CS5AomOBWpyOMm2r53tDI,spotify:artist:43pUCMY9rbXAaW5pAdIdPI,2
35,spotify:artist:3CS5AomOBWpyOMm2r53tDI,spotify:artist:5xYM4honYuXyde5XXkTqTM,2
36,spotify:artist:3CS5AomOBWpyOMm2r53tDI,spotify:artist:6PSVgOovw9aDkBgh2zcyKl,2
37,spotify:artist:3CS5AomOBWpyOMm2r53tDI,spotify:artist:5HmIqpnrdXFVUa1yBLg54e,2
38,spotify:artist:3CS5AomOBWpyOMm2r53tDI,spotify:artist:52ERtBB2q1GVZD1f0Op0Ea,2
39,spotify:artist:3CS5AomOBWpyOMm2r53tDI,spotify:artist:511tq72cxTElLqrbQDvu89,2
40,spotify:artist:1048abrwjsuNC1QWEnAOSl,spotify:artist:0zdWU6CpCGxh9DyWV8SQAA,2
41,spotify:artist:1048abrwjsuNC1QWEnAOSl,spotify:artist:5nMpQ9tTgWkMASZ743Jaiu,2
42,spotify:artist:1048abrwjsuNC1QWEnAOSl,spotify:artist:71kSWeYFioviuty6e3aj5k,2
43,spotify:artist:1048abrwjsuNC1QWEnAOSl,spotify:artist:7mDcQbeY9H6XxIOGUi5OtM,2
44,spotify:artist:1048abrwjsuNC1QWEnAOSl,spotify:artist:7bVMGgM5YC8hlw6BYulg8b,2
45,spotify:artist:1048abrwjsuNC1QWEnAOSl,spotify:artist:1uS4cYRRZRtauASIM9RxBG,2
46,spotify:artist:1048abrwjsuNC1QWEnAOSl,spotify:artist:0j6w8JsaZsx5Vs3qECKnAx,2
47,spotify:artist:1048abrwjsuNC1QWEnAOSl,spotify:artist:1bN9idF4rgIhaaKFpwgzoQ,2
48,spotify:artist:1048abrwjsuNC1QWEnAOSl,spotify:artist:7fk3y4smwktbTiP4imKDpt,2
49,spotify:artist:1048abrwjsuNC1QWEnAOSl,spotify:artist:3eia59jd3ARWNPiC8vT8IE,2
50,spotify:artist:1048abrwjsuNC1QWEnAOSl,spotify:artist:6HF6oBtBSHvORTuhUnRGas,2
51,spotify:artist:1048abrwjsuNC1QWEnAOSl,spotify:artist:56z66XGKLpTcREF5iPitMU,2
52,spotify:artist:1048abrwjsuNC1QWEnAOSl,spotify:artist:1Bywk4guQlRCG1HYib9mTF,2
53,spotify:artist:1048abrwjsuNC1QWEnAOSl,spotify:artist:0wCEunK5zOEYUnEfLqi9Rj,2
54,spotify:artist:1048abrwjsuNC1QWEnAOSl,spotify:artist:2COh4pNzrR9PzGII1tpZoB,2
55,spotify:artist:1048abrwjsuNC1QWEnAOSl,spotify:artist:1DsA0Dbq7WvsNkZZlrRZuz,2
56,spotify:artist:1048abrwjsuNC1QWEnAOSl,spotify:artist:32ovJ67AxXydzmuYbuflOp,2
57,spotify:artist:1048abrwjsuNC1QWEnAOSl,spotify:artist:5tUYqMn7b1liNQAFR5ufV8,2
58,spotify:artist:1048abrwjsuNC1QWEnAOSl,spotify:artist:2fCyvnDEdnRubsGvtQFhMX,2
59,spotify:artist:1048abrwjsuNC1QWEnAOSl,spotify:artist:3rclGaNhwMNMcU2GkN91j9,2
60,spotify:artist:4B6VOVChpmPT3P22CmOUbO,spotify:artist:02H31CnpbUN3ngYxN3SHBN,2
61,spotify:artist:4B6VOVChpmPT3P22CmOUbO,spotify:artist:7teDZRXA0CAs5U3QMcvW3s,2
62,spotify:artist:4B6VOVChpmPT3P22CmOUbO,spotify:artist:0z5DFXmhT4ZNzWElsM7V89,2
63,spotify:artist:4B6VOVChpmPT3P22CmOUbO,spotify:artist:2ycnb8Er79LoH2AsR5ldjh,2
64,spotify:artist:4B6VOVChpmPT3P22CmOUbO,spotify:artist:3FTxQTEzrX6tcJYSlsdUle,2
65,spotify:artist:4B6VOVChpmPT3P22CmOUbO,spotify:artist:7nBZYpVAH6bD0QlD7Mpil7,2
66,spotify:artist:4B6VOVChpmPT3P22CmOUbO,spotify:artist:46h3caIKtqPlEfRHuSdibg,2
67,spotify:artist:4B6VOVChpmPT3P22CmOUbO,spotify:artist:7D72FEQwvuv8cIUl5Rbp7A,2
68,spotify:artist:4B6VOVChpmPT3P22CmOUbO,spotify:artist:3xYNGCooNIzKMAtJYKSOyq,2
69,spotify:artist:4B6VOVChpmPT3P22CmOUbO,spotify:artist:25bvQC4jyyFUce6jbzNlwb,2
70,spotify:artist:4B6VOVChpmPT3P22CmOUbO,spotify:artist:1N2FgBLehaq77UEdJhCt7f,2
71,spotify:artist:4B6VOVChpmPT3P22CmOUbO,spotify:artist:3JXnjuv4hBqQKOVzJg74Lt,2
72,spotify:artist:4B6VOVChpmPT3P22CmOUbO,spotify:artist:28yIUgPYZqgJoNZjeBvrHn,2
73,spotify:artist:4B6VOVChpmPT3P22CmOUbO,spotify:artist:71kSWeYFioviuty6e3aj5k,2
74,spotify:artist:4B6VOVChpmPT3P22CmOUbO,spotify:artist:5HP4SpcujgIKC6tHBwfy42,2
75,spotify:artist:4B6VOVChpmPT3P22CmOUbO,spotify:artist:7xFnmid57ZE6iWEXdEXO3b,2
76,spotify:artist:4B6VOVChpmPT3P22CmOUbO,spotify:artist:67drSMarzjhEXxEJ2ATLfE,2
77,spotify:artist:4B6VOVChpmPT3P22CmOUbO,spotify:artist:7HRosqc2irGpixMFV8xWUO,2
78,spotify:artist:4B6VOVChpmPT3P22CmOUbO,spotify:artist:7ooOn6bokl4mGV4CEaUz6A,2
79,spotify:artist:4B6VOVChpmPT3P22CmOUbO,spotify:artist:7pwjGKaqnfkvS7eQbHaqyH,2
80,spotify:artist:7ooOn6bokl4mGV4CEaUz6A,spotify:artist:0s0rOb0gT2S9N0SDcjtPC4,2
81,spotify:artist:7ooOn6bokl4mGV4CEaUz6A,spotify:artist:7xkAwz0bQTGDSbkofyQt3U,2
82,spotify:artist:7ooOn6bokl4mGV4CEaUz6A,spotify:artist:47qTcvYlqJGAEsCI7BcENC,2
83,spotify:artist:7ooOn6bokl4mGV4CEaUz6A,spotify:artist:40enFxfEXXsEXKOt1vgx0k,2
84,spotify:artist:7ooOn6bokl4mGV4CEaUz6A,spotify:artist:73a6pNH4YtLNgDbPQwXveo,2
85,spotify:artist:7ooOn6bokl4mGV4CEaUz6A,spotify:artist:7oIgcNOdEHNwP8NFl9tYWs,2
86,spotify:artist:7ooOn6bokl4mGV4CEaUz6A,spotify:artist:3sc7iUG1Wwpwx7bHeZolgx,2
87,spotify:artist:7ooOn6bokl4mGV4CEaUz6A,spotify:artist:5wfTNhhtnBtRwfoqZnHonC,2
88,spotify:artist:7ooOn6bokl4mGV4CEaUz6A,spotify:artist:37zKpwMQ7NFzk0MPR4FUJe,2
89,spotify:artist:7ooOn6bokl4mGV4CEaUz6A,spotify:artist:6LQeBFIfD4C22RJVVjQ6S7,2
90,spotify:artist:7ooOn6bokl4mGV4CEaUz6A,spotify:artist:5MspMQqdVbdwP6ax3GXqum,2
91,spotify:artist:7ooOn6bokl4mGV4CEaUz6A,spotify:artist:4k7b3DWqBnYpobDWbNWLdM,2
92,spotify:artist:7ooOn6bokl4mGV4CEaUz6A,spotify:artist:2BWfZGPtsjRlRp7JTDqI45,2
93,spotify:artist:7ooOn6bokl4mGV4CEaUz6A,spotify:artist:2zVsfeSyFbCey7rq7PasHp,2
94,spotify:artist:7ooOn6bokl4mGV4CEaUz6A,spotify:artist:3JxCEqL9zjKnDJgUhRuRJD,2
95,spotify:artist:7ooOn6bokl4mGV4CEaUz6A,spotify:artist:3gdIwZY6Q3RXhDteYr4ZvC,2
96,spotify:artist:7ooOn6bokl4mGV4CEaUz6A,spotify:artist:0NKDgy9j66h3DLnN8qu1bB,2
97,spotify:artist:7ooOn6bokl4mGV4CEaUz6A,spotify:artist:5JsdVATHNPE0XdMFMRoSuf,2
98,spotify:artist:7ooOn6bokl4mGV4CEaUz6A,spotify:artist:17xleTMStusKOyQrNuK3sQ,2
99,spotify:artist:7ooOn6bokl4mGV4CEaUz6A,spotify:artist:43lLY3aEg3yQz8sYhyvdn5,2
100,spotify:artist:7nBZYpVAH6bD0QlD7Mpil7,spotify:artist:6aq8T2RcspxVOGgMrTzjWc,2
101,spotify:artist:7nBZYpVAH6bD0QlD7Mpil7,spotify:artist:3LtBdgNHdH0Ix8hCFZ4NJG,2
102,spotify:artist:7nBZYpVAH6bD0QlD7Mpil7,spotify:artist:0EPf9vAXPdFV5Ezp1sMX8B,2
103,spotify:artist:7nBZYpVAH6bD0QlD7Mpil7,spotify:artist:5PYuBRQMHh7nWmdV076sH9,2
104,spotify:artist:7nBZYpVAH6bD0QlD7Mpil7,spotify:artist:28yIUgPYZqgJoNZjeBvrHn,2
105,spotify:artist:7nBZYpVAH6bD0QlD7Mpil7,spotify:artist:1G1mX30GpUJqOr1QU2eBSs,2
106,spotify:artist:7nBZYpVAH6bD0QlD7Mpil7,spotify:artist:2wpWOzQE5TpA0dVnh5YD08,2
107,spotify:artist:7nBZYpVAH6bD0QlD7Mpil7,spotify:artist:3iUjRVvYCsMfz7tuAQtBDI,2
108,spotify:artist:7nBZYpVAH6bD0QlD7Mpil7,spotify:artist:1aX2dmV8XoHYCOQRxjPESG,2
109,spotify:artist:7nBZYpVAH6bD0QlD7Mpil7,spotify:artist:2N4isf5pypyuDVpBofqEN8,2
110,spotify:artist:7nBZYpVAH6bD0QlD7Mpil7,spotify:artist:7vPXrGlSGukcwpaPxUfKKR,2
111,spotify:artist:7nBZYpVAH6bD0QlD7Mpil7,spotify:artist:7GsdZ6T45uXudJ8Wsko9sB,2
112,spotify:artist:7nBZYpVAH6bD0QlD7Mpil7,spotify:artist:2s79xe5F6eUQkjwjww27Fh,2
113,spotify:artist:7nBZYpVAH6bD0QlD7Mpil7,spotify:artist:5KQMtyPE8DCQNUzoNqlEsE,2
114,spotify:artist:7nBZYpVAH6bD0QlD7Mpil7,spotify:artist:4xAp8DM4iDR67SRodGv4dM,2
115,spotify:artist:7nBZYpVAH6bD0QlD7Mpil7,spotify:artist:36pk438TUUMdX59j1zbvTu,2
116,spotify:artist:7nBZYpVAH6bD0QlD7Mpil7,spotify:artist:7pwjGKaqnfkvS7eQbHaqyH,2
117,spotify:artist:7nBZYpVAH6bD0QlD7Mpil7,spotify:artist:0WUphJOGHE5i95IeR87hsO,2
118,spotify:artist:7nBZYpVAH6bD0QlD7Mpil7,spotify:artist:46h3caIKtqPlEfRHuSdibg,2
119,spotify:artist:7nBZYpVAH6bD0QlD7Mpil7,spotify:artist:7wJ9NwdRWtN92NunmXuwBk,2
120,spotify:artist:4VBE57XRAgh2itDY4qserd,spotify:artist:7c9qP8ZMGFTZKCqJphxQX2,2
121,spotify:artist:4VBE57XRAgh2itDY4qserd,spotify:artist:0b4fqBfmPf9WoS1LVVKU7M,2
122,spotify:artist:4VBE57XRAgh2itDY4qserd,spotify:artist:0lTzPzaJID2ijKztXSkWfH,2
123,spotify:artist:4VBE57XRAgh2itDY4qserd,spotify:artist:5bj2pIzyYR99GUinn9fKAN,2
124,spotify:artist:4VBE57XRAgh2itDY4qserd,spotify:artist:3ytMiTBG7TnAOsA3Ql7eAs,2
125,spotify:artist:4VBE57XRAgh2itDY4qserd,spotify:artist:3alLVmjCpZjimiuKWZfzBb,2
126,spotify:artist:4VBE57XRAgh2itDY4qserd,spotify:artist:57Zd5sXL7SD1anPMHPGlWJ,2
127,spotify:artist:4VBE57XRAgh2itDY4qserd,spotify:artist:0hmHLCGFE0UcxBgr3rLaoi,2
128,spotify:artist:4VBE57XRAgh2itDY4qserd,spotify:artist:1peNOv8TAlb3Lu1IqaNf56,2
129,spotify:artist:4VBE57XRAgh2itDY4qserd,spotify:artist:4RDILcwzht7ytmigDk9ySj,2
130,spotify:artist:4VBE57XRAgh2itDY4qserd,spotify:artist:3Hmfaw0SGZ6YBlH9ZkcUvC,2
131,spotify:artist:4VBE57XRAgh2itDY4qserd,spotify:artist:34SgyDEDqVlahIQRDttgCn,2
132,spotify:artist:4VBE57XRAgh2itDY4qserd,spotify:artist:63sO5Q3yMhnwKnm7RuzeNn,2
133,spotify:artist:4VBE57XRAgh2itDY4qserd,spotify:artist:7EUf0mAPglMBZYb4jd3H6Q,2
134,spotify:artist:4VBE57XRAgh2itDY4qserd,spotify:artist:6lWRTt7KIsFeuwixhbgnTe,2
135,spotify:artist:4VBE57XRAgh2itDY4qserd,spotify:artist:1ioFubkyRW98rgJuAaQHUV,2
136,spotify:artist:4VBE57XRAgh2itDY4qserd,spotify:artist:0H30k58Q3nJbJF5Bgjwdqj,2
137,spotify:artist:4VBE57XRAgh2itDY4qserd,spotify:artist:2uKj5KsQWGyVwsXzpKXeBY,2
138,spotify:artist:4VBE57XRAgh2itDY4qserd,spotify:artist:3drpM2KT4ZPS6Iusn4BUOY,2
139,spotify:artist:4VBE57XRAgh2itDY4qserd,spotify:artist:02TVzdrw3UJqIBTo2Rp2sR,2
140,spotify:artist:6XCS9JCn56Q252cMOTbeq6,spotify:artist:7gRmesSjINzb4xXApfMV5E,2
141,spotify:artist:6XCS9JCn56Q252cMOTbeq6,spotify:artist:7LP4hiTAVkw3Rtc1hqtLi4,2
142,spotify:artist:6XCS9JCn56Q252cMOTbeq6,spotify:artist:44h2oaMjofGcXfryCCVzhV,2
143,spotify:artist:6XCS9JCn56Q252cMOTbeq6,spotify:artist:5orH1OWgjAYUX8sZ5gihTv,2
144,spotify:artist:6XCS9JCn56Q252cMOTbeq6,spotify:artist:2AEEnr6Le5zHzBwpnlZSmq,2
145,spotify:artist:6XCS9JCn56Q252cMOTbeq6,spotify:artist:3RjnAn8EWb7zaLlGWVxQeP,2
146,spotify:artist:6XCS9JCn56Q252cMOTbeq6,spotify:artist:60vX3zLcdKRXvKLITVh5Df,2
147,spotify:artist:6XCS9JCn56Q252cMOTbeq6,spotify:artist:54w1dJI7MTjkRGNfGuu2fc,2
148,spotify:artist:6XCS9JCn56Q252cMOTbeq6,spotify:artist:6htUPs3clIStnkvg5jimKZ,2
149,spotify:artist:6XCS9JCn56Q252cMOTbeq6,spotify:artist:17UkABEasVRlCcIFZ3wHb7,2
150,spotify:artist:6XCS9JCn56Q252cMOTbeq6,spotify:artist:2cBh5lVMg222FFuRU7EfDE,2
151,spotify:artist:6XCS9JCn56Q252cMOTbeq6,spotify:artist:3fWTpVNnrGmdo0jMbsRsRf,2
152,spotify:artist:6XCS9JCn56Q252cMOTbeq6,spotify:artist:12EtLdLfJ41vUOoVzPZIUy,2
153,spotify:artist:6XCS9JCn56Q252cMOTbeq6,spotify:artist:27ul3mOdPyXZEtI17EjCWa,2
154,spotify:artist:6XCS9JCn56Q252cMOTbeq6,spotify:artist:7zt6Af78CalxaPDqORfw8L,2
155,spotify:artist:6XCS9JCn56Q252cMOTbeq6,spotify:artist:7edpqbQnGU6YySpab5ItAU,2
156,spotify:artist:6XCS9JCn56Q252cMOTbeq6,spotify:artist:7rZNSLWMjTbwdLNskFbzFf,2
157,spotify:artist:6XCS9JCn56Q252cMOTbeq6,spotify:artist:25tu0d8Po5c4IVXsZnXUU8,2
158,spotify:artist:6XCS9JCn56Q252cMOTbeq6,spotify:artist:5TDVKqW9uhqGjwwwKGuma4,2
159,spotify:artist:6XCS9JCn56Q252cMOTbeq6,spotify:artist:48I6TLnfZjyLXTqBtQvhgZ,2
160,spotify:artist:4NJgceXSpz4dpCNEBOhzHc,spotify:artist:3alLVmjCpZjimiuKWZfzBb,2
161,spotify:artist:4NJgceXSpz4dpCNEBOhzHc,spotify:artist:3fCxdiR6eGEUVGruslnovV,2
162,spotify:artist:4NJgceXSpz4dpCNEBOhzHc,spotify:artist:3drpM2KT4ZPS6Iusn4BUOY,2
163,spotify:artist:4NJgceXSpz4dpCNEBOhzHc,spotify:artist:3ytMiTBG7TnAOsA3Ql7eAs,2
164,spotify:artist:4NJgceXSpz4dpCNEBOhzHc,spotify:artist:2uKj5KsQWGyVwsXzpKXeBY,2
165,spotify:artist:4NJgceXSpz4dpCNEBOhzHc,spotify:artist:2vJ1aFdCPa1wYLqrlTvKuY,2
166,spotify:artist:4NJgceXSpz4dpCNEBOhzHc,spotify:artist:34SgyDEDqVlahIQRDttgCn,2
167,spotify:artist:4NJgceXSpz4dpCNEBOhzHc,spotify:artist:2Ynst7DZrEJnlaMM41ZCxd,2
168,spotify:artist:4NJgceXSpz4dpCNEBOhzHc,spotify:artist:5bj2pIzyYR99GUinn9fKAN,2
169,spotify:artist:4NJgceXSpz4dpCNEBOhzHc,spotify:artist:1jr0mAgIhKtTeKTZwk0HjF,2
170,spotify:artist:4NJgceXSpz4dpCNEBOhzHc,spotify:artist:7c9qP8ZMGFTZKCqJphxQX2,2
171,spotify:artist:4NJgceXSpz4dpCNEBOhzHc,spotify:artist:1peNOv8TAlb3Lu1IqaNf56,2
172,spotify:artist:4NJgceXSpz4dpCNEBOhzHc,spotify:artist:0hmHLCGFE0UcxBgr3rLaoi,2
173,spotify:artist:4NJgceXSpz4dpCNEBOhzHc,spotify:artist:7DHglFER2ajzSXJvNRwHJl,2
174,spotify:artist:4NJgceXSpz4dpCNEBOhzHc,spotify:artist:0lTzPzaJID2ijKztXSkWfH,2
175,spotify:artist:4NJgceXSpz4dpCNEBOhzHc,spotify:artist:6lWRTt7KIsFeuwixhbgnTe,2
176,spotify:artist:4NJgceXSpz4dpCNEBOhzHc,spotify:artist:1ioFubkyRW98rgJuAaQHUV,2
177,spotify:artist:4NJgceXSpz4dpCNEBOhzHc,spotify:artist:4RDILcwzht7ytmigDk9ySj,2
178,spotify:artist:4NJgceXSpz4dpCNEBOhzHc,spotify:artist:2yizBY9nAmEASrD7JpSMAf,2
179,spotify:artist:4NJgceXSpz4dpCNEBOhzHc,spotify:artist:4m2iq2WEoxSFvOZd130HIQ,2
180,spotify:artist:2nrShcJFP8D5bQT8RgdBhH,spotify:artist:5W10uJRsbt9bROJDKoI1Wn,2
181,spotify:artist:2nrShcJFP8D5bQT8RgdBhH,spotify:artist:2MPHBxznH1fj59jbOWY38u,2
182,spotify:artist:2nrShcJFP8D5bQT8RgdBhH,spotify:artist:6VJZYivuYJGCrPuOAnI7Qo,2
183,spotify:artist:2nrShcJFP8D5bQT8RgdBhH,spotify:artist:6Y5DNQAHBjLtlb7xPOmk3N,2
184,spotify:artist:2nrShcJFP8D5bQT8RgdBhH,spotify:artist:5l39d1wBRlqBC1qhXmYCuu,2
185,spotify:artist:2nrShcJFP8D5bQT8RgdBhH,spotify:artist:2oTq85rZFxkflPCbDUGs6d,2
186,spotify:artist:2nrShcJFP8D5bQT8RgdBhH,spotify:artist:55FBDBLWXQ2sokFravrxop,2
187,spotify:artist:2nrShcJFP8D5bQT8RgdBhH,spotify:artist:5Oj5jQ98vsoHeIGqCS9Dfq,2
188,spotify:artist:2nrShcJFP8D5bQT8RgdBhH,spotify:artist:7xfBWpNiwO2yteiY68OB6C,2
189,spotify:artist:2nrShcJFP8D5bQT8RgdBhH,spotify:artist:5upKpIk1pv0hh0u2gwblwy,2
190,spotify:artist:2nrShcJFP8D5bQT8RgdBhH,spotify:artist:2ueoLVCXQ948OfhVvAy3Nn,2
191,spotify:artist:2nrShcJFP8D5bQT8RgdBhH,spotify:artist:29RBsjDGD1p2bmk7IilXct,2
192,spotify:artist:2nrShcJFP8D5bQT8RgdBhH,spotify:artist:04vj3iPUiVh5melWr0w3xT,2
193,spotify:artist:2nrShcJFP8D5bQT8RgdBhH,spotify:artist:1O9iHQjrVuiAYOJFCBeFSl,2
194,spotify:artist:2nrShcJFP8D5bQT8RgdBhH,spotify:artist:6SYIsHAQ1sPokVxmzpaDBU,2
195,spotify:artist:2nrShcJFP8D5bQT8RgdBhH,spotify:artist:0fEfMW5bypHZ0A8eLnhwj5,2
196,spotify:artist:2nrShcJFP8D5bQT8RgdBhH,spotify:artist:6hNOG85RpnNVlDUvl6jNF0,2
197,spotify:artist:2nrShcJFP8D5bQT8RgdBhH,spotify:artist:4fd3n8zcAmsG2up1QWDNj5,2
198,spotify:artist:2nrShcJFP8D5bQT8RgdBhH,spotify:artist:3flcjKgRCeBVZTR8n8iShE,2
199,spotify:artist:2nrShcJFP8D5bQT8RgdBhH,spotify:artist:6PBv8t9YTLggA9ZMwpeoqj,2
200,spotify:artist:48I6TLnfZjyLXTqBtQvhgZ,spotify:artist:1iAIMKbNptAohP5KbxuGR0,2
201,spotify:artist:48I6TLnfZjyLXTqBtQvhgZ,spotify:artist:3y0bEcp7VJdtbEnm5ljiuj,2
202,spotify:artist:48I6TLnfZjyLXTqBtQvhgZ,spotify:artist:3fWTpVNnrGmdo0jMbsRsRf,2
203,spotify:artist:48I6TLnfZjyLXTqBtQvhgZ,spotify:artist:6wdvERzX4CUCOXu6hSS95x,2
204,spotify:artist:48I6TLnfZjyLXTqBtQvhgZ,spotify:artist:12EtLdLfJ41vUOoVzPZIUy,2
205,spotify:artist:48I6TLnfZjyLXTqBtQvhgZ,spotify:artist:7edpqbQnGU6YySpab5ItAU,2
206,spotify:artist:48I6TLnfZjyLXTqBtQvhgZ,spotify:artist:2fkmfYw1KeOiDLA6MHDwU8,2
207,spotify:artist:48I6TLnfZjyLXTqBtQvhgZ,spotify:artist:7LP4hiTAVkw3Rtc1hqtLi4,2
208,spotify:artist:48I6TLnfZjyLXTqBtQvhgZ,spotify:artist:3EBRANWwnViQuBrImN61Z1,2
209,spotify:artist:48I6TLnfZjyLXTqBtQvhgZ,spotify:artist:0MoXIHcFwhIWnFgBfdvQ30,2
210,spotify:artist:48I6TLnfZjyLXTqBtQvhgZ,spotify:artist:15qI5w4XJFLRMwOp2VrlD5,2
211,spotify:artist:48I6TLnfZjyLXTqBtQvhgZ,spotify:artist:5jLwURKdEPDvuYnac74s9c,2
212,spotify:artist:48I6TLnfZjyLXTqBtQvhgZ,spotify:artist:7zt6Af78CalxaPDqORfw8L,2
213,spotify:artist:48I6TLnfZjyLXTqBtQvhgZ,spotify:artist:40xbWSB4JPdOkRyuTDy1oP,2
214,spotify:artist:48I6TLnfZjyLXTqBtQvhgZ,spotify:artist:60vX3zLcdKRXvKLITVh5Df,2
215,spotify:artist:48I6TLnfZjyLXTqBtQvhgZ,spotify:artist:1iL8p9yzijWY1XnqVgHF5P,2
216,spotify:artist:48I6TLnfZjyLXTqBtQvhgZ,spotify:artist:7rZNSLWMjTbwdLNskFbzFf,2
217,spotify:artist:48I6TLnfZjyLXTqBtQvhgZ,spotify:artist:7pyhre5oEEFMqcgMEvJY7q,2
218,spotify:artist:48I6TLnfZjyLXTqBtQvhgZ,spotify:artist:37mtx80nMDETlbsq2eFCzc,2
219,spotify:artist:48I6TLnfZjyLXTqBtQvhgZ,spotify:artist:1g5PorBgjWrL60NdotRE6Q,2
220,spotify:artist:1v5bOzXbhrQ57qSvRwGA6s,spotify:artist:4fxp616ALtFWnXfwxnjLzW,2
221,spotify:artist:1v5bOzXbhrQ57qSvRwGA6s,spotify:artist:6s92YZUPkTK1HL1WIGrPKE,2
222,spotify:artist:1v5bOzXbhrQ57qSvRwGA6s,spotify:artist:6VJZYivuYJGCrPuOAnI7Qo,2
223,spotify:artist:1v5bOzXbhrQ57qSvRwGA6s,spotify:artist:2mAYpnSe3g2Y22JcZ2ddku,2
224,spotify:artist:1v5bOzXbhrQ57qSvRwGA6s,spotify:artist:6UOcY6w4K6Ek5Lw5rFDHdP,2
225,spotify:artist:1v5bOzXbhrQ57qSvRwGA6s,spotify:artist:7qHOphlWaJrfFa0BqpayDG,2
226,spotify:artist:1v5bOzXbhrQ57qSvRwGA6s,spotify:artist:5hE6NCoobhyEu6TRSbjOJY,2
227,spotify:artist:1v5bOzXbhrQ57qSvRwGA6s,spotify:artist:44TGR1CzjKBxSHsSEy7bi9,2
228,spotify:artist:1v5bOzXbhrQ57qSvRwGA6s,spotify:artist:6l77PmL5iuEEcYjGl8K6s7,2
229,spotify:artist:1v5bOzXbhrQ57qSvRwGA6s,spotify:artist:2ueoLVCXQ948OfhVvAy3Nn,2
230,spotify:artist:1v5bOzXbhrQ57qSvRwGA6s,spotify:artist:05fo024EFotg9songSENOZ,2
231,spotify:artist:1v5bOzXbhrQ57qSvRwGA6s,spotify:artist:3qwabfaWewpfli7hMNM3O8,2
232,spotify:artist:1v5bOzXbhrQ57qSvRwGA6s,spotify:artist:1WHoAjAWGx5qLsgzpaOk7W,2
233,spotify:artist:1v5bOzXbhrQ57qSvRwGA6s,spotify:artist:1o43SzzuLoyOxqThmp7s0g,2
234,spotify:artist:1v5bOzXbhrQ57qSvRwGA6s,spotify:artist:7x3Y6pFeDGLJjv1V5uToHv,2
235,spotify:artist:1v5bOzXbhrQ57qSvRwGA6s,spotify:artist:223iUzG0kb5V166FJP9ovD,2
236,spotify:artist:1v5bOzXbhrQ57qSvRwGA6s,spotify:artist:7eQZTqEMozBcuSubfu52i4,2
237,spotify:artist:1v5bOzXbhrQ57qSvRwGA6s,spotify:artist:3kZdsaTYgaaolNxpnJ4iDe,2
238,spotify:artist:1v5bOzXbhrQ57qSvRwGA6s,spotify:artist:7bPs6jf983f0bjRAt1yxDM,2
239,spotify:artist:1v5bOzXbhrQ57qSvRwGA6s,spotify:artist:5BKsn7SCN2XmbF7apdCpRS,2
240,spotify:artist:7xFnmid57ZE6iWEXdEXO3b,spotify:artist:13ccXrK7AmXb4TddMkE7jy,2
241,spotify:artist:7xFnmid57ZE6iWEXdEXO3b,spotify:artist:1N2FgBLehaq77UEdJhCt7f,2
242,spotify:artist:7xFnmid57ZE6iWEXdEXO3b,spotify:artist:6cLEWhEKQl6nAvgr60M7zC,2
243,spotify:artist:7xFnmid57ZE6iWEXdEXO3b,spotify:artist:3qwabfaWewpfli7hMNM3O8,2
244,spotify:artist:7xFnmid57ZE6iWEXdEXO3b,spotify:artist:1GWV70Reko15eV2nHCm0bM,2
245,spotify:artist:7xFnmid57ZE6iWEXdEXO3b,spotify:artist:4w3QqrcmBv8dasemwBXmxf,2
246,spotify:artist:7xFnmid57ZE6iWEXdEXO3b,spotify:artist:4RIOH6XCUt1Xr8NLUj2u66,2
247,spotify:artist:7xFnmid57ZE6iWEXdEXO3b,spotify:artist:5BKsn7SCN2XmbF7apdCpRS,2
248,spotify:artist:7xFnmid57ZE6iWEXdEXO3b,spotify:artist:5CXWXFfhDhFN5uzbfUwAKt,2
249,spotify:artist:7xFnmid57ZE6iWEXdEXO3b,spotify:artist:7sbwBqdkynNUDgiWU3TQ5J,2
250,spotify:artist:7xFnmid57ZE6iWEXdEXO3b,spotify:artist:3loflELg7MzgrOyNqERolN,2
251,spotify:artist:7xFnmid57ZE6iWEXdEXO3b,spotify:artist:1ZsnHGOLYFg8CAHQQBc1ut,2
252,spotify:artist:7xFnmid57ZE6iWEXdEXO3b,spotify:artist:06U3HB7kYW3D8AORt54Xp8,2
253,spotify:artist:7xFnmid57ZE6iWEXdEXO3b,spotify:artist:3UpIbyXfGzmHG6TMH4dJEk,2
254,spotify:artist:7xFnmid57ZE6iWEXdEXO3b,spotify:artist:2wXBWJhbm1gfEVjyEEuhDH,2
255,spotify:artist:7xFnmid57ZE6iWEXdEXO3b,spotify:artist:59luKpdal8UwxcuLJNoKwS,2
256,spotify:artist:7xFnmid57ZE6iWEXdEXO3b,spotify:artist:6juuiuCv8jRHZOcvP2BqKp,2
257,spotify:artist:7xFnmid57ZE6iWEXdEXO3b,spotify:artist:3JxCEqL9zjKnDJgUhRuRJD,2
258,spotify:artist:7xFnmid57ZE6iWEXdEXO3b,spotify:artist:7nBZYpVAH6bD0QlD7Mpil7,2
259,spotify:artist:7xFnmid57ZE6iWEXdEXO3b,spotify:artist:6PBv8t9YTLggA9ZMwpeoqj,2
260,spotify:artist:6prqlx3RqGdTYsXANXDCR1,spotify:artist:6XCS9JCn56Q252cMOTbeq6,2
261,spotify:artist:6prqlx3RqGdTYsXANXDCR1,spotify:artist:0H0rBbf7vHXO3qh50Wap7y,2
262,spotify:artist:6prqlx3RqGdTYsXANXDCR1,spotify:artist:5UxnCYXggRNdaKBUgPIviq,2
263,spotify:artist:6prqlx3RqGdTYsXANXDCR1,spotify:artist:3Y10boYzeuFCJ4Qgp53w6o,2
264,spotify:artist:6prqlx3RqGdTYsXANXDCR1,spotify:artist:25bvQC4jyyFUce6jbzNlwb,2
265,spotify:artist:6prqlx3RqGdTYsXANXDCR1,spotify:artist:0MoXIHcFwhIWnFgBfdvQ30,2
266,spotify:artist:6prqlx3RqGdTYsXANXDCR1,spotify:artist:4GLJPBj5Cdr9AgLKvLWM4n,2
267,spotify:artist:6prqlx3RqGdTYsXANXDCR1,spotify:artist:5BKsn7SCN2XmbF7apdCpRS,2
268,spotify:artist:6prqlx3RqGdTYsXANXDCR1,spotify:artist:2SdOKxC1sSxEyv8JYERaNe,2
269,spotify:artist:6prqlx3RqGdTYsXANXDCR1,spotify:artist:6l0msaZPAzFDz1UDDv6BV8,2
270,spotify:artist:6prqlx3RqGdTYsXANXDCR1,spotify:artist:2cBh5lVMg222FFuRU7EfDE,2
271,spotify:artist:6prqlx3RqGdTYsXANXDCR1,spotify:artist:60vX3zLcdKRXvKLITVh5Df,2
272,spotify:artist:6prqlx3RqGdTYsXANXDCR1,spotify:artist:7y8lzaGqtadGmtAtg2SGv4,2
273,spotify:artist:6prqlx3RqGdTYsXANXDCR1,spotify:artist:3qwabfaWewpfli7hMNM3O8,2
274,spotify:artist:6prqlx3RqGdTYsXANXDCR1,spotify:artist:4RVnAU35WRWra6OZ3CbbMA,2
275,spotify:artist:6prqlx3RqGdTYsXANXDCR1,spotify:artist:4k2ggpJpzdQHCBQ84f1jBy,2
276,spotify:artist:6prqlx3RqGdTYsXANXDCR1,spotify:artist:6UE7nl9mha6s8z0wFQFIZ2,2
277,spotify:artist:6prqlx3RqGdTYsXANXDCR1,spotify:artist:2U6gqwyl9F33YxawnFrZG7,2
278,spotify:artist:6prqlx3RqGdTYsXANXDCR1,spotify:artist:3K2zB87GZv1krx031en5VA,2
279,spotify:artist:6prqlx3RqGdTYsXANXDCR1,spotify:artist:2AEEnr6Le5zHzBwpnlZSmq,2
280,spotify:artist:6s92YZUPkTK1HL1WIGrPKE,spotify:artist:1v5bOzXbhrQ57qSvRwGA6s,2
281,spotify:artist:6s92YZUPkTK1HL1WIGrPKE,spotify:artist:4fxp616ALtFWnXfwxnjLzW,2
282,spotify:artist:6s92YZUPkTK1HL1WIGrPKE,spotify:artist:6VJZYivuYJGCrPuOAnI7Qo,2
283,spotify:artist:6s92YZUPkTK1HL1WIGrPKE,spotify:artist:6l77PmL5iuEEcYjGl8K6s7,2
284,spotify:artist:6s92YZUPkTK1HL1WIGrPKE,spotify:artist:77Rj6PHmQJFb8nbSH62y68,2
285,spotify:artist:6s92YZUPkTK1HL1WIGrPKE,spotify:artist:223iUzG0kb5V166FJP9ovD,2
286,spotify:artist:6s92YZUPkTK1HL1WIGrPKE,spotify:artist:05fo024EFotg9songSENOZ,2
287,spotify:artist:6s92YZUPkTK1HL1WIGrPKE,spotify:artist:37qXWlhfRvpxmIeTKvfw8B,2
288,spotify:artist:6s92YZUPkTK1HL1WIGrPKE,spotify:artist:2PfBzriIMRsCXPDtSy9vg8,2
289,spotify:artist:6s92YZUPkTK1HL1WIGrPKE,spotify:artist:2mAYpnSe3g2Y22JcZ2ddku,2
290,spotify:artist:6s92YZUPkTK1HL1WIGrPKE,spotify:artist:6UOcY6w4K6Ek5Lw5rFDHdP,2
291,spotify:artist:6s92YZUPkTK1HL1WIGrPKE,spotify:artist:726Dh6A5VyDfAAQxilT6A0,2
292,spotify:artist:6s92YZUPkTK1HL1WIGrPKE,spotify:artist:4zrFO6P7G6EZry0pfxMfKT,2
293,spotify:artist:6s92YZUPkTK1HL1WIGrPKE,spotify:artist:7eQZTqEMozBcuSubfu52i4,2
294,spotify:artist:6s92YZUPkTK1HL1WIGrPKE,spotify:artist:2ueoLVCXQ948OfhVvAy3Nn,2
295,spotify:artist:6s92YZUPkTK1HL1WIGrPKE,spotify:artist:5hE6NCoobhyEu6TRSbjOJY,2
296,spotify:artist:6s92YZUPkTK1HL1WIGrPKE,spotify:artist:3qwabfaWewpfli7hMNM3O8,2
297,spotify:artist:6s92YZUPkTK1HL1WIGrPKE,spotify:artist:7tzI4rSFTHafjF18ZrNZWx,2
298,spotify:artist:6s92YZUPkTK1HL1WIGrPKE,spotify:artist:5BKsn7SCN2XmbF7apdCpRS,2
299,spotify:artist:6s92YZUPkTK1HL1WIGrPKE,spotify:artist:5JqX1glXPg6428ubI1w72i,2
300,spotify:artist:1KsASRNugxU85T0u6zSg32,spotify:artist:3X0tJzVYoWlfjLYI0Ridsw,2
301,spotify:artist:1KsASRNugxU85T0u6zSg32,spotify:artist:3g2kUQ6tHLLbmkV7T4GPtL,2
302,spotify:artist:1KsASRNugxU85T0u6zSg32,spotify:artist:76oeXwztPqAxVg9oqozK3z,2
303,spotify:artist:1KsASRNugxU85T0u6zSg32,spotify:artist:4sD9znwiVFx9cgRPZ42aQ1,2
304,spotify:artist:1KsASRNugxU85T0u6zSg32,spotify:artist:3UpIbyXfGzmHG6TMH4dJEk,2
305,spotify:artist:1KsASRNugxU85T0u6zSg32,spotify:artist:73JEBdDEFeVaOLg3y0HhBD,2
306,spotify:artist:1KsASRNugxU85T0u6zSg32,spotify:artist:1aSxMhuvixZ8h9dK9jIDwL,2
307,spotify:artist:1KsASRNugxU85T0u6zSg32,spotify:artist:6cLEWhEKQl6nAvgr60M7zC,2
308,spotify:artist:1KsASRNugxU85T0u6zSg32,spotify:artist:4NgNsOXSwIzXlUIJcpnNUp,2
309,spotify:artist:1KsASRNugxU85T0u6zSg32,spotify:artist:0AiTwNtYX8m4uhfU7rJ8RD,2
310,spotify:artist:1KsASRNugxU85T0u6zSg32,spotify:artist:08DLZqQd6XDAVteF9nSEJ1,2
311,spotify:artist:1KsASRNugxU85T0u6zSg32,spotify:artist:12VaqyEhgwDRuFfEqbnrpz,2
312,spotify:artist:1KsASRNugxU85T0u6zSg32,spotify:artist:2Kl8iFAUJmtmyP1Sab1paD,2
313,spotify:artist:1KsASRNugxU85T0u6zSg32,spotify:artist:2LXeJdQVcFkhkWydphLI74,2
314,spotify:artist:1KsASRNugxU85T0u6zSg32,spotify:artist:726Dh6A5VyDfAAQxilT6A0,2
315,spotify:artist:1KsASRNugxU85T0u6zSg32,spotify:artist:1TMMyiSsNzmRiZCAkVLVb2,2
316,spotify:artist:1KsASRNugxU85T0u6zSg32,spotify:artist:6FbDoZnMBTdhhhLuJBOOqP,2
317,spotify:artist:1KsASRNugxU85T0u6zSg32,spotify:artist:6l77PmL5iuEEcYjGl8K6s7,2
318,spotify:artist:1KsASRNugxU85T0u6zSg32,spotify:artist:6S0GHTqz5sxK5f9HtLXn9q,2
319,spotify:artist:1KsASRNugxU85T0u6zSg32,spotify:artist:7w29UYBi0qsHi5RTcv3lmA,2
320,spotify:artist:3qwabfaWewpfli7hMNM3O8,spotify:artist:5BKsn7SCN2XmbF7apdCpRS,2
321,spotify:artist:3qwabfaWewpfli7hMNM3O8,spotify:artist:4aaBjq7VqqQvpSF69GglvO,2
322,spotify:artist:3qwabfaWewpfli7hMNM3O8,spotify:artist:0MoXIHcFwhIWnFgBfdvQ30,2
323,spotify:artist:3qwabfaWewpfli7hMNM3O8,spotify:artist:7zt6Af78CalxaPDqORfw8L,2
324,spotify:artist:3qwabfaWewpfli7hMNM3O8,spotify:artist:6UOcY6w4K6Ek5Lw5rFDHdP,2
325,spotify:artist:3qwabfaWewpfli7hMNM3O8,spotify:artist:7y8lzaGqtadGmtAtg2SGv4,2
326,spotify:artist:3qwabfaWewpfli7hMNM3O8,spotify:artist:1WHoAjAWGx5qLsgzpaOk7W,2
327,spotify:artist:3qwabfaWewpfli7hMNM3O8,spotify:artist:7eQZTqEMozBcuSubfu52i4,2
328,spotify:artist:3qwabfaWewpfli7hMNM3O8,spotify:artist:0ucLPotcQNI7AViFytdhBz,2
329,spotify:artist:3qwabfaWewpfli7hMNM3O8,spotify:artist:6l77PmL5iuEEcYjGl8K6s7,2
330,spotify:artist:3qwabfaWewpfli7hMNM3O8,spotify:artist:3K2zB87GZv1krx031en5VA,2
331,spotify:artist:3qwabfaWewpfli7hMNM3O8,spotify:artist:6Tyzp9KzpiZ04DABQoedps,2
332,spotify:artist:3qwabfaWewpfli7hMNM3O8,spotify:artist:5sL9uDMwceYHPknnCLAAwJ,2
333,spotify:artist:3qwabfaWewpfli7hMNM3O8,spotify:artist:0H0rBbf7vHXO3qh50Wap7y,2
334,spotify:artist:3qwabfaWewpfli7hMNM3O8,spotify:artist:7w29UYBi0qsHi5RTcv3lmA,2
335,spotify:artist:3qwabfaWewpfli7hMNM3O8,spotify:artist:5hE6NCoobhyEu6TRSbjOJY,2
336,spotify:artist:3qwabfaWewpfli7hMNM3O8,spotify:artist:7qHOphlWaJrfFa0BqpayDG,2
337,spotify:artist:3qwabfaWewpfli7hMNM3O8,spotify:artist:6UE7nl9mha6s8z0wFQFIZ2,2
338,spotify:artist:3qwabfaWewpfli7hMNM3O8,spotify:artist:7xFnmid57ZE6iWEXdEXO3b,2
339,spotify:artist:3qwabfaWewpfli7hMNM3O8,spotify:artist:2f9ZiYA2ic1r1voObUimdd,2
340,spotify:artist:3TScZ6zJkavDy0tqoGqiCf,spotify:artist:4HEIKb9PGw8MG7Am50ev98,2
341,spotify:artist:3TScZ6zJkavDy0tqoGqiCf,spotify:artist:6PBv8t9YTLggA9ZMwpeoqj,2
342,spotify:artist:3TScZ6zJkavDy0tqoGqiCf,spotify:artist:1ZsnHGOLYFg8CAHQQBc1ut,2
343,spotify:artist:3TScZ6zJkavDy0tqoGqiCf,spotify:artist:4ieS1hHc74D9RXhkyoriDU,2
344,spotify:artist:3TScZ6zJkavDy0tqoGqiCf,spotify:artist:4YsP5zmteLQ7etNjHAOu30,2
345,spotify:artist:3TScZ6zJkavDy0tqoGqiCf,spotify:artist:5P1tdwsQdI6z9MXXfmYRDS,2
346,spotify:artist:3TScZ6zJkavDy0tqoGqiCf,spotify:artist:2m1l9MLSslzup4vvokKgvQ,2
347,spotify:artist:3TScZ6zJkavDy0tqoGqiCf,spotify:artist:5SP6T04F8Ic9oftMVfdKkp,2
348,spotify:artist:3TScZ6zJkavDy0tqoGqiCf,spotify:artist:0dLSQG3IV62UNVhWUe6mx6,2
349,spotify:artist:3TScZ6zJkavDy0tqoGqiCf,spotify:artist:50sSN9E5i4DJzYDclAXlSo,2
350,spotify:artist:3TScZ6zJkavDy0tqoGqiCf,spotify:artist:4IDoKaZIEacb3QncU8RQMp,2
351,spotify:artist:3TScZ6zJkavDy0tqoGqiCf,spotify:artist:1luY92PbdGWRyBRY1ZR7o1,2
352,spotify:artist:3TScZ6zJkavDy0tqoGqiCf,spotify:artist:7EV6jW6dotBdvsHj6xPixi,2
353,spotify:artist:3TScZ6zJkavDy0tqoGqiCf,spotify:artist:6SzmRtk9EnP5q1rqfqbfSW,2
354,spotify:artist:3TScZ6zJkavDy0tqoGqiCf,spotify:artist:0TJB3EE2efClsYIDQ8V2Jk,2
355,spotify:artist:3TScZ6zJkavDy0tqoGqiCf,spotify:artist:77oD8X9qLXZhpbCjv53l5n,2
356,spotify:artist:3TScZ6zJkavDy0tqoGqiCf,spotify:artist:3dmSPhg0tdao8ePj4pySJ5,2
357,spotify:artist:3TScZ6zJkavDy0tqoGqiCf,spotify:artist:2Lhs0asnFQiLuntn3s8p78,2
358,spotify:artist:3TScZ6zJkavDy0tqoGqiCf,spotify:artist:4zrFO6P7G6EZry0pfxMfKT,2
359,spotify:artist:3TScZ6zJkavDy0tqoGqiCf,spotify:artist:5EOPLr73C9nIPYwVEAsiOY,2
360,spotify:artist:6l77PmL5iuEEcYjGl8K6s7,spotify:artist:6UOcY6w4K6Ek5Lw5rFDHdP,2
361,spotify:artist:6l77PmL5iuEEcYjGl8K6s7,spotify:artist:50sSN9E5i4DJzYDclAXlSo,2
362,spotify:artist:6l77PmL5iuEEcYjGl8K6s7,spotify:artist:2rBcvLKWCZs9w1qIWv560v,2
363,spotify:artist:6l77PmL5iuEEcYjGl8K6s7,spotify:artist:12VaqyEhgwDRuFfEqbnrpz,2
364,spotify:artist:6l77PmL5iuEEcYjGl8K6s7,spotify:artist:05fo024EFotg9songSENOZ,2
365,spotify:artist:6l77PmL5iuEEcYjGl8K6s7,spotify:artist:5hE6NCoobhyEu6TRSbjOJY,2
366,spotify:artist:6l77PmL5iuEEcYjGl8K6s7,spotify:artist:3qwabfaWewpfli7hMNM3O8,2
367,spotify:artist:6l77PmL5iuEEcYjGl8K6s7,spotify:artist:3AmgGrYHXqgbmZ2yKoIVzO,2
368,spotify:artist:6l77PmL5iuEEcYjGl8K6s7,spotify:artist:37qXWlhfRvpxmIeTKvfw8B,2
369,spotify:artist:6l77PmL5iuEEcYjGl8K6s7,spotify:artist:5BKsn7SCN2XmbF7apdCpRS,2
370,spotify:artist:6l77PmL5iuEEcYjGl8K6s7,spotify:artist:2ueoLVCXQ948OfhVvAy3Nn,2
371,spotify:artist:6l77PmL5iuEEcYjGl8K6s7,spotify:artist:7hAolICGSgXJuM6DUpK5rp,2
372,spotify:artist:6l77PmL5iuEEcYjGl8K6s7,spotify:artist:6PBv8t9YTLggA9ZMwpeoqj,2
373,spotify:artist:6l77PmL5iuEEcYjGl8K6s7,spotify:artist:78OKNrjc3BvniYTqvpOp6P,2
374,spotify:artist:6l77PmL5iuEEcYjGl8K6s7,spotify:artist:1o43SzzuLoyOxqThmp7s0g,2
375,spotify:artist:6l77PmL5iuEEcYjGl8K6s7,spotify:artist:7eQZTqEMozBcuSubfu52i4,2
376,spotify:artist:6l77PmL5iuEEcYjGl8K6s7,spotify:artist:6oBm8HB0yfrIc9IHbxs6in,2
377,spotify:artist:6l77PmL5iuEEcYjGl8K6s7,spotify:artist:34vLhockmYhf3LgznwyNaQ,2
378,spotify:artist:6l77PmL5iuEEcYjGl8K6s7,spotify:artist:6G7OerKc3eBO9sVkRNopFC,2
379,spotify:artist:6l77PmL5iuEEcYjGl8K6s7,spotify:artist:2wJ4vsxWd7df7dRU4KcoDe,2
380,spotify:artist:4SXlb6krjl3fsmbcjpj6vo,spotify:artist:3YnEf3gBveooadUeWtOdlG,2
381,spotify:artist:4SXlb6krjl3fsmbcjpj6vo,spotify:artist:0oOlqHVzcFw27OtchsyaJG,2
382,spotify:artist:4SXlb6krjl3fsmbcjpj6vo,spotify:artist:6AmwaKXtS7fsz8HCeYaLMx,2
383,spotify:artist:4SXlb6krjl3fsmbcjpj6vo,spotify:artist:31NNVhmM6fERBBdPLSllAT,2
384,spotify:artist:4SXlb6krjl3fsmbcjpj6vo,spotify:artist:3M2z0OtrMxfZRvGVYRjvnr,2
385,spotify:artist:4SXlb6krjl3fsmbcjpj6vo,spotify:artist:7Mv4YU9Q9kiFtdWG3aSkn6,2
386,spotify:artist:4SXlb6krjl3fsmbcjpj6vo,spotify:artist:4gjSaZ6ir7PGILXydYAPbm,2
387,spotify:artist:4SXlb6krjl3fsmbcjpj6vo,spotify:artist:4EsdP4xiIySo2aKxrn3I0z,2
388,spotify:artist:4SXlb6krjl3fsmbcjpj6vo,spotify:artist:6wB2GaqmxyI4jwwBvpNBar,2
389,spotify:artist:4SXlb6krjl3fsmbcjpj6vo,spotify:artist:2kjd9eTgBXRmPZZoEFiXVY,2
390,spotify:artist:4SXlb6krjl3fsmbcjpj6vo,spotify:artist:45Bk4w7P0aAoLKyzptffUT,2
391,spotify:artist:4SXlb6krjl3fsmbcjpj6vo,spotify:artist:50ggSkwMSRGRQJe8PcRag6,2
392,spotify:artist:4SXlb6krjl3fsmbcjpj6vo,spotify:artist:5SkIdT6O9NE5nNgnxpWZ13,2
393,spotify:artist:4SXlb6krjl3fsmbcjpj6vo,spotify:artist:1b6AYqvh1QRo10QRVSI5Tk,2
394,spotify:artist:4SXlb6krjl3fsmbcjpj6vo,spotify:artist:2jOKJHJh3mZ3L4q4t9bkO2,2
395,spotify:artist:4SXlb6krjl3fsmbcjpj6vo,spotify:artist:0uDc98rdopqBajSlpdl5kD,2
396,spotify:artist:4SXlb6krjl3fsmbcjpj6vo,spotify:artist:7b8ZbGVwLbqbnqLIb9mCKb,2
397,spotify:artist:4SXlb6krjl3fsmbcjpj6vo,spotify:artist:1d0AevdgJeXUeGCRf9bXh7,2
398,spotify:artist:4SXlb6krjl3fsmbcjpj6vo,spotify:artist:7vrtpoeSI9Xnu1dSWel6X8,2
399,spotify:artist:4SXlb6krjl3fsmbcjpj6vo,spotify:artist:7qBUZQ7O7UNpBgD23MIM3v,2
0,spotify:artist:2fkmfYw1KeOiDLA6MHDwU8,spotify:artist:0MoXIHcFwhIWnFgBfdvQ30,3
1,spotify:artist:2fkmfYw1KeOiDLA6MHDwU8,spotify:artist:7zt6Af78CalxaPDqORfw8L,3
2,spotify:artist:2fkmfYw1KeOiDLA6MHDwU8,spotify:artist:4GLJPBj5Cdr9AgLKvLWM4n,3
3,spotify:artist:2fkmfYw1KeOiDLA6MHDwU8,spotify:artist:1iL8p9yzijWY1XnqVgHF5P,3
4,spotify:artist:2fkmfYw1KeOiDLA6MHDwU8,spotify:artist:5TfnQ0Ai1cEbKY5katFK14,3
5,spotify:artist:2fkmfYw1KeOiDLA6MHDwU8,spotify:artist:7pyhre5oEEFMqcgMEvJY7q,3
6,spotify:artist:2fkmfYw1KeOiDLA6MHDwU8,spotify:artist:0WbqAlM1WvfUD6dF7omThd,3
7,spotify:artist:2fkmfYw1KeOiDLA6MHDwU8,spotify:artist:1iAIMKbNptAohP5KbxuGR0,3
8,spotify:artist:2fkmfYw1KeOiDLA6MHDwU8,spotify:artist:25bvQC4jyyFUce6jbzNlwb,3
9,spotify:artist:2fkmfYw1KeOiDLA6MHDwU8,spotify:artist:48I6TLnfZjyLXTqBtQvhgZ,3
10,spotify:artist:2fkmfYw1KeOiDLA6MHDwU8,spotify:artist:46CuxapoPjUfIOiXdNq7qM,3
11,spotify:artist:2fkmfYw1KeOiDLA6MHDwU8,spotify:artist:6wdvERzX4CUCOXu6hSS95x,3
12,spotify:artist:2fkmfYw1KeOiDLA6MHDwU8,spotify:artist:1Eqmku5RGosz51zTCZFgDi,3
13,spotify:artist:2fkmfYw1KeOiDLA6MHDwU8,spotify:artist:5kaxoTrs85opiVmY4fuTki,3
14,spotify:artist:2fkmfYw1KeOiDLA6MHDwU8,spotify:artist:3Kt34aALAZu5GUd3WRqsrZ,3
15,spotify:artist:2fkmfYw1KeOiDLA6MHDwU8,spotify:artist:39ZHUueufhIdbW4yu9uODG,3
16,spotify:artist:2fkmfYw1KeOiDLA6MHDwU8,spotify:artist:6UOcY6w4K6Ek5Lw5rFDHdP,3
17,spotify:artist:2fkmfYw1KeOiDLA6MHDwU8,spotify:artist:3K2zB87GZv1krx031en5VA,3
18,spotify:artist:2fkmfYw1KeOiDLA6MHDwU8,spotify:artist:4YXRO4slasYnty9nb73LrO,3
19,spotify:artist:2fkmfYw1KeOiDLA6MHDwU8,spotify:artist:6CwfuxIqcltXDGjfZsMd9A,3
20,spotify:artist:3Kt34aALAZu5GUd3WRqsrZ,spotify:artist:3m7kkYCoZ7yaJB00zs0Jok,3
21,spotify:artist:3Kt34aALAZu5GUd3WRqsrZ,spotify:artist:25bvQC4jyyFUce6jbzNlwb,3
22,spotify:artist:3Kt34aALAZu5GUd3WRqsrZ,spotify:artist:2oyNl6Ds6rY648mcUFhVgT,3
23,spotify:artist:3Kt34aALAZu5GUd3WRqsrZ,spotify:artist:0Guuvi7P0R6ZuX2DeL1m9M,3
24,spotify:artist:3Kt34aALAZu5GUd3WRqsrZ,spotify:artist:7zt6Af78CalxaPDqORfw8L,3
25,spotify:artist:3Kt34aALAZu5GUd3WRqsrZ,spotify:artist:2fkmfYw1KeOiDLA6MHDwU8,3
26,spotify:artist:3Kt34aALAZu5GUd3WRqsrZ,spotify:artist:4YXRO4slasYnty9nb73LrO,3
27,spotify:artist:3Kt34aALAZu5GUd3WRqsrZ,spotify:artist:4ps52NgTUPV9accMr5TMBw,3
28,spotify:artist:3Kt34aALAZu5GUd3WRqsrZ,spotify:artist:0MoXIHcFwhIWnFgBfdvQ30,3
29,spotify:artist:3Kt34aALAZu5GUd3WRqsrZ,spotify:artist:3h0sk58Yt1FpqFbx9JOqhf,3
30,spotify:artist:3Kt34aALAZu5GUd3WRqsrZ,spotify:artist:511KFfhbyj2pJ3QJdqE26S,3
31,spotify:artist:3Kt34aALAZu5GUd3WRqsrZ,spotify:artist:4hiLNlqr4vQdiuo1aQKSXS,3
32,spotify:artist:3Kt34aALAZu5GUd3WRqsrZ,spotify:artist:6E6yZfLJy9X62bwXFDlCcw,3
33,spotify:artist:3Kt34aALAZu5GUd3WRqsrZ,spotify:artist:3i0VvjFfLzfX8TgDhgNWfe,3
34,spotify:artist:3Kt34aALAZu5GUd3WRqsrZ,spotify:artist:21BNK6J98DN07SsiS0MQjD,3
35,spotify:artist:3Kt34aALAZu5GUd3WRqsrZ,spotify:artist:4GLJPBj5Cdr9AgLKvLWM4n,3
36,spotify:artist:3Kt34aALAZu5GUd3WRqsrZ,spotify:artist:0GSCJJOY6dLofAwE68vMPd,3
37,spotify:artist:3Kt34aALAZu5GUd3WRqsrZ,spotify:artist:1Eqmku5RGosz51zTCZFgDi,3
38,spotify:artist:3Kt34aALAZu5GUd3WRqsrZ,spotify:artist:2YL0l5fnyHE9FEf1bwFGCc,3
39,spotify:artist:3Kt34aALAZu5GUd3WRqsrZ,spotify:artist:1bAdBYcsDdsbqmWbAE7qKR,3
40,spotify:artist:7zt6Af78CalxaPDqORfw8L,spotify:artist:0MoXIHcFwhIWnFgBfdvQ30,3
41,spotify:artist:7zt6Af78CalxaPDqORfw8L,spotify:artist:4GLJPBj5Cdr9AgLKvLWM4n,3
42,spotify:artist:7zt6Af78CalxaPDqORfw8L,spotify:artist:7edpqbQnGU6YySpab5ItAU,3
43,spotify:artist:7zt6Af78CalxaPDqORfw8L,spotify:artist:2fkmfYw1KeOiDLA6MHDwU8,3
44,spotify:artist:7zt6Af78CalxaPDqORfw8L,spotify:artist:2cBh5lVMg222FFuRU7EfDE,3
45,spotify:artist:7zt6Af78CalxaPDqORfw8L,spotify:artist:5BKsn7SCN2XmbF7apdCpRS,3
46,spotify:artist:7zt6Af78CalxaPDqORfw8L,spotify:artist:5TfnQ0Ai1cEbKY5katFK14,3
47,spotify:artist:7zt6Af78CalxaPDqORfw8L,spotify:artist:2LXK0SdlBu84dqUshKZcrB,3
48,spotify:artist:7zt6Af78CalxaPDqORfw8L,spotify:artist:0H0rBbf7vHXO3qh50Wap7y,3
49,spotify:artist:7zt6Af78CalxaPDqORfw8L,spotify:artist:7LP4hiTAVkw3Rtc1hqtLi4,3
50,spotify:artist:7zt6Af78CalxaPDqORfw8L,spotify:artist:1iAIMKbNptAohP5KbxuGR0,3
51,spotify:artist:7zt6Af78CalxaPDqORfw8L,spotify:artist:39ZHUueufhIdbW4yu9uODG,3
52,spotify:artist:7zt6Af78CalxaPDqORfw8L,spotify:artist:48I6TLnfZjyLXTqBtQvhgZ,3
53,spotify:artist:7zt6Af78CalxaPDqORfw8L,spotify:artist:25bvQC4jyyFUce6jbzNlwb,3
54,spotify:artist:7zt6Af78CalxaPDqORfw8L,spotify:artist:6XCS9JCn56Q252cMOTbeq6,3
55,spotify:artist:7zt6Af78CalxaPDqORfw8L,spotify:artist:0WbqAlM1WvfUD6dF7omThd,3
56,spotify:artist:7zt6Af78CalxaPDqORfw8L,spotify:artist:3qwabfaWewpfli7hMNM3O8,3
57,spotify:artist:7zt6Af78CalxaPDqORfw8L,spotify:artist:7gRmesSjINzb4xXApfMV5E,3
58,spotify:artist:7zt6Af78CalxaPDqORfw8L,spotify:artist:6UE7nl9mha6s8z0wFQFIZ2,3
59,spotify:artist:7zt6Af78CalxaPDqORfw8L,spotify:artist:3Kt34aALAZu5GUd3WRqsrZ,3
60,spotify:artist:0H0rBbf7vHXO3qh50Wap7y,spotify:artist:0MoXIHcFwhIWnFgBfdvQ30,3
61,spotify:artist:0H0rBbf7vHXO3qh50Wap7y,spotify:artist:7zt6Af78CalxaPDqORfw8L,3
62,spotify:artist:0H0rBbf7vHXO3qh50Wap7y,spotify:artist:3K2zB87GZv1krx031en5VA,3
63,spotify:artist:0H0rBbf7vHXO3qh50Wap7y,spotify:artist:1Eqmku5RGosz51zTCZFgDi,3
64,spotify:artist:0H0rBbf7vHXO3qh50Wap7y,spotify:artist:4GLJPBj5Cdr9AgLKvLWM4n,3
65,spotify:artist:0H0rBbf7vHXO3qh50Wap7y,spotify:artist:3qwabfaWewpfli7hMNM3O8,3
66,spotify:artist:0H0rBbf7vHXO3qh50Wap7y,spotify:artist:25bvQC4jyyFUce6jbzNlwb,3
67,spotify:artist:0H0rBbf7vHXO3qh50Wap7y,spotify:artist:6prqlx3RqGdTYsXANXDCR1,3
68,spotify:artist:0H0rBbf7vHXO3qh50Wap7y,spotify:artist:3Y10boYzeuFCJ4Qgp53w6o,3
69,spotify:artist:0H0rBbf7vHXO3qh50Wap7y,spotify:artist:6XCS9JCn56Q252cMOTbeq6,3
70,spotify:artist:0H0rBbf7vHXO3qh50Wap7y,spotify:artist:6UE7nl9mha6s8z0wFQFIZ2,3
71,spotify:artist:0H0rBbf7vHXO3qh50Wap7y,spotify:artist:1WHoAjAWGx5qLsgzpaOk7W,3
72,spotify:artist:0H0rBbf7vHXO3qh50Wap7y,spotify:artist:2mV8aJphiSHYJf43DxL7Gt,3
73,spotify:artist:0H0rBbf7vHXO3qh50Wap7y,spotify:artist:2cBh5lVMg222FFuRU7EfDE,3
74,spotify:artist:0H0rBbf7vHXO3qh50Wap7y,spotify:artist:5BKsn7SCN2XmbF7apdCpRS,3
75,spotify:artist:0H0rBbf7vHXO3qh50Wap7y,spotify:artist:5TfnQ0Ai1cEbKY5katFK14,3
76,spotify:artist:0H0rBbf7vHXO3qh50Wap7y,spotify:artist:7gRhy3MIPHQo5CXYfWaw9I,3
77,spotify:artist:0H0rBbf7vHXO3qh50Wap7y,spotify:artist:7y8lzaGqtadGmtAtg2SGv4,3
78,spotify:artist:0H0rBbf7vHXO3qh50Wap7y,spotify:artist:6ieVhWXtOmK6DO6dmX7Eko,3
79,spotify:artist:0H0rBbf7vHXO3qh50Wap7y,spotify:artist:0WbqAlM1WvfUD6dF7omThd,3
80,spotify:artist:0MoXIHcFwhIWnFgBfdvQ30,spotify:artist:4GLJPBj5Cdr9AgLKvLWM4n,3
81,spotify:artist:0MoXIHcFwhIWnFgBfdvQ30,spotify:artist:3K2zB87GZv1krx031en5VA,3
82,spotify:artist:0MoXIHcFwhIWnFgBfdvQ30,spotify:artist:7zt6Af78CalxaPDqORfw8L,3
83,spotify:artist:0MoXIHcFwhIWnFgBfdvQ30,spotify:artist:5TfnQ0Ai1cEbKY5katFK14,3
84,spotify:artist:0MoXIHcFwhIWnFgBfdvQ30,spotify:artist:2fkmfYw1KeOiDLA6MHDwU8,3
85,spotify:artist:0MoXIHcFwhIWnFgBfdvQ30,spotify:artist:0WbqAlM1WvfUD6dF7omThd,3
86,spotify:artist:0MoXIHcFwhIWnFgBfdvQ30,spotify:artist:39ZHUueufhIdbW4yu9uODG,3
87,spotify:artist:0MoXIHcFwhIWnFgBfdvQ30,spotify:artist:0H0rBbf7vHXO3qh50Wap7y,3
88,spotify:artist:0MoXIHcFwhIWnFgBfdvQ30,spotify:artist:2wvUfjKGoXvcnDHq7GgMOa,3
89,spotify:artist:0MoXIHcFwhIWnFgBfdvQ30,spotify:artist:1Eqmku5RGosz51zTCZFgDi,3
90,spotify:artist:0MoXIHcFwhIWnFgBfdvQ30,spotify:artist:3qwabfaWewpfli7hMNM3O8,3
91,spotify:artist:0MoXIHcFwhIWnFgBfdvQ30,spotify:artist:5BKsn7SCN2XmbF7apdCpRS,3
92,spotify:artist:0MoXIHcFwhIWnFgBfdvQ30,spotify:artist:6UOcY6w4K6Ek5Lw5rFDHdP,3
93,spotify:artist:0MoXIHcFwhIWnFgBfdvQ30,spotify:artist:48I6TLnfZjyLXTqBtQvhgZ,3
94,spotify:artist:0MoXIHcFwhIWnFgBfdvQ30,spotify:artist:2s6lxOYvvCvzpHtd3VyuMj,3
95,spotify:artist:0MoXIHcFwhIWnFgBfdvQ30,spotify:artist:7pyhre5oEEFMqcgMEvJY7q,3
96,spotify:artist:0MoXIHcFwhIWnFgBfdvQ30,spotify:artist:46CuxapoPjUfIOiXdNq7qM,3
97,spotify:artist:0MoXIHcFwhIWnFgBfdvQ30,spotify:artist:2K13AVg3bFpHSxDM1vJ0qA,3
98,spotify:artist:0MoXIHcFwhIWnFgBfdvQ30,spotify:artist:25bvQC4jyyFUce6jbzNlwb,3
99,spotify:artist:0MoXIHcFwhIWnFgBfdvQ30,spotify:artist:7y8lzaGqtadGmtAtg2SGv4,3
100,spotify:artist:4GLJPBj5Cdr9AgLKvLWM4n,spotify:artist:0MoXIHcFwhIWnFgBfdvQ30,3
101,spotify:artist:4GLJPBj5Cdr9AgLKvLWM4n,spotify:artist:5TfnQ0Ai1cEbKY5katFK14,3
102,spotify:artist:4GLJPBj5Cdr9AgLKvLWM4n,spotify:artist:7zt6Af78CalxaPDqORfw8L,3
103,spotify:artist:4GLJPBj5Cdr9AgLKvLWM4n,spotify:artist:3K2zB87GZv1krx031en5VA,3
104,spotify:artist:4GLJPBj5Cdr9AgLKvLWM4n,spotify:artist:2fkmfYw1KeOiDLA6MHDwU8,3
105,spotify:artist:4GLJPBj5Cdr9AgLKvLWM4n,spotify:artist:0WbqAlM1WvfUD6dF7omThd,3
106,spotify:artist:4GLJPBj5Cdr9AgLKvLWM4n,spotify:artist:1Eqmku5RGosz51zTCZFgDi,3
107,spotify:artist:4GLJPBj5Cdr9AgLKvLWM4n,spotify:artist:2wvUfjKGoXvcnDHq7GgMOa,3
108,spotify:artist:4GLJPBj5Cdr9AgLKvLWM4n,spotify:artist:5BKsn7SCN2XmbF7apdCpRS,3
109,spotify:artist:4GLJPBj5Cdr9AgLKvLWM4n,spotify:artist:39ZHUueufhIdbW4yu9uODG,3
110,spotify:artist:4GLJPBj5Cdr9AgLKvLWM4n,spotify:artist:0H0rBbf7vHXO3qh50Wap7y,3
111,spotify:artist:4GLJPBj5Cdr9AgLKvLWM4n,spotify:artist:6UocZe4AprSYBvmn3J0oqY,3
112,spotify:artist:4GLJPBj5Cdr9AgLKvLWM4n,spotify:artist:2K13AVg3bFpHSxDM1vJ0qA,3
113,spotify:artist:4GLJPBj5Cdr9AgLKvLWM4n,spotify:artist:3Y10boYzeuFCJ4Qgp53w6o,3
114,spotify:artist:4GLJPBj5Cdr9AgLKvLWM4n,spotify:artist:25bvQC4jyyFUce6jbzNlwb,3
115,spotify:artist:4GLJPBj5Cdr9AgLKvLWM4n,spotify:artist:7y8lzaGqtadGmtAtg2SGv4,3
116,spotify:artist:4GLJPBj5Cdr9AgLKvLWM4n,spotify:artist:3qwabfaWewpfli7hMNM3O8,3
117,spotify:artist:4GLJPBj5Cdr9AgLKvLWM4n,spotify:artist:0ucLPotcQNI7AViFytdhBz,3
118,spotify:artist:4GLJPBj5Cdr9AgLKvLWM4n,spotify:artist:2s6lxOYvvCvzpHtd3VyuMj,3
119,spotify:artist:4GLJPBj5Cdr9AgLKvLWM4n,spotify:artist:6UOcY6w4K6Ek5Lw5rFDHdP,3
120,spotify:artist:3jcHyrPcJhrTMdlthE8p74,spotify:artist:25bvQC4jyyFUce6jbzNlwb,3
121,spotify:artist:3jcHyrPcJhrTMdlthE8p74,spotify:artist:2fkmfYw1KeOiDLA6MHDwU8,3
122,spotify:artist:3jcHyrPcJhrTMdlthE8p74,spotify:artist:0MoXIHcFwhIWnFgBfdvQ30,3
123,spotify:artist:3jcHyrPcJhrTMdlthE8p74,spotify:artist:4GLJPBj5Cdr9AgLKvLWM4n,3
124,spotify:artist:3jcHyrPcJhrTMdlthE8p74,spotify:artist:0WbqAlM1WvfUD6dF7omThd,3
125,spotify:artist:3jcHyrPcJhrTMdlthE8p74,spotify:artist:3Y10boYzeuFCJ4Qgp53w6o,3
126,spotify:artist:3jcHyrPcJhrTMdlthE8p74,spotify:artist:7zt6Af78CalxaPDqORfw8L,3
127,spotify:artist:3jcHyrPcJhrTMdlthE8p74,spotify:artist:4YXRO4slasYnty9nb73LrO,3
128,spotify:artist:3jcHyrPcJhrTMdlthE8p74,spotify:artist:3K2zB87GZv1krx031en5VA,3
129,spotify:artist:3jcHyrPcJhrTMdlthE8p74,spotify:artist:5UxnCYXggRNdaKBUgPIviq,3
130,spotify:artist:3jcHyrPcJhrTMdlthE8p74,spotify:artist:3Kt34aALAZu5GUd3WRqsrZ,3
131,spotify:artist:3jcHyrPcJhrTMdlthE8p74,spotify:artist:1Eqmku5RGosz51zTCZFgDi,3
132,spotify:artist:3jcHyrPcJhrTMdlthE8p74,spotify:artist:3sFTupo9UGgrujjN21BjwR,3
133,spotify:artist:3jcHyrPcJhrTMdlthE8p74,spotify:artist:6uPnr3XdPsToaX6kKfptwd,3
134,spotify:artist:3jcHyrPcJhrTMdlthE8p74,spotify:artist:1zFNYw5kgA7UEKWqNHf1Et,3
135,spotify:artist:3jcHyrPcJhrTMdlthE8p74,spotify:artist:3qwabfaWewpfli7hMNM3O8,3
136,spotify:artist:3jcHyrPcJhrTMdlthE8p74,spotify:artist:7gQNLR8mykA1KjGClbPYHe,3
137,spotify:artist:3jcHyrPcJhrTMdlthE8p74,spotify:artist:1WHoAjAWGx5qLsgzpaOk7W,3
138,spotify:artist:3jcHyrPcJhrTMdlthE8p74,spotify:artist:1YJ9OtMAkpvxO70ydEm7aZ,3
139,spotify:artist:3jcHyrPcJhrTMdlthE8p74,spotify:artist:2wvUfjKGoXvcnDHq7GgMOa,3
140,spotify:artist:7edpqbQnGU6YySpab5ItAU,spotify:artist:1g5PorBgjWrL60NdotRE6Q,3
141,spotify:artist:7edpqbQnGU6YySpab5ItAU,spotify:artist:7rZNSLWMjTbwdLNskFbzFf,3
142,spotify:artist:7edpqbQnGU6YySpab5ItAU,spotify:artist:7LP4hiTAVkw3Rtc1hqtLi4,3
143,spotify:artist:7edpqbQnGU6YySpab5ItAU,spotify:artist:7zt6Af78CalxaPDqORfw8L,3
144,spotify:artist:7edpqbQnGU6YySpab5ItAU,spotify:artist:7gRmesSjINzb4xXApfMV5E,3
145,spotify:artist:7edpqbQnGU6YySpab5ItAU,spotify:artist:4LUOGNccPSilRIm4Jcflg2,3
146,spotify:artist:7edpqbQnGU6YySpab5ItAU,spotify:artist:3fWTpVNnrGmdo0jMbsRsRf,3
147,spotify:artist:7edpqbQnGU6YySpab5ItAU,spotify:artist:12EtLdLfJ41vUOoVzPZIUy,3
148,spotify:artist:7edpqbQnGU6YySpab5ItAU,spotify:artist:1iAIMKbNptAohP5KbxuGR0,3
149,spotify:artist:7edpqbQnGU6YySpab5ItAU,spotify:artist:60vX3zLcdKRXvKLITVh5Df,3
150,spotify:artist:7edpqbQnGU6YySpab5ItAU,spotify:artist:5TDVKqW9uhqGjwwwKGuma4,3
151,spotify:artist:7edpqbQnGU6YySpab5ItAU,spotify:artist:48I6TLnfZjyLXTqBtQvhgZ,3
152,spotify:artist:7edpqbQnGU6YySpab5ItAU,spotify:artist:5v2GEv1pQaCp6oeOQROdKE,3
153,spotify:artist:7edpqbQnGU6YySpab5ItAU,spotify:artist:54w1dJI7MTjkRGNfGuu2fc,3
154,spotify:artist:7edpqbQnGU6YySpab5ItAU,spotify:artist:6XCS9JCn56Q252cMOTbeq6,3
155,spotify:artist:7edpqbQnGU6YySpab5ItAU,spotify:artist:5orH1OWgjAYUX8sZ5gihTv,3
156,spotify:artist:7edpqbQnGU6YySpab5ItAU,spotify:artist:2AEEnr6Le5zHzBwpnlZSmq,3
157,spotify:artist:7edpqbQnGU6YySpab5ItAU,spotify:artist:44h2oaMjofGcXfryCCVzhV,3
158,spotify:artist:7edpqbQnGU6YySpab5ItAU,spotify:artist:6htUPs3clIStnkvg5jimKZ,3
159,spotify:artist:7edpqbQnGU6YySpab5ItAU,spotify:artist:3RjnAn8EWb7zaLlGWVxQeP,3
160,spotify:artist:1Eqmku5RGosz51zTCZFgDi,spotify:artist:0MoXIHcFwhIWnFgBfdvQ30,3
161,spotify:artist:1Eqmku5RGosz51zTCZFgDi,spotify:artist:4GLJPBj5Cdr9AgLKvLWM4n,3
162,spotify:artist:1Eqmku5RGosz51zTCZFgDi,spotify:artist:2fkmfYw1KeOiDLA6MHDwU8,3
163,spotify:artist:1Eqmku5RGosz51zTCZFgDi,spotify:artist:0H0rBbf7vHXO3qh50Wap7y,3
164,spotify:artist:1Eqmku5RGosz51zTCZFgDi,spotify:artist:5TfnQ0Ai1cEbKY5katFK14,3
165,spotify:artist:1Eqmku5RGosz51zTCZFgDi,spotify:artist:7zt6Af78CalxaPDqORfw8L,3
166,spotify:artist:1Eqmku5RGosz51zTCZFgDi,spotify:artist:3K2zB87GZv1krx031en5VA,3
167,spotify:artist:1Eqmku5RGosz51zTCZFgDi,spotify:artist:7Defmv25Kj9knpobhHIghm,3
168,spotify:artist:1Eqmku5RGosz51zTCZFgDi,spotify:artist:48I6TLnfZjyLXTqBtQvhgZ,3
169,spotify:artist:1Eqmku5RGosz51zTCZFgDi,spotify:artist:25bvQC4jyyFUce6jbzNlwb,3
170,spotify:artist:1Eqmku5RGosz51zTCZFgDi,spotify:artist:5GqAhBdaiG5StP2EHhmw8B,3
171,spotify:artist:1Eqmku5RGosz51zTCZFgDi,spotify:artist:39ZHUueufhIdbW4yu9uODG,3
172,spotify:artist:1Eqmku5RGosz51zTCZFgDi,spotify:artist:4YXRO4slasYnty9nb73LrO,3
173,spotify:artist:1Eqmku5RGosz51zTCZFgDi,spotify:artist:3Kt34aALAZu5GUd3WRqsrZ,3
174,spotify:artist:1Eqmku5RGosz51zTCZFgDi,spotify:artist:6wdvERzX4CUCOXu6hSS95x,3
175,spotify:artist:1Eqmku5RGosz51zTCZFgDi,spotify:artist:2cBh5lVMg222FFuRU7EfDE,3
176,spotify:artist:1Eqmku5RGosz51zTCZFgDi,spotify:artist:0VSi6lAB9txdaW5VEmIx9b,3
177,spotify:artist:1Eqmku5RGosz51zTCZFgDi,spotify:artist:6XCS9JCn56Q252cMOTbeq6,3
178,spotify:artist:1Eqmku5RGosz51zTCZFgDi,spotify:artist:3fWTpVNnrGmdo0jMbsRsRf,3
179,spotify:artist:1Eqmku5RGosz51zTCZFgDi,spotify:artist:3jcHyrPcJhrTMdlthE8p74,3
180,spotify:artist:48I6TLnfZjyLXTqBtQvhgZ,spotify:artist:1iAIMKbNptAohP5KbxuGR0,3
181,spotify:artist:48I6TLnfZjyLXTqBtQvhgZ,spotify:artist:3y0bEcp7VJdtbEnm5ljiuj,3
182,spotify:artist:48I6TLnfZjyLXTqBtQvhgZ,spotify:artist:3fWTpVNnrGmdo0jMbsRsRf,3
183,spotify:artist:48I6TLnfZjyLXTqBtQvhgZ,spotify:artist:6wdvERzX4CUCOXu6hSS95x,3
184,spotify:artist:48I6TLnfZjyLXTqBtQvhgZ,spotify:artist:12EtLdLfJ41vUOoVzPZIUy,3
185,spotify:artist:48I6TLnfZjyLXTqBtQvhgZ,spotify:artist:7edpqbQnGU6YySpab5ItAU,3
186,spotify:artist:48I6TLnfZjyLXTqBtQvhgZ,spotify:artist:2fkmfYw1KeOiDLA6MHDwU8,3
187,spotify:artist:48I6TLnfZjyLXTqBtQvhgZ,spotify:artist:7LP4hiTAVkw3Rtc1hqtLi4,3
188,spotify:artist:48I6TLnfZjyLXTqBtQvhgZ,spotify:artist:3EBRANWwnViQuBrImN61Z1,3
189,spotify:artist:48I6TLnfZjyLXTqBtQvhgZ,spotify:artist:0MoXIHcFwhIWnFgBfdvQ30,3
190,spotify:artist:48I6TLnfZjyLXTqBtQvhgZ,spotify:artist:15qI5w4XJFLRMwOp2VrlD5,3
191,spotify:artist:48I6TLnfZjyLXTqBtQvhgZ,spotify:artist:5jLwURKdEPDvuYnac74s9c,3
192,spotify:artist:48I6TLnfZjyLXTqBtQvhgZ,spotify:artist:7zt6Af78CalxaPDqORfw8L,3
193,spotify:artist:48I6TLnfZjyLXTqBtQvhgZ,spotify:artist:40xbWSB4JPdOkRyuTDy1oP,3
194,spotify:artist:48I6TLnfZjyLXTqBtQvhgZ,spotify:artist:60vX3zLcdKRXvKLITVh5Df,3
195,spotify:artist:48I6TLnfZjyLXTqBtQvhgZ,spotify:artist:1iL8p9yzijWY1XnqVgHF5P,3
196,spotify:artist:48I6TLnfZjyLXTqBtQvhgZ,spotify:artist:7rZNSLWMjTbwdLNskFbzFf,3
197,spotify:artist:48I6TLnfZjyLXTqBtQvhgZ,spotify:artist:7pyhre5oEEFMqcgMEvJY7q,3
198,spotify:artist:48I6TLnfZjyLXTqBtQvhgZ,spotify:artist:37mtx80nMDETlbsq2eFCzc,3
199,spotify:artist:48I6TLnfZjyLXTqBtQvhgZ,spotify:artist:1g5PorBgjWrL60NdotRE6Q,3
200,spotify:artist:6prqlx3RqGdTYsXANXDCR1,spotify:artist:6XCS9JCn56Q252cMOTbeq6,3
201,spotify:artist:6prqlx3RqGdTYsXANXDCR1,spotify:artist:0H0rBbf7vHXO3qh50Wap7y,3
202,spotify:artist:6prqlx3RqGdTYsXANXDCR1,spotify:artist:5UxnCYXggRNdaKBUgPIviq,3
203,spotify:artist:6prqlx3RqGdTYsXANXDCR1,spotify:artist:3Y10boYzeuFCJ4Qgp53w6o,3
204,spotify:artist:6prqlx3RqGdTYsXANXDCR1,spotify:artist:25bvQC4jyyFUce6jbzNlwb,3
205,spotify:artist:6prqlx3RqGdTYsXANXDCR1,spotify:artist:0MoXIHcFwhIWnFgBfdvQ30,3
206,spotify:artist:6prqlx3RqGdTYsXANXDCR1,spotify:artist:4GLJPBj5Cdr9AgLKvLWM4n,3
207,spotify:artist:6prqlx3RqGdTYsXANXDCR1,spotify:artist:5BKsn7SCN2XmbF7apdCpRS,3
208,spotify:artist:6prqlx3RqGdTYsXANXDCR1,spotify:artist:2SdOKxC1sSxEyv8JYERaNe,3
209,spotify:artist:6prqlx3RqGdTYsXANXDCR1,spotify:artist:6l0msaZPAzFDz1UDDv6BV8,3
210,spotify:artist:6prqlx3RqGdTYsXANXDCR1,spotify:artist:2cBh5lVMg222FFuRU7EfDE,3
211,spotify:artist:6prqlx3RqGdTYsXANXDCR1,spotify:artist:60vX3zLcdKRXvKLITVh5Df,3
212,spotify:artist:6prqlx3RqGdTYsXANXDCR1,spotify:artist:7y8lzaGqtadGmtAtg2SGv4,3
213,spotify:artist:6prqlx3RqGdTYsXANXDCR1,spotify:artist:3qwabfaWewpfli7hMNM3O8,3
214,spotify:artist:6prqlx3RqGdTYsXANXDCR1,spotify:artist:4RVnAU35WRWra6OZ3CbbMA,3
215,spotify:artist:6prqlx3RqGdTYsXANXDCR1,spotify:artist:4k2ggpJpzdQHCBQ84f1jBy,3
216,spotify:artist:6prqlx3RqGdTYsXANXDCR1,spotify:artist:6UE7nl9mha6s8z0wFQFIZ2,3
217,spotify:artist:6prqlx3RqGdTYsXANXDCR1,spotify:artist:2U6gqwyl9F33YxawnFrZG7,3
218,spotify:artist:6prqlx3RqGdTYsXANXDCR1,spotify:artist:3K2zB87GZv1krx031en5VA,3
219,spotify:artist:6prqlx3RqGdTYsXANXDCR1,spotify:artist:2AEEnr6Le5zHzBwpnlZSmq,3
220,spotify:artist:3qwabfaWewpfli7hMNM3O8,spotify:artist:5BKsn7SCN2XmbF7apdCpRS,3
221,spotify:artist:3qwabfaWewpfli7hMNM3O8,spotify:artist:4aaBjq7VqqQvpSF69GglvO,3
222,spotify:artist:3qwabfaWewpfli7hMNM3O8,spotify:artist:0MoXIHcFwhIWnFgBfdvQ30,3
223,spotify:artist:3qwabfaWewpfli7hMNM3O8,spotify:artist:7zt6Af78CalxaPDqORfw8L,3
224,spotify:artist:3qwabfaWewpfli7hMNM3O8,spotify:artist:6UOcY6w4K6Ek5Lw5rFDHdP,3
225,spotify:artist:3qwabfaWewpfli7hMNM3O8,spotify:artist:7y8lzaGqtadGmtAtg2SGv4,3
226,spotify:artist:3qwabfaWewpfli7hMNM3O8,spotify:artist:1WHoAjAWGx5qLsgzpaOk7W,3
227,spotify:artist:3qwabfaWewpfli7hMNM3O8,spotify:artist:7eQZTqEMozBcuSubfu52i4,3
228,spotify:artist:3qwabfaWewpfli7hMNM3O8,spotify:artist:0ucLPotcQNI7AViFytdhBz,3
229,spotify:artist:3qwabfaWewpfli7hMNM3O8,spotify:artist:6l77PmL5iuEEcYjGl8K6s7,3
230,spotify:artist:3qwabfaWewpfli7hMNM3O8,spotify:artist:3K2zB87GZv1krx031en5VA,3
231,spotify:artist:3qwabfaWewpfli7hMNM3O8,spotify:artist:6Tyzp9KzpiZ04DABQoedps,3
232,spotify:artist:3qwabfaWewpfli7hMNM3O8,spotify:artist:5sL9uDMwceYHPknnCLAAwJ,3
233,spotify:artist:3qwabfaWewpfli7hMNM3O8,spotify:artist:0H0rBbf7vHXO3qh50Wap7y,3
234,spotify:artist:3qwabfaWewpfli7hMNM3O8,spotify:artist:7w29UYBi0qsHi5RTcv3lmA,3
235,spotify:artist:3qwabfaWewpfli7hMNM3O8,spotify:artist:5hE6NCoobhyEu6TRSbjOJY,3
236,spotify:artist:3qwabfaWewpfli7hMNM3O8,spotify:artist:7qHOphlWaJrfFa0BqpayDG,3
237,spotify:artist:3qwabfaWewpfli7hMNM3O8,spotify:artist:6UE7nl9mha6s8z0wFQFIZ2,3
238,spotify:artist:3qwabfaWewpfli7hMNM3O8,spotify:artist:7xFnmid57ZE6iWEXdEXO3b,3
239,spotify:artist:3qwabfaWewpfli7hMNM3O8,spotify:artist:2f9ZiYA2ic1r1voObUimdd,3
240,spotify:artist:2U6gqwyl9F33YxawnFrZG7,spotify:artist:1XgFuvRd7r5g0h844A5ZUQ,3
241,spotify:artist:2U6gqwyl9F33YxawnFrZG7,spotify:artist:17UkABEasVRlCcIFZ3wHb7,3
242,spotify:artist:2U6gqwyl9F33YxawnFrZG7,spotify:artist:12EtLdLfJ41vUOoVzPZIUy,3
243,spotify:artist:2U6gqwyl9F33YxawnFrZG7,spotify:artist:7rZNSLWMjTbwdLNskFbzFf,3
244,spotify:artist:2U6gqwyl9F33YxawnFrZG7,spotify:artist:3ZcbVcd3fsf9qKK02UVzGB,3
245,spotify:artist:2U6gqwyl9F33YxawnFrZG7,spotify:artist:3nlHsNqwCSvT988ZfSW1Yh,3
246,spotify:artist:2U6gqwyl9F33YxawnFrZG7,spotify:artist:4nNwfeVaNJlfz8RdCT5MJO,3
247,spotify:artist:2U6gqwyl9F33YxawnFrZG7,spotify:artist:11hIqBsGRPztdjBHCSLClX,3
248,spotify:artist:2U6gqwyl9F33YxawnFrZG7,spotify:artist:6JMHws5haIO6V35YNYDnDw,3
249,spotify:artist:2U6gqwyl9F33YxawnFrZG7,spotify:artist:5TDVKqW9uhqGjwwwKGuma4,3
250,spotify:artist:2U6gqwyl9F33YxawnFrZG7,spotify:artist:60vX3zLcdKRXvKLITVh5Df,3
251,spotify:artist:2U6gqwyl9F33YxawnFrZG7,spotify:artist:2AEEnr6Le5zHzBwpnlZSmq,3
252,spotify:artist:2U6gqwyl9F33YxawnFrZG7,spotify:artist:6X9aYHnQ75YI8o08aoa0iS,3
253,spotify:artist:2U6gqwyl9F33YxawnFrZG7,spotify:artist:15qI5w4XJFLRMwOp2VrlD5,3
254,spotify:artist:2U6gqwyl9F33YxawnFrZG7,spotify:artist:1kM5rgJvkiDMOoKX56H6pX,3
255,spotify:artist:2U6gqwyl9F33YxawnFrZG7,spotify:artist:6htUPs3clIStnkvg5jimKZ,3
256,spotify:artist:2U6gqwyl9F33YxawnFrZG7,spotify:artist:7uztWv5UVx4hwcJXCtRyDV,3
257,spotify:artist:2U6gqwyl9F33YxawnFrZG7,spotify:artist:6edGSAX5dVpeJVwu1Q0NwJ,3
258,spotify:artist:2U6gqwyl9F33YxawnFrZG7,spotify:artist:7rftfGIYEeZ79sLb58ZBDi,3
259,spotify:artist:2U6gqwyl9F33YxawnFrZG7,spotify:artist:6yZoNdsPrYLviaEOOzbZt8,3
260,spotify:artist:6XCS9JCn56Q252cMOTbeq6,spotify:artist:7gRmesSjINzb4xXApfMV5E,3
261,spotify:artist:6XCS9JCn56Q252cMOTbeq6,spotify:artist:7LP4hiTAVkw3Rtc1hqtLi4,3
262,spotify:artist:6XCS9JCn56Q252cMOTbeq6,spotify:artist:44h2oaMjofGcXfryCCVzhV,3
263,spotify:artist:6XCS9JCn56Q252cMOTbeq6,spotify:artist:5orH1OWgjAYUX8sZ5gihTv,3
264,spotify:artist:6XCS9JCn56Q252cMOTbeq6,spotify:artist:2AEEnr6Le5zHzBwpnlZSmq,3
265,spotify:artist:6XCS9JCn56Q252cMOTbeq6,spotify:artist:3RjnAn8EWb7zaLlGWVxQeP,3
266,spotify:artist:6XCS9JCn56Q252cMOTbeq6,spotify:artist:60vX3zLcdKRXvKLITVh5Df,3
267,spotify:artist:6XCS9JCn56Q252cMOTbeq6,spotify:artist:54w1dJI7MTjkRGNfGuu2fc,3
268,spotify:artist:6XCS9JCn56Q252cMOTbeq6,spotify:artist:6htUPs3clIStnkvg5jimKZ,3
269,spotify:artist:6XCS9JCn56Q252cMOTbeq6,spotify:artist:17UkABEasVRlCcIFZ3wHb7,3
270,spotify:artist:6XCS9JCn56Q252cMOTbeq6,spotify:artist:2cBh5lVMg222FFuRU7EfDE,3
271,spotify:artist:6XCS9JCn56Q252cMOTbeq6,spotify:artist:3fWTpVNnrGmdo0jMbsRsRf,3
272,spotify:artist:6XCS9JCn56Q252cMOTbeq6,spotify:artist:12EtLdLfJ41vUOoVzPZIUy,3
273,spotify:artist:6XCS9JCn56Q252cMOTbeq6,spotify:artist:27ul3mOdPyXZEtI17EjCWa,3
274,spotify:artist:6XCS9JCn56Q252cMOTbeq6,spotify:artist:7zt6Af78CalxaPDqORfw8L,3
275,spotify:artist:6XCS9JCn56Q252cMOTbeq6,spotify:artist:7edpqbQnGU6YySpab5ItAU,3
276,spotify:artist:6XCS9JCn56Q252cMOTbeq6,spotify:artist:7rZNSLWMjTbwdLNskFbzFf,3
277,spotify:artist:6XCS9JCn56Q252cMOTbeq6,spotify:artist:25tu0d8Po5c4IVXsZnXUU8,3
278,spotify:artist:6XCS9JCn56Q252cMOTbeq6,spotify:artist:5TDVKqW9uhqGjwwwKGuma4,3
279,spotify:artist:6XCS9JCn56Q252cMOTbeq6,spotify:artist:48I6TLnfZjyLXTqBtQvhgZ,3
280,spotify:artist:7Defmv25Kj9knpobhHIghm,spotify:artist:5S2oc3f44h29wPBZzNycKF,3
281,spotify:artist:7Defmv25Kj9knpobhHIghm,spotify:artist:71k6SmcYKiIPq8M2RxK2Jr,3
282,spotify:artist:7Defmv25Kj9knpobhHIghm,spotify:artist:7c7ZeiPKWHf2E1rsf1P4VF,3
283,spotify:artist:7Defmv25Kj9knpobhHIghm,spotify:artist:028xhPwqtWva4J0MkFHY2x,3
284,spotify:artist:7Defmv25Kj9knpobhHIghm,spotify:artist:3DUcyOjqFfZ67aEULlZ0CE,3
285,spotify:artist:7Defmv25Kj9knpobhHIghm,spotify:artist:2ytaRjGwyS3veZwsmr0SPj,3
286,spotify:artist:7Defmv25Kj9knpobhHIghm,spotify:artist:14nVYgOiwVBJIEATXIDYC8,3
287,spotify:artist:7Defmv25Kj9knpobhHIghm,spotify:artist:0XuMowqsbFr0TmhOHfmWuc,3
288,spotify:artist:7Defmv25Kj9knpobhHIghm,spotify:artist:7c1rIwBQdZMoJD4VE9luoS,3
289,spotify:artist:7Defmv25Kj9knpobhHIghm,spotify:artist:0thQkzSyTo4l3zbpibZznQ,3
290,spotify:artist:7Defmv25Kj9knpobhHIghm,spotify:artist:3k785W4GFDnZfTortQlhMA,3
291,spotify:artist:7Defmv25Kj9knpobhHIghm,spotify:artist:5c87r0Kx3oXwyBkMFCdZtJ,3
292,spotify:artist:7Defmv25Kj9knpobhHIghm,spotify:artist:6v8pFbihIDnlV6freVYMmZ,3
293,spotify:artist:7Defmv25Kj9knpobhHIghm,spotify:artist:2tNnhfyBpjjEQEZywjlsCb,3
294,spotify:artist:7Defmv25Kj9knpobhHIghm,spotify:artist:1M0dufGcezQSWNroSSQcK5,3
295,spotify:artist:7Defmv25Kj9knpobhHIghm,spotify:artist:27eEve8Mu7Zv8DGDIz4peE,3
296,spotify:artist:7Defmv25Kj9knpobhHIghm,spotify:artist:7xSP5ABX7IOegINeUtUVay,3
297,spotify:artist:7Defmv25Kj9knpobhHIghm,spotify:artist:0nYStwwY321ISCu6BGJq98,3
298,spotify:artist:7Defmv25Kj9knpobhHIghm,spotify:artist:3zDRCqOhJXJfS2YWOEwGMC,3
299,spotify:artist:7Defmv25Kj9knpobhHIghm,spotify:artist:11BUDylkl50Y6dsbZMZiCG,3
300,spotify:artist:4YXRO4slasYnty9nb73LrO,spotify:artist:5GqAhBdaiG5StP2EHhmw8B,3
301,spotify:artist:4YXRO4slasYnty9nb73LrO,spotify:artist:5VsOThWOagH8C8gCvIy13k,3
302,spotify:artist:4YXRO4slasYnty9nb73LrO,spotify:artist:0Z5pcmXDCKTrFWLnDChC37,3
303,spotify:artist:4YXRO4slasYnty9nb73LrO,spotify:artist:6G5wDM1Vmsscql7qRtcLH0,3
304,spotify:artist:4YXRO4slasYnty9nb73LrO,spotify:artist:2Vhc7Y0Kc6HzMC6glKM4h6,3
305,spotify:artist:4YXRO4slasYnty9nb73LrO,spotify:artist:4M2H1fDQR5ygAi7MMOVxAA,3
306,spotify:artist:4YXRO4slasYnty9nb73LrO,spotify:artist:3Kt34aALAZu5GUd3WRqsrZ,3
307,spotify:artist:4YXRO4slasYnty9nb73LrO,spotify:artist:2fkmfYw1KeOiDLA6MHDwU8,3
308,spotify:artist:4YXRO4slasYnty9nb73LrO,spotify:artist:2tGIh9kwbXuko0z3BTldBx,3
309,spotify:artist:4YXRO4slasYnty9nb73LrO,spotify:artist:25w2vpqq7dYleBAqMx7Ijx,3
310,spotify:artist:4YXRO4slasYnty9nb73LrO,spotify:artist:0MoXIHcFwhIWnFgBfdvQ30,3
311,spotify:artist:4YXRO4slasYnty9nb73LrO,spotify:artist:4FTDSkWpchgZy2axPEGDJW,3
312,spotify:artist:4YXRO4slasYnty9nb73LrO,spotify:artist:0VSi6lAB9txdaW5VEmIx9b,3
313,spotify:artist:4YXRO4slasYnty9nb73LrO,spotify:artist:1WHoAjAWGx5qLsgzpaOk7W,3
314,spotify:artist:4YXRO4slasYnty9nb73LrO,spotify:artist:5s1MYt4IRlnpon0BWc7R8p,3
315,spotify:artist:4YXRO4slasYnty9nb73LrO,spotify:artist:3jcHyrPcJhrTMdlthE8p74,3
316,spotify:artist:4YXRO4slasYnty9nb73LrO,spotify:artist:148ujrGRexnhpqhRiw0rDi,3
317,spotify:artist:4YXRO4slasYnty9nb73LrO,spotify:artist:4EENT7N7rCBwrddM3s0vFS,3
318,spotify:artist:4YXRO4slasYnty9nb73LrO,spotify:artist:2fBURuq7FrlH6z5F92mpOl,3
319,spotify:artist:4YXRO4slasYnty9nb73LrO,spotify:artist:6fXEqmGQEt6ONuqVmwrN46,3
320,spotify:artist:58FAQGIDRMXK5AsxJu9YNp,spotify:artist:2YoYDF80se1baOnPA7T6Pm,3
321,spotify:artist:58FAQGIDRMXK5AsxJu9YNp,spotify:artist:37mtx80nMDETlbsq2eFCzc,3
322,spotify:artist:58FAQGIDRMXK5AsxJu9YNp,spotify:artist:2U6gqwyl9F33YxawnFrZG7,3
323,spotify:artist:58FAQGIDRMXK5AsxJu9YNp,spotify:artist:48I6TLnfZjyLXTqBtQvhgZ,3
324,spotify:artist:58FAQGIDRMXK5AsxJu9YNp,spotify:artist:1iL8p9yzijWY1XnqVgHF5P,3
325,spotify:artist:58FAQGIDRMXK5AsxJu9YNp,spotify:artist:25bvQC4jyyFUce6jbzNlwb,3
326,spotify:artist:58FAQGIDRMXK5AsxJu9YNp,spotify:artist:0CrCKxXekxMpkYfMEf8mca,3
327,spotify:artist:58FAQGIDRMXK5AsxJu9YNp,spotify:artist:60vX3zLcdKRXvKLITVh5Df,3
328,spotify:artist:58FAQGIDRMXK5AsxJu9YNp,spotify:artist:4fwuXg6XQHfdlOdmw36OHa,3
329,spotify:artist:58FAQGIDRMXK5AsxJu9YNp,spotify:artist:12EtLdLfJ41vUOoVzPZIUy,3
330,spotify:artist:58FAQGIDRMXK5AsxJu9YNp,spotify:artist:2cBh5lVMg222FFuRU7EfDE,3
331,spotify:artist:58FAQGIDRMXK5AsxJu9YNp,spotify:artist:2fkmfYw1KeOiDLA6MHDwU8,3
332,spotify:artist:58FAQGIDRMXK5AsxJu9YNp,spotify:artist:7nDsS0l5ZAzMedVRKPP8F1,3
333,spotify:artist:58FAQGIDRMXK5AsxJu9YNp,spotify:artist:7edpqbQnGU6YySpab5ItAU,3
334,spotify:artist:58FAQGIDRMXK5AsxJu9YNp,spotify:artist:0MoXIHcFwhIWnFgBfdvQ30,3
335,spotify:artist:58FAQGIDRMXK5AsxJu9YNp,spotify:artist:6XCS9JCn56Q252cMOTbeq6,3
336,spotify:artist:58FAQGIDRMXK5AsxJu9YNp,spotify:artist:39ZHUueufhIdbW4yu9uODG,3
337,spotify:artist:58FAQGIDRMXK5AsxJu9YNp,spotify:artist:1qpR5mURxk3d8f6mww6uKT,3
338,spotify:artist:58FAQGIDRMXK5AsxJu9YNp,spotify:artist:27ul3mOdPyXZEtI17EjCWa,3
339,spotify:artist:58FAQGIDRMXK5AsxJu9YNp,spotify:artist:15qI5w4XJFLRMwOp2VrlD5,3
340,spotify:artist:60vX3zLcdKRXvKLITVh5Df,spotify:artist:2AEEnr6Le5zHzBwpnlZSmq,3
341,spotify:artist:60vX3zLcdKRXvKLITVh5Df,spotify:artist:7rZNSLWMjTbwdLNskFbzFf,3
342,spotify:artist:60vX3zLcdKRXvKLITVh5Df,spotify:artist:5orH1OWgjAYUX8sZ5gihTv,3
343,spotify:artist:60vX3zLcdKRXvKLITVh5Df,spotify:artist:54w1dJI7MTjkRGNfGuu2fc,3
344,spotify:artist:60vX3zLcdKRXvKLITVh5Df,spotify:artist:2vJU4d2jRQb4zJJIQRkyDB,3
345,spotify:artist:60vX3zLcdKRXvKLITVh5Df,spotify:artist:7gRmesSjINzb4xXApfMV5E,3
346,spotify:artist:60vX3zLcdKRXvKLITVh5Df,spotify:artist:7LP4hiTAVkw3Rtc1hqtLi4,3
347,spotify:artist:60vX3zLcdKRXvKLITVh5Df,spotify:artist:12EtLdLfJ41vUOoVzPZIUy,3
348,spotify:artist:60vX3zLcdKRXvKLITVh5Df,spotify:artist:0uq5PttqEjj3IH1bzwcrXF,3
349,spotify:artist:60vX3zLcdKRXvKLITVh5Df,spotify:artist:5TDVKqW9uhqGjwwwKGuma4,3
350,spotify:artist:60vX3zLcdKRXvKLITVh5Df,spotify:artist:3RjnAn8EWb7zaLlGWVxQeP,3
351,spotify:artist:60vX3zLcdKRXvKLITVh5Df,spotify:artist:3fWTpVNnrGmdo0jMbsRsRf,3
352,spotify:artist:60vX3zLcdKRXvKLITVh5Df,spotify:artist:0dlOr0VIysztGWvU1dpjmP,3
353,spotify:artist:60vX3zLcdKRXvKLITVh5Df,spotify:artist:6JMHws5haIO6V35YNYDnDw,3
354,spotify:artist:60vX3zLcdKRXvKLITVh5Df,spotify:artist:6XCS9JCn56Q252cMOTbeq6,3
355,spotify:artist:60vX3zLcdKRXvKLITVh5Df,spotify:artist:7L12TqJ0fbwtFljTbwfwRI,3
356,spotify:artist:60vX3zLcdKRXvKLITVh5Df,spotify:artist:2U6gqwyl9F33YxawnFrZG7,3
357,spotify:artist:60vX3zLcdKRXvKLITVh5Df,spotify:artist:17UkABEasVRlCcIFZ3wHb7,3
358,spotify:artist:60vX3zLcdKRXvKLITVh5Df,spotify:artist:6htUPs3clIStnkvg5jimKZ,3
359,spotify:artist:60vX3zLcdKRXvKLITVh5Df,spotify:artist:15qI5w4XJFLRMwOp2VrlD5,3
360,spotify:artist:7bFb3qT35kK9wSeZZ7pwCj,spotify:artist:25bvQC4jyyFUce6jbzNlwb,3
361,spotify:artist:7bFb3qT35kK9wSeZZ7pwCj,spotify:artist:0t3QQl52F463sxGXb1ckhB,3
362,spotify:artist:7bFb3qT35kK9wSeZZ7pwCj,spotify:artist:5OyEfwMlXpCWU8dWVENGgm,3
363,spotify:artist:7bFb3qT35kK9wSeZZ7pwCj,spotify:artist:726Dh6A5VyDfAAQxilT6A0,3
364,spotify:artist:7bFb3qT35kK9wSeZZ7pwCj,spotify:artist:202HZzqKvPsMHcbwnDZx7u,3
365,spotify:artist:7bFb3qT35kK9wSeZZ7pwCj,spotify:artist:5XCujjq919BFXTnjyyDpiE,3
366,spotify:artist:7bFb3qT35kK9wSeZZ7pwCj,spotify:artist:5Lm1CMoa8VOCBCLZesAcvc,3
367,spotify:artist:7bFb3qT35kK9wSeZZ7pwCj,spotify:artist:27JBxkG7ZzA9eW9dZPO95t,3
368,spotify:artist:7bFb3qT35kK9wSeZZ7pwCj,spotify:artist:50VoYemccTaftNfFqWtlXd,3
369,spotify:artist:7bFb3qT35kK9wSeZZ7pwCj,spotify:artist:693lRFCUH8BNpURQO9RMpt,3
370,spotify:artist:7bFb3qT35kK9wSeZZ7pwCj,spotify:artist:2tg1rWk2rWaltTk0baRjRu,3
371,spotify:artist:7bFb3qT35kK9wSeZZ7pwCj,spotify:artist:4tT8fWyOy0hVI7jo9fJmXX,3
372,spotify:artist:7bFb3qT35kK9wSeZZ7pwCj,spotify:artist:0wnYgCeP013HkKoOyC5V32,3
373,spotify:artist:7bFb3qT35kK9wSeZZ7pwCj,spotify:artist:4j0K5gPOQZYpiaz3vc9dzx,3
374,spotify:artist:7bFb3qT35kK9wSeZZ7pwCj,spotify:artist:6prqlx3RqGdTYsXANXDCR1,3
375,spotify:artist:7bFb3qT35kK9wSeZZ7pwCj,spotify:artist:33hAj1SghVYxDAxZxNDcyc,3
376,spotify:artist:7bFb3qT35kK9wSeZZ7pwCj,spotify:artist:5UxnCYXggRNdaKBUgPIviq,3
377,spotify:artist:7bFb3qT35kK9wSeZZ7pwCj,spotify:artist:3xPCFC8f7U3raEXOXQ3MrE,3
378,spotify:artist:7bFb3qT35kK9wSeZZ7pwCj,spotify:artist:5712BvYQ5m5Wcah576OFH4,3
379,spotify:artist:7bFb3qT35kK9wSeZZ7pwCj,spotify:artist:0ZUvK7zGdXLd78mQr3t1Tw,3
380,spotify:artist:2cBh5lVMg222FFuRU7EfDE,spotify:artist:2AEEnr6Le5zHzBwpnlZSmq,3
381,spotify:artist:2cBh5lVMg222FFuRU7EfDE,spotify:artist:7zt6Af78CalxaPDqORfw8L,3
382,spotify:artist:2cBh5lVMg222FFuRU7EfDE,spotify:artist:7LP4hiTAVkw3Rtc1hqtLi4,3
383,spotify:artist:2cBh5lVMg222FFuRU7EfDE,spotify:artist:5orH1OWgjAYUX8sZ5gihTv,3
384,spotify:artist:2cBh5lVMg222FFuRU7EfDE,spotify:artist:12EtLdLfJ41vUOoVzPZIUy,3
385,spotify:artist:2cBh5lVMg222FFuRU7EfDE,spotify:artist:6XCS9JCn56Q252cMOTbeq6,3
386,spotify:artist:2cBh5lVMg222FFuRU7EfDE,spotify:artist:7gRmesSjINzb4xXApfMV5E,3
387,spotify:artist:2cBh5lVMg222FFuRU7EfDE,spotify:artist:60vX3zLcdKRXvKLITVh5Df,3
388,spotify:artist:2cBh5lVMg222FFuRU7EfDE,spotify:artist:7rZNSLWMjTbwdLNskFbzFf,3
389,spotify:artist:2cBh5lVMg222FFuRU7EfDE,spotify:artist:5TDVKqW9uhqGjwwwKGuma4,3
390,spotify:artist:2cBh5lVMg222FFuRU7EfDE,spotify:artist:48I6TLnfZjyLXTqBtQvhgZ,3
391,spotify:artist:2cBh5lVMg222FFuRU7EfDE,spotify:artist:4RVnAU35WRWra6OZ3CbbMA,3
392,spotify:artist:2cBh5lVMg222FFuRU7EfDE,spotify:artist:3RjnAn8EWb7zaLlGWVxQeP,3
393,spotify:artist:2cBh5lVMg222FFuRU7EfDE,spotify:artist:6htUPs3clIStnkvg5jimKZ,3
394,spotify:artist:2cBh5lVMg222FFuRU7EfDE,spotify:artist:0MoXIHcFwhIWnFgBfdvQ30,3
395,spotify:artist:2cBh5lVMg222FFuRU7EfDE,spotify:artist:2U6gqwyl9F33YxawnFrZG7,3
396,spotify:artist:2cBh5lVMg222FFuRU7EfDE,spotify:artist:49H2dQUNhIlso7VNkS8nFR,3
397,spotify:artist:2cBh5lVMg222FFuRU7EfDE,spotify:artist:17UkABEasVRlCcIFZ3wHb7,3
398,spotify:artist:2cBh5lVMg222FFuRU7EfDE,spotify:artist:3fWTpVNnrGmdo0jMbsRsRf,3
399,spotify:artist:2cBh5lVMg222FFuRU7EfDE,spotify:artist:0dlOr0VIysztGWvU1dpjmP,3
400,spotify:artist:5jfX2ZAoQiLcqVuBw5c7ko,spotify:artist:4WDNNDeqHv5AoZ7j0RXAyE,3
401,spotify:artist:5jfX2ZAoQiLcqVuBw5c7ko,spotify:artist:3CS5AomOBWpyOMm2r53tDI,3
402,spotify:artist:5jfX2ZAoQiLcqVuBw5c7ko,spotify:artist:4QAb4rESLS1giPtlpXnziG,3
403,spotify:artist:5jfX2ZAoQiLcqVuBw5c7ko,spotify:artist:43pUCMY9rbXAaW5pAdIdPI,3
404,spotify:artist:5jfX2ZAoQiLcqVuBw5c7ko,spotify:artist:5PQdtbRVhbEW4xnnkS1jFa,3
405,spotify:artist:5jfX2ZAoQiLcqVuBw5c7ko,spotify:artist:6lvSbA7qMiXfSyLVmGOMrA,3
406,spotify:artist:5jfX2ZAoQiLcqVuBw5c7ko,spotify:artist:0TzaHjcLavIpy1JXy4ao68,3
407,spotify:artist:5jfX2ZAoQiLcqVuBw5c7ko,spotify:artist:28li5ILN3Mm2bOHWz0rauW,3
408,spotify:artist:5jfX2ZAoQiLcqVuBw5c7ko,spotify:artist:2cpENaH8uK2lEeRhTN0Nzy,3
409,spotify:artist:5jfX2ZAoQiLcqVuBw5c7ko,spotify:artist:0sEMCo5APgoxH5d7Lp8dK2,3
410,spotify:artist:5jfX2ZAoQiLcqVuBw5c7ko,spotify:artist:0UZXj0hvBmBsE4AIe0GsFe,3
411,spotify:artist:5jfX2ZAoQiLcqVuBw5c7ko,spotify:artist:6BcVCrSAhQO3Et7ssCk4oN,3
412,spotify:artist:5jfX2ZAoQiLcqVuBw5c7ko,spotify:artist:7CZB43q8ajdb5zUiCazkIx,3
413,spotify:artist:5jfX2ZAoQiLcqVuBw5c7ko,spotify:artist:6N4047NDKvUNLaL7j0S3Ae,3
414,spotify:artist:5jfX2ZAoQiLcqVuBw5c7ko,spotify:artist:6PSVgOovw9aDkBgh2zcyKl,3
415,spotify:artist:5jfX2ZAoQiLcqVuBw5c7ko,spotify:artist:1Z1IQZpA7AjUxz4hZRb4me,3
416,spotify:artist:5jfX2ZAoQiLcqVuBw5c7ko,spotify:artist:1gTcxM7ZV6CiFtjIF7TGQ2,3
417,spotify:artist:5jfX2ZAoQiLcqVuBw5c7ko,spotify:artist:2COh4pNzrR9PzGII1tpZoB,3
418,spotify:artist:5jfX2ZAoQiLcqVuBw5c7ko,spotify:artist:5BN5Uywy6N8nWwmIB7Jr7A,3
419,spotify:artist:5jfX2ZAoQiLcqVuBw5c7ko,spotify:artist:76hN8mH2S97sy4OjjzVs6W,3
420,spotify:artist:4WDNNDeqHv5AoZ7j0RXAyE,spotify:artist:5jfX2ZAoQiLcqVuBw5c7ko,3
421,spotify:artist:4WDNNDeqHv5AoZ7j0RXAyE,spotify:artist:3CS5AomOBWpyOMm2r53tDI,3
422,spotify:artist:4WDNNDeqHv5AoZ7j0RXAyE,spotify:artist:0TzaHjcLavIpy1JXy4ao68,3
423,spotify:artist:4WDNNDeqHv5AoZ7j0RXAyE,spotify:artist:7flUSA4zO3iXmPatKRNI53,3
424,spotify:artist:4WDNNDeqHv5AoZ7j0RXAyE,spotify:artist:28li5ILN3Mm2bOHWz0rauW,3
425,spotify:artist:4WDNNDeqHv5AoZ7j0RXAyE,spotify:artist:29IK3xMFyz4R6EgE9uRyAm,3
426,spotify:artist:4WDNNDeqHv5AoZ7j0RXAyE,spotify:artist:4ky35fBYrjbVpZUgnTcJl8,3
427,spotify:artist:4WDNNDeqHv5AoZ7j0RXAyE,spotify:artist:4QAb4rESLS1giPtlpXnziG,3
428,spotify:artist:4WDNNDeqHv5AoZ7j0RXAyE,spotify:artist:5VjtKURYU9IyyZpYVhz1ka,3
429,spotify:artist:4WDNNDeqHv5AoZ7j0RXAyE,spotify:artist:1Bywk4guQlRCG1HYib9mTF,3
430,spotify:artist:4WDNNDeqHv5AoZ7j0RXAyE,spotify:artist:6SMrVjW6xh8lssRHiKwGuC,3
431,spotify:artist:4WDNNDeqHv5AoZ7j0RXAyE,spotify:artist:1gTcxM7ZV6CiFtjIF7TGQ2,3
432,spotify:artist:4WDNNDeqHv5AoZ7j0RXAyE,spotify:artist:0j6w8JsaZsx5Vs3qECKnAx,3
433,spotify:artist:4WDNNDeqHv5AoZ7j0RXAyE,spotify:artist:0UZXj0hvBmBsE4AIe0GsFe,3
434,spotify:artist:4WDNNDeqHv5AoZ7j0RXAyE,spotify:artist:2Q3G6QH742CWVrhNEOdUzo,3
435,spotify:artist:4WDNNDeqHv5AoZ7j0RXAyE,spotify:artist:6cTHUvgLPScdIs7tGBXVcn,3
436,spotify:artist:4WDNNDeqHv5AoZ7j0RXAyE,spotify:artist:6lvSbA7qMiXfSyLVmGOMrA,3
437,spotify:artist:4WDNNDeqHv5AoZ7j0RXAyE,spotify:artist:2fCyvnDEdnRubsGvtQFhMX,3
438,spotify:artist:4WDNNDeqHv5AoZ7j0RXAyE,spotify:artist:5PQdtbRVhbEW4xnnkS1jFa,3
439,spotify:artist:4WDNNDeqHv5AoZ7j0RXAyE,spotify:artist:0pJylJJxz3CAT37gBtFcjj,3
440,spotify:artist:6KK4IApPdBRetEiRCristd,spotify:artist:5vd6LsybGjYQrKMe1QSdix,3
441,spotify:artist:6KK4IApPdBRetEiRCristd,spotify:artist:0QJrZLDutksKmzhvvB0VQr,3
442,spotify:artist:6KK4IApPdBRetEiRCristd,spotify:artist:7si7N5XIsIH6PyGhamfF8e,3
443,spotify:artist:6KK4IApPdBRetEiRCristd,spotify:artist:1UvHiSGuGW2qenVe4TTvKA,3
444,spotify:artist:6KK4IApPdBRetEiRCristd,spotify:artist:6MtOpoxEOshj3sjISdxg9Z,3
445,spotify:artist:6KK4IApPdBRetEiRCristd,spotify:artist:32ovJ67AxXydzmuYbuflOp,3
446,spotify:artist:6KK4IApPdBRetEiRCristd,spotify:artist:29IK3xMFyz4R6EgE9uRyAm,3
447,spotify:artist:6KK4IApPdBRetEiRCristd,spotify:artist:1yLBEXfJjZxL2ttN5c0nRk,3
448,spotify:artist:6KK4IApPdBRetEiRCristd,spotify:artist:2COh4pNzrR9PzGII1tpZoB,3
449,spotify:artist:6KK4IApPdBRetEiRCristd,spotify:artist:1W4RYXlGQQNxMPgP8fWxqF,3
450,spotify:artist:6KK4IApPdBRetEiRCristd,spotify:artist:72MmmQJccckGijuruZ6Spb,3
451,spotify:artist:6KK4IApPdBRetEiRCristd,spotify:artist:4ky35fBYrjbVpZUgnTcJl8,3
452,spotify:artist:6KK4IApPdBRetEiRCristd,spotify:artist:0DVkzOdETCnZlBMIfRWSt7,3
453,spotify:artist:6KK4IApPdBRetEiRCristd,spotify:artist:6HF6oBtBSHvORTuhUnRGas,3
454,spotify:artist:6KK4IApPdBRetEiRCristd,spotify:artist:6SMrVjW6xh8lssRHiKwGuC,3
455,spotify:artist:6KK4IApPdBRetEiRCristd,spotify:artist:3CS5AomOBWpyOMm2r53tDI,3
456,spotify:artist:6KK4IApPdBRetEiRCristd,spotify:artist:7bVMGgM5YC8hlw6BYulg8b,3
457,spotify:artist:6KK4IApPdBRetEiRCristd,spotify:artist:0j6w8JsaZsx5Vs3qECKnAx,3
458,spotify:artist:6KK4IApPdBRetEiRCristd,spotify:artist:5tUYqMn7b1liNQAFR5ufV8,3
459,spotify:artist:6KK4IApPdBRetEiRCristd,spotify:artist:0bNB5N6QDcUxunqvvXvyOY,3
460,spotify:artist:0TzaHjcLavIpy1JXy4ao68,spotify:artist:4WDNNDeqHv5AoZ7j0RXAyE,3
461,spotify:artist:0TzaHjcLavIpy1JXy4ao68,spotify:artist:3CS5AomOBWpyOMm2r53tDI,3
462,spotify:artist:0TzaHjcLavIpy1JXy4ao68,spotify:artist:4QAb4rESLS1giPtlpXnziG,3
463,spotify:artist:0TzaHjcLavIpy1JXy4ao68,spotify:artist:5jfX2ZAoQiLcqVuBw5c7ko,3
464,spotify:artist:0TzaHjcLavIpy1JXy4ao68,spotify:artist:5ZgInTTIxvjIhjljEkFwI7,3
465,spotify:artist:0TzaHjcLavIpy1JXy4ao68,spotify:artist:6KK4IApPdBRetEiRCristd,3
466,spotify:artist:0TzaHjcLavIpy1JXy4ao68,spotify:artist:6cTHUvgLPScdIs7tGBXVcn,3
467,spotify:artist:0TzaHjcLavIpy1JXy4ao68,spotify:artist:28li5ILN3Mm2bOHWz0rauW,3
468,spotify:artist:0TzaHjcLavIpy1JXy4ao68,spotify:artist:6SMrVjW6xh8lssRHiKwGuC,3
469,spotify:artist:0TzaHjcLavIpy1JXy4ao68,spotify:artist:1Bywk4guQlRCG1HYib9mTF,3
470,spotify:artist:0TzaHjcLavIpy1JXy4ao68,spotify:artist:29IK3xMFyz4R6EgE9uRyAm,3
471,spotify:artist:0TzaHjcLavIpy1JXy4ao68,spotify:artist:2Q3G6QH742CWVrhNEOdUzo,3
472,spotify:artist:0TzaHjcLavIpy1JXy4ao68,spotify:artist:7flUSA4zO3iXmPatKRNI53,3
473,spotify:artist:0TzaHjcLavIpy1JXy4ao68,spotify:artist:5VjtKURYU9IyyZpYVhz1ka,3
474,spotify:artist:0TzaHjcLavIpy1JXy4ao68,spotify:artist:4ky35fBYrjbVpZUgnTcJl8,3
475,spotify:artist:0TzaHjcLavIpy1JXy4ao68,spotify:artist:0pJylJJxz3CAT37gBtFcjj,3
476,spotify:artist:0TzaHjcLavIpy1JXy4ao68,spotify:artist:0j6w8JsaZsx5Vs3qECKnAx,3
477,spotify:artist:0TzaHjcLavIpy1JXy4ao68,spotify:artist:2COh4pNzrR9PzGII1tpZoB,3
478,spotify:artist:0TzaHjcLavIpy1JXy4ao68,spotify:artist:2fCyvnDEdnRubsGvtQFhMX,3
479,spotify:artist:0TzaHjcLavIpy1JXy4ao68,spotify:artist:1gTcxM7ZV6CiFtjIF7TGQ2,3
480,spotify:artist:4QAb4rESLS1giPtlpXnziG,spotify:artist:5jfX2ZAoQiLcqVuBw5c7ko,3
481,spotify:artist:4QAb4rESLS1giPtlpXnziG,spotify:artist:3CS5AomOBWpyOMm2r53tDI,3
482,spotify:artist:4QAb4rESLS1giPtlpXnziG,spotify:artist:0TzaHjcLavIpy1JXy4ao68,3
483,spotify:artist:4QAb4rESLS1giPtlpXnziG,spotify:artist:4WDNNDeqHv5AoZ7j0RXAyE,3
484,spotify:artist:4QAb4rESLS1giPtlpXnziG,spotify:artist:28li5ILN3Mm2bOHWz0rauW,3
485,spotify:artist:4QAb4rESLS1giPtlpXnziG,spotify:artist:6KK4IApPdBRetEiRCristd,3
486,spotify:artist:4QAb4rESLS1giPtlpXnziG,spotify:artist:5ZgInTTIxvjIhjljEkFwI7,3
487,spotify:artist:4QAb4rESLS1giPtlpXnziG,spotify:artist:0sEMCo5APgoxH5d7Lp8dK2,3
488,spotify:artist:4QAb4rESLS1giPtlpXnziG,spotify:artist:6SMrVjW6xh8lssRHiKwGuC,3
489,spotify:artist:4QAb4rESLS1giPtlpXnziG,spotify:artist:6lvSbA7qMiXfSyLVmGOMrA,3
490,spotify:artist:4QAb4rESLS1giPtlpXnziG,spotify:artist:6PSVgOovw9aDkBgh2zcyKl,3
491,spotify:artist:4QAb4rESLS1giPtlpXnziG,spotify:artist:2COh4pNzrR9PzGII1tpZoB,3
492,spotify:artist:4QAb4rESLS1giPtlpXnziG,spotify:artist:0UZXj0hvBmBsE4AIe0GsFe,3
493,spotify:artist:4QAb4rESLS1giPtlpXnziG,spotify:artist:3AYPQ4bzYG7Qh08kzIVUQL,3
494,spotify:artist:4QAb4rESLS1giPtlpXnziG,spotify:artist:2cpENaH8uK2lEeRhTN0Nzy,3
495,spotify:artist:4QAb4rESLS1giPtlpXnziG,spotify:artist:29IK3xMFyz4R6EgE9uRyAm,3
496,spotify:artist:4QAb4rESLS1giPtlpXnziG,spotify:artist:5PQdtbRVhbEW4xnnkS1jFa,3
497,spotify:artist:4QAb4rESLS1giPtlpXnziG,spotify:artist:1Bywk4guQlRCG1HYib9mTF,3
498,spotify:artist:4QAb4rESLS1giPtlpXnziG,spotify:artist:7flUSA4zO3iXmPatKRNI53,3
499,spotify:artist:4QAb4rESLS1giPtlpXnziG,spotify:artist:1eIqLIpySiP65MLQyIRH1y,3
500,spotify:artist:6SMrVjW6xh8lssRHiKwGuC,spotify:artist:2zLeELE7WsPts8K8Cd8slu,3
501,spotify:artist:6SMrVjW6xh8lssRHiKwGuC,spotify:artist:6KK4IApPdBRetEiRCristd,3
502,spotify:artist:6SMrVjW6xh8lssRHiKwGuC,spotify:artist:3CS5AomOBWpyOMm2r53tDI,3
503,spotify:artist:6SMrVjW6xh8lssRHiKwGuC,spotify:artist:5ZgInTTIxvjIhjljEkFwI7,3
504,spotify:artist:6SMrVjW6xh8lssRHiKwGuC,spotify:artist:29IK3xMFyz4R6EgE9uRyAm,3
505,spotify:artist:6SMrVjW6xh8lssRHiKwGuC,spotify:artist:4WDNNDeqHv5AoZ7j0RXAyE,3
506,spotify:artist:6SMrVjW6xh8lssRHiKwGuC,spotify:artist:3nT9LOzvaQqG3R1zUf7AX0,3
507,spotify:artist:6SMrVjW6xh8lssRHiKwGuC,spotify:artist:32ovJ67AxXydzmuYbuflOp,3
508,spotify:artist:6SMrVjW6xh8lssRHiKwGuC,spotify:artist:5dmgB6lZuiSPaKVvJUuhLM,3
509,spotify:artist:6SMrVjW6xh8lssRHiKwGuC,spotify:artist:0DcRMjrZ632sC9Od6wrZnY,3
510,spotify:artist:6SMrVjW6xh8lssRHiKwGuC,spotify:artist:5VjtKURYU9IyyZpYVhz1ka,3
511,spotify:artist:6SMrVjW6xh8lssRHiKwGuC,spotify:artist:4ky35fBYrjbVpZUgnTcJl8,3
512,spotify:artist:6SMrVjW6xh8lssRHiKwGuC,spotify:artist:72MmmQJccckGijuruZ6Spb,3
513,spotify:artist:6SMrVjW6xh8lssRHiKwGuC,spotify:artist:0TzaHjcLavIpy1JXy4ao68,3
514,spotify:artist:6SMrVjW6xh8lssRHiKwGuC,spotify:artist:1UvHiSGuGW2qenVe4TTvKA,3
515,spotify:artist:6SMrVjW6xh8lssRHiKwGuC,spotify:artist:5jfX2ZAoQiLcqVuBw5c7ko,3
516,spotify:artist:6SMrVjW6xh8lssRHiKwGuC,spotify:artist:2COh4pNzrR9PzGII1tpZoB,3
517,spotify:artist:6SMrVjW6xh8lssRHiKwGuC,spotify:artist:5vd6LsybGjYQrKMe1QSdix,3
518,spotify:artist:6SMrVjW6xh8lssRHiKwGuC,spotify:artist:28li5ILN3Mm2bOHWz0rauW,3
519,spotify:artist:6SMrVjW6xh8lssRHiKwGuC,spotify:artist:1W4RYXlGQQNxMPgP8fWxqF,3
520,spotify:artist:28li5ILN3Mm2bOHWz0rauW,spotify:artist:6MblysTZSkUomnJivFDjuw,3
521,spotify:artist:28li5ILN3Mm2bOHWz0rauW,spotify:artist:2fCyvnDEdnRubsGvtQFhMX,3
522,spotify:artist:28li5ILN3Mm2bOHWz0rauW,spotify:artist:43pUCMY9rbXAaW5pAdIdPI,3
523,spotify:artist:28li5ILN3Mm2bOHWz0rauW,spotify:artist:29IK3xMFyz4R6EgE9uRyAm,3
524,spotify:artist:28li5ILN3Mm2bOHWz0rauW,spotify:artist:4ky35fBYrjbVpZUgnTcJl8,3
525,spotify:artist:28li5ILN3Mm2bOHWz0rauW,spotify:artist:4o5JfVDOlw3TWmkQ4EpVdJ,3
526,spotify:artist:28li5ILN3Mm2bOHWz0rauW,spotify:artist:1Bywk4guQlRCG1HYib9mTF,3
527,spotify:artist:28li5ILN3Mm2bOHWz0rauW,spotify:artist:1gTcxM7ZV6CiFtjIF7TGQ2,3
528,spotify:artist:28li5ILN3Mm2bOHWz0rauW,spotify:artist:1Z1IQZpA7AjUxz4hZRb4me,3
529,spotify:artist:28li5ILN3Mm2bOHWz0rauW,spotify:artist:5jfX2ZAoQiLcqVuBw5c7ko,3
530,spotify:artist:28li5ILN3Mm2bOHWz0rauW,spotify:artist:2COh4pNzrR9PzGII1tpZoB,3
531,spotify:artist:28li5ILN3Mm2bOHWz0rauW,spotify:artist:0QJrZLDutksKmzhvvB0VQr,3
532,spotify:artist:28li5ILN3Mm2bOHWz0rauW,spotify:artist:5tUYqMn7b1liNQAFR5ufV8,3
533,spotify:artist:28li5ILN3Mm2bOHWz0rauW,spotify:artist:3AYPQ4bzYG7Qh08kzIVUQL,3
534,spotify:artist:28li5ILN3Mm2bOHWz0rauW,spotify:artist:56EBe1vvPPsv7Pk5rAaSck,3
535,spotify:artist:28li5ILN3Mm2bOHWz0rauW,spotify:artist:4WDNNDeqHv5AoZ7j0RXAyE,3
536,spotify:artist:28li5ILN3Mm2bOHWz0rauW,spotify:artist:4LXO7kHg92KmAFcr5YUAWp,3
537,spotify:artist:28li5ILN3Mm2bOHWz0rauW,spotify:artist:4fY30VmU6LzXSUZ2z7keud,3
538,spotify:artist:28li5ILN3Mm2bOHWz0rauW,spotify:artist:6KK4IApPdBRetEiRCristd,3
539,spotify:artist:28li5ILN3Mm2bOHWz0rauW,spotify:artist:1yLBEXfJjZxL2ttN5c0nRk,3
540,spotify:artist:29IK3xMFyz4R6EgE9uRyAm,spotify:artist:6MblysTZSkUomnJivFDjuw,3
541,spotify:artist:29IK3xMFyz4R6EgE9uRyAm,spotify:artist:1yLBEXfJjZxL2ttN5c0nRk,3
542,spotify:artist:29IK3xMFyz4R6EgE9uRyAm,spotify:artist:4ky35fBYrjbVpZUgnTcJl8,3
543,spotify:artist:29IK3xMFyz4R6EgE9uRyAm,spotify:artist:2COh4pNzrR9PzGII1tpZoB,3
544,spotify:artist:29IK3xMFyz4R6EgE9uRyAm,spotify:artist:1Bywk4guQlRCG1HYib9mTF,3
545,spotify:artist:29IK3xMFyz4R6EgE9uRyAm,spotify:artist:4o5JfVDOlw3TWmkQ4EpVdJ,3
546,spotify:artist:29IK3xMFyz4R6EgE9uRyAm,spotify:artist:0QJrZLDutksKmzhvvB0VQr,3
547,spotify:artist:29IK3xMFyz4R6EgE9uRyAm,spotify:artist:2fCyvnDEdnRubsGvtQFhMX,3
548,spotify:artist:29IK3xMFyz4R6EgE9uRyAm,spotify:artist:0j6w8JsaZsx5Vs3qECKnAx,3
549,spotify:artist:29IK3xMFyz4R6EgE9uRyAm,spotify:artist:5tUYqMn7b1liNQAFR5ufV8,3
550,spotify:artist:29IK3xMFyz4R6EgE9uRyAm,spotify:artist:28li5ILN3Mm2bOHWz0rauW,3
551,spotify:artist:29IK3xMFyz4R6EgE9uRyAm,spotify:artist:3N6luldUvDYLWysSjkCqAN,3
552,spotify:artist:29IK3xMFyz4R6EgE9uRyAm,spotify:artist:43pUCMY9rbXAaW5pAdIdPI,3
553,spotify:artist:29IK3xMFyz4R6EgE9uRyAm,spotify:artist:1UvHiSGuGW2qenVe4TTvKA,3
554,spotify:artist:29IK3xMFyz4R6EgE9uRyAm,spotify:artist:5nMpQ9tTgWkMASZ743Jaiu,3
555,spotify:artist:29IK3xMFyz4R6EgE9uRyAm,spotify:artist:1gTcxM7ZV6CiFtjIF7TGQ2,3
556,spotify:artist:29IK3xMFyz4R6EgE9uRyAm,spotify:artist:6HF6oBtBSHvORTuhUnRGas,3
557,spotify:artist:29IK3xMFyz4R6EgE9uRyAm,spotify:artist:56EBe1vvPPsv7Pk5rAaSck,3
558,spotify:artist:29IK3xMFyz4R6EgE9uRyAm,spotify:artist:32ovJ67AxXydzmuYbuflOp,3
559,spotify:artist:29IK3xMFyz4R6EgE9uRyAm,spotify:artist:6KK4IApPdBRetEiRCristd,3
560,spotify:artist:2COh4pNzrR9PzGII1tpZoB,spotify:artist:29IK3xMFyz4R6EgE9uRyAm,3
561,spotify:artist:2COh4pNzrR9PzGII1tpZoB,spotify:artist:0QJrZLDutksKmzhvvB0VQr,3
562,spotify:artist:2COh4pNzrR9PzGII1tpZoB,spotify:artist:1yLBEXfJjZxL2ttN5c0nRk,3
563,spotify:artist:2COh4pNzrR9PzGII1tpZoB,spotify:artist:4ky35fBYrjbVpZUgnTcJl8,3
564,spotify:artist:2COh4pNzrR9PzGII1tpZoB,spotify:artist:4o5JfVDOlw3TWmkQ4EpVdJ,3
565,spotify:artist:2COh4pNzrR9PzGII1tpZoB,spotify:artist:1Bywk4guQlRCG1HYib9mTF,3
566,spotify:artist:2COh4pNzrR9PzGII1tpZoB,spotify:artist:0j6w8JsaZsx5Vs3qECKnAx,3
567,spotify:artist:2COh4pNzrR9PzGII1tpZoB,spotify:artist:5tUYqMn7b1liNQAFR5ufV8,3
568,spotify:artist:2COh4pNzrR9PzGII1tpZoB,spotify:artist:6MblysTZSkUomnJivFDjuw,3
569,spotify:artist:2COh4pNzrR9PzGII1tpZoB,spotify:artist:43pUCMY9rbXAaW5pAdIdPI,3
570,spotify:artist:2COh4pNzrR9PzGII1tpZoB,spotify:artist:5vd6LsybGjYQrKMe1QSdix,3
571,spotify:artist:2COh4pNzrR9PzGII1tpZoB,spotify:artist:2fCyvnDEdnRubsGvtQFhMX,3
572,spotify:artist:2COh4pNzrR9PzGII1tpZoB,spotify:artist:28li5ILN3Mm2bOHWz0rauW,3
573,spotify:artist:2COh4pNzrR9PzGII1tpZoB,spotify:artist:1UvHiSGuGW2qenVe4TTvKA,3
574,spotify:artist:2COh4pNzrR9PzGII1tpZoB,spotify:artist:7M5ADAWMrkmYOF8yGcuiUA,3
575,spotify:artist:2COh4pNzrR9PzGII1tpZoB,spotify:artist:1gTcxM7ZV6CiFtjIF7TGQ2,3
576,spotify:artist:2COh4pNzrR9PzGII1tpZoB,spotify:artist:6KK4IApPdBRetEiRCristd,3
577,spotify:artist:2COh4pNzrR9PzGII1tpZoB,spotify:artist:3N6luldUvDYLWysSjkCqAN,3
578,spotify:artist:2COh4pNzrR9PzGII1tpZoB,spotify:artist:4fY30VmU6LzXSUZ2z7keud,3
579,spotify:artist:2COh4pNzrR9PzGII1tpZoB,spotify:artist:5nMpQ9tTgWkMASZ743Jaiu,3
580,spotify:artist:0sEMCo5APgoxH5d7Lp8dK2,spotify:artist:6MtOpoxEOshj3sjISdxg9Z,3
581,spotify:artist:0sEMCo5APgoxH5d7Lp8dK2,spotify:artist:28li5ILN3Mm2bOHWz0rauW,3
582,spotify:artist:0sEMCo5APgoxH5d7Lp8dK2,spotify:artist:3CS5AomOBWpyOMm2r53tDI,3
583,spotify:artist:0sEMCo5APgoxH5d7Lp8dK2,spotify:artist:4ky35fBYrjbVpZUgnTcJl8,3
584,spotify:artist:0sEMCo5APgoxH5d7Lp8dK2,spotify:artist:2fCyvnDEdnRubsGvtQFhMX,3
585,spotify:artist:0sEMCo5APgoxH5d7Lp8dK2,spotify:artist:56EBe1vvPPsv7Pk5rAaSck,3
586,spotify:artist:0sEMCo5APgoxH5d7Lp8dK2,spotify:artist:60OFBH3eDdUxP7ost2ul96,3
587,spotify:artist:0sEMCo5APgoxH5d7Lp8dK2,spotify:artist:7LImz6eMX8OIgI7fIKX5qB,3
588,spotify:artist:0sEMCo5APgoxH5d7Lp8dK2,spotify:artist:6PSVgOovw9aDkBgh2zcyKl,3
589,spotify:artist:0sEMCo5APgoxH5d7Lp8dK2,spotify:artist:6lvSbA7qMiXfSyLVmGOMrA,3
590,spotify:artist:0sEMCo5APgoxH5d7Lp8dK2,spotify:artist:2cpENaH8uK2lEeRhTN0Nzy,3
591,spotify:artist:0sEMCo5APgoxH5d7Lp8dK2,spotify:artist:5jfX2ZAoQiLcqVuBw5c7ko,3
592,spotify:artist:0sEMCo5APgoxH5d7Lp8dK2,spotify:artist:0UZXj0hvBmBsE4AIe0GsFe,3
593,spotify:artist:0sEMCo5APgoxH5d7Lp8dK2,spotify:artist:0kPsO89WK7wejCO86yGoKG,3
594,spotify:artist:0sEMCo5APgoxH5d7Lp8dK2,spotify:artist:5PQdtbRVhbEW4xnnkS1jFa,3
595,spotify:artist:0sEMCo5APgoxH5d7Lp8dK2,spotify:artist:52ERtBB2q1GVZD1f0Op0Ea,3
596,spotify:artist:0sEMCo5APgoxH5d7Lp8dK2,spotify:artist:6cY62ToNTOCfRlbetiBkvY,3
597,spotify:artist:0sEMCo5APgoxH5d7Lp8dK2,spotify:artist:76hN8mH2S97sy4OjjzVs6W,3
598,spotify:artist:0sEMCo5APgoxH5d7Lp8dK2,spotify:artist:42UX27rf2g2wHiARMWfO8c,3
599,spotify:artist:0sEMCo5APgoxH5d7Lp8dK2,spotify:artist:6N4047NDKvUNLaL7j0S3Ae,3
600,spotify:artist:4ky35fBYrjbVpZUgnTcJl8,spotify:artist:29IK3xMFyz4R6EgE9uRyAm,3
601,spotify:artist:4ky35fBYrjbVpZUgnTcJl8,spotify:artist:1Bywk4guQlRCG1HYib9mTF,3
602,spotify:artist:4ky35fBYrjbVpZUgnTcJl8,spotify:artist:6MblysTZSkUomnJivFDjuw,3
603,spotify:artist:4ky35fBYrjbVpZUgnTcJl8,spotify:artist:2COh4pNzrR9PzGII1tpZoB,3
604,spotify:artist:4ky35fBYrjbVpZUgnTcJl8,spotify:artist:2fCyvnDEdnRubsGvtQFhMX,3
605,spotify:artist:4ky35fBYrjbVpZUgnTcJl8,spotify:artist:4o5JfVDOlw3TWmkQ4EpVdJ,3
606,spotify:artist:4ky35fBYrjbVpZUgnTcJl8,spotify:artist:0j6w8JsaZsx5Vs3qECKnAx,3
607,spotify:artist:4ky35fBYrjbVpZUgnTcJl8,spotify:artist:1yLBEXfJjZxL2ttN5c0nRk,3
608,spotify:artist:4ky35fBYrjbVpZUgnTcJl8,spotify:artist:28li5ILN3Mm2bOHWz0rauW,3
609,spotify:artist:4ky35fBYrjbVpZUgnTcJl8,spotify:artist:1gTcxM7ZV6CiFtjIF7TGQ2,3
610,spotify:artist:4ky35fBYrjbVpZUgnTcJl8,spotify:artist:0QJrZLDutksKmzhvvB0VQr,3
611,spotify:artist:4ky35fBYrjbVpZUgnTcJl8,spotify:artist:56EBe1vvPPsv7Pk5rAaSck,3
612,spotify:artist:4ky35fBYrjbVpZUgnTcJl8,spotify:artist:5tUYqMn7b1liNQAFR5ufV8,3
613,spotify:artist:4ky35fBYrjbVpZUgnTcJl8,spotify:artist:6HF6oBtBSHvORTuhUnRGas,3
614,spotify:artist:4ky35fBYrjbVpZUgnTcJl8,spotify:artist:0wCEunK5zOEYUnEfLqi9Rj,3
615,spotify:artist:4ky35fBYrjbVpZUgnTcJl8,spotify:artist:1UvHiSGuGW2qenVe4TTvKA,3
616,spotify:artist:4ky35fBYrjbVpZUgnTcJl8,spotify:artist:3N6luldUvDYLWysSjkCqAN,3
617,spotify:artist:4ky35fBYrjbVpZUgnTcJl8,spotify:artist:43pUCMY9rbXAaW5pAdIdPI,3
618,spotify:artist:4ky35fBYrjbVpZUgnTcJl8,spotify:artist:1zw41LSzgVJcurgF1maRzY,3
619,spotify:artist:4ky35fBYrjbVpZUgnTcJl8,spotify:artist:3CS5AomOBWpyOMm2r53tDI,3
620,spotify:artist:1Bywk4guQlRCG1HYib9mTF,spotify:artist:29IK3xMFyz4R6EgE9uRyAm,3
621,spotify:artist:1Bywk4guQlRCG1HYib9mTF,spotify:artist:4ky35fBYrjbVpZUgnTcJl8,3
622,spotify:artist:1Bywk4guQlRCG1HYib9mTF,spotify:artist:2fCyvnDEdnRubsGvtQFhMX,3
623,spotify:artist:1Bywk4guQlRCG1HYib9mTF,spotify:artist:2COh4pNzrR9PzGII1tpZoB,3
624,spotify:artist:1Bywk4guQlRCG1HYib9mTF,spotify:artist:5tUYqMn7b1liNQAFR5ufV8,3
625,spotify:artist:1Bywk4guQlRCG1HYib9mTF,spotify:artist:28li5ILN3Mm2bOHWz0rauW,3
626,spotify:artist:1Bywk4guQlRCG1HYib9mTF,spotify:artist:4o5JfVDOlw3TWmkQ4EpVdJ,3
627,spotify:artist:1Bywk4guQlRCG1HYib9mTF,spotify:artist:0j6w8JsaZsx5Vs3qECKnAx,3
628,spotify:artist:1Bywk4guQlRCG1HYib9mTF,spotify:artist:6MblysTZSkUomnJivFDjuw,3
629,spotify:artist:1Bywk4guQlRCG1HYib9mTF,spotify:artist:56EBe1vvPPsv7Pk5rAaSck,3
630,spotify:artist:1Bywk4guQlRCG1HYib9mTF,spotify:artist:1048abrwjsuNC1QWEnAOSl,3
631,spotify:artist:1Bywk4guQlRCG1HYib9mTF,spotify:artist:43pUCMY9rbXAaW5pAdIdPI,3
632,spotify:artist:1Bywk4guQlRCG1HYib9mTF,spotify:artist:1gTcxM7ZV6CiFtjIF7TGQ2,3
633,spotify:artist:1Bywk4guQlRCG1HYib9mTF,spotify:artist:1yLBEXfJjZxL2ttN5c0nRk,3
634,spotify:artist:1Bywk4guQlRCG1HYib9mTF,spotify:artist:6HF6oBtBSHvORTuhUnRGas,3
635,spotify:artist:1Bywk4guQlRCG1HYib9mTF,spotify:artist:5nMpQ9tTgWkMASZ743Jaiu,3
636,spotify:artist:1Bywk4guQlRCG1HYib9mTF,spotify:artist:0QJrZLDutksKmzhvvB0VQr,3
637,spotify:artist:1Bywk4guQlRCG1HYib9mTF,spotify:artist:0wCEunK5zOEYUnEfLqi9Rj,3
638,spotify:artist:1Bywk4guQlRCG1HYib9mTF,spotify:artist:3N6luldUvDYLWysSjkCqAN,3
639,spotify:artist:1Bywk4guQlRCG1HYib9mTF,spotify:artist:1zw41LSzgVJcurgF1maRzY,3
640,spotify:artist:2fCyvnDEdnRubsGvtQFhMX,spotify:artist:29IK3xMFyz4R6EgE9uRyAm,3
641,spotify:artist:2fCyvnDEdnRubsGvtQFhMX,spotify:artist:1Bywk4guQlRCG1HYib9mTF,3
642,spotify:artist:2fCyvnDEdnRubsGvtQFhMX,spotify:artist:28li5ILN3Mm2bOHWz0rauW,3
643,spotify:artist:2fCyvnDEdnRubsGvtQFhMX,spotify:artist:4ky35fBYrjbVpZUgnTcJl8,3
644,spotify:artist:2fCyvnDEdnRubsGvtQFhMX,spotify:artist:56EBe1vvPPsv7Pk5rAaSck,3
645,spotify:artist:2fCyvnDEdnRubsGvtQFhMX,spotify:artist:4o5JfVDOlw3TWmkQ4EpVdJ,3
646,spotify:artist:2fCyvnDEdnRubsGvtQFhMX,spotify:artist:6MblysTZSkUomnJivFDjuw,3
647,spotify:artist:2fCyvnDEdnRubsGvtQFhMX,spotify:artist:43pUCMY9rbXAaW5pAdIdPI,3
648,spotify:artist:2fCyvnDEdnRubsGvtQFhMX,spotify:artist:0j6w8JsaZsx5Vs3qECKnAx,3
649,spotify:artist:2fCyvnDEdnRubsGvtQFhMX,spotify:artist:2COh4pNzrR9PzGII1tpZoB,3
650,spotify:artist:2fCyvnDEdnRubsGvtQFhMX,spotify:artist:1gTcxM7ZV6CiFtjIF7TGQ2,3
651,spotify:artist:2fCyvnDEdnRubsGvtQFhMX,spotify:artist:4LXO7kHg92KmAFcr5YUAWp,3
652,spotify:artist:2fCyvnDEdnRubsGvtQFhMX,spotify:artist:5tUYqMn7b1liNQAFR5ufV8,3
653,spotify:artist:2fCyvnDEdnRubsGvtQFhMX,spotify:artist:1yLBEXfJjZxL2ttN5c0nRk,3
654,spotify:artist:2fCyvnDEdnRubsGvtQFhMX,spotify:artist:5VjtKURYU9IyyZpYVhz1ka,3
655,spotify:artist:2fCyvnDEdnRubsGvtQFhMX,spotify:artist:1zw41LSzgVJcurgF1maRzY,3
656,spotify:artist:2fCyvnDEdnRubsGvtQFhMX,spotify:artist:4fY30VmU6LzXSUZ2z7keud,3
657,spotify:artist:2fCyvnDEdnRubsGvtQFhMX,spotify:artist:0QJrZLDutksKmzhvvB0VQr,3
658,spotify:artist:2fCyvnDEdnRubsGvtQFhMX,spotify:artist:4MH1RChC40PzV5sDO7NW5X,3
659,spotify:artist:2fCyvnDEdnRubsGvtQFhMX,spotify:artist:1048abrwjsuNC1QWEnAOSl,3
660,spotify:artist:1yLBEXfJjZxL2ttN5c0nRk,spotify:artist:0QJrZLDutksKmzhvvB0VQr,3
661,spotify:artist:1yLBEXfJjZxL2ttN5c0nRk,spotify:artist:29IK3xMFyz4R6EgE9uRyAm,3
662,spotify:artist:1yLBEXfJjZxL2ttN5c0nRk,spotify:artist:0j6w8JsaZsx5Vs3qECKnAx,3
663,spotify:artist:1yLBEXfJjZxL2ttN5c0nRk,spotify:artist:2COh4pNzrR9PzGII1tpZoB,3
664,spotify:artist:1yLBEXfJjZxL2ttN5c0nRk,spotify:artist:1UvHiSGuGW2qenVe4TTvKA,3
665,spotify:artist:1yLBEXfJjZxL2ttN5c0nRk,spotify:artist:3N6luldUvDYLWysSjkCqAN,3
666,spotify:artist:1yLBEXfJjZxL2ttN5c0nRk,spotify:artist:6HF6oBtBSHvORTuhUnRGas,3
667,spotify:artist:1yLBEXfJjZxL2ttN5c0nRk,spotify:artist:4ky35fBYrjbVpZUgnTcJl8,3
668,spotify:artist:1yLBEXfJjZxL2ttN5c0nRk,spotify:artist:4o5JfVDOlw3TWmkQ4EpVdJ,3
669,spotify:artist:1yLBEXfJjZxL2ttN5c0nRk,spotify:artist:1wTjVvGxIxcZrHCansPELR,3
670,spotify:artist:1yLBEXfJjZxL2ttN5c0nRk,spotify:artist:6MblysTZSkUomnJivFDjuw,3
671,spotify:artist:1yLBEXfJjZxL2ttN5c0nRk,spotify:artist:1VQB0XIrSpZj3xR4HQ3yvO,3
672,spotify:artist:1yLBEXfJjZxL2ttN5c0nRk,spotify:artist:6cTHUvgLPScdIs7tGBXVcn,3
673,spotify:artist:1yLBEXfJjZxL2ttN5c0nRk,spotify:artist:0wCEunK5zOEYUnEfLqi9Rj,3
674,spotify:artist:1yLBEXfJjZxL2ttN5c0nRk,spotify:artist:6MtOpoxEOshj3sjISdxg9Z,3
675,spotify:artist:1yLBEXfJjZxL2ttN5c0nRk,spotify:artist:5vd6LsybGjYQrKMe1QSdix,3
676,spotify:artist:1yLBEXfJjZxL2ttN5c0nRk,spotify:artist:2Q3G6QH742CWVrhNEOdUzo,3
677,spotify:artist:1yLBEXfJjZxL2ttN5c0nRk,spotify:artist:2Kj1kESDk51ret8rltdZYK,3
678,spotify:artist:1yLBEXfJjZxL2ttN5c0nRk,spotify:artist:1Bywk4guQlRCG1HYib9mTF,3
679,spotify:artist:1yLBEXfJjZxL2ttN5c0nRk,spotify:artist:0pJylJJxz3CAT37gBtFcjj,3
680,spotify:artist:43pUCMY9rbXAaW5pAdIdPI,spotify:artist:28li5ILN3Mm2bOHWz0rauW,3
681,spotify:artist:43pUCMY9rbXAaW5pAdIdPI,spotify:artist:29IK3xMFyz4R6EgE9uRyAm,3
682,spotify:artist:43pUCMY9rbXAaW5pAdIdPI,spotify:artist:2fCyvnDEdnRubsGvtQFhMX,3
683,spotify:artist:43pUCMY9rbXAaW5pAdIdPI,spotify:artist:4o5JfVDOlw3TWmkQ4EpVdJ,3
684,spotify:artist:43pUCMY9rbXAaW5pAdIdPI,spotify:artist:6MblysTZSkUomnJivFDjuw,3
685,spotify:artist:43pUCMY9rbXAaW5pAdIdPI,spotify:artist:2COh4pNzrR9PzGII1tpZoB,3
686,spotify:artist:43pUCMY9rbXAaW5pAdIdPI,spotify:artist:1Bywk4guQlRCG1HYib9mTF,3
687,spotify:artist:43pUCMY9rbXAaW5pAdIdPI,spotify:artist:5VjtKURYU9IyyZpYVhz1ka,3
688,spotify:artist:43pUCMY9rbXAaW5pAdIdPI,spotify:artist:4ky35fBYrjbVpZUgnTcJl8,3
689,spotify:artist:43pUCMY9rbXAaW5pAdIdPI,spotify:artist:4LXO7kHg92KmAFcr5YUAWp,3
690,spotify:artist:43pUCMY9rbXAaW5pAdIdPI,spotify:artist:5tUYqMn7b1liNQAFR5ufV8,3
691,spotify:artist:43pUCMY9rbXAaW5pAdIdPI,spotify:artist:5jfX2ZAoQiLcqVuBw5c7ko,3
692,spotify:artist:43pUCMY9rbXAaW5pAdIdPI,spotify:artist:0QJrZLDutksKmzhvvB0VQr,3
693,spotify:artist:43pUCMY9rbXAaW5pAdIdPI,spotify:artist:1yLBEXfJjZxL2ttN5c0nRk,3
694,spotify:artist:43pUCMY9rbXAaW5pAdIdPI,spotify:artist:2WraSgUQZq1Bv1cmtzG1jW,3
695,spotify:artist:43pUCMY9rbXAaW5pAdIdPI,spotify:artist:0j6w8JsaZsx5Vs3qECKnAx,3
696,spotify:artist:43pUCMY9rbXAaW5pAdIdPI,spotify:artist:1gTcxM7ZV6CiFtjIF7TGQ2,3
697,spotify:artist:43pUCMY9rbXAaW5pAdIdPI,spotify:artist:1Z1IQZpA7AjUxz4hZRb4me,3
698,spotify:artist:43pUCMY9rbXAaW5pAdIdPI,spotify:artist:1cxwVW3CiUuZFar8IIPFrh,3
699,spotify:artist:43pUCMY9rbXAaW5pAdIdPI,spotify:artist:4fY30VmU6LzXSUZ2z7keud,3
700,spotify:artist:5xYM4honYuXyde5XXkTqTM,spotify:artist:0sEMCo5APgoxH5d7Lp8dK2,3
701,spotify:artist:5xYM4honYuXyde5XXkTqTM,spotify:artist:7LImz6eMX8OIgI7fIKX5qB,3
702,spotify:artist:5xYM4honYuXyde5XXkTqTM,spotify:artist:0PfyZ9RUyDx5Xg8WeY8Jqj,3
703,spotify:artist:5xYM4honYuXyde5XXkTqTM,spotify:artist:511tq72cxTElLqrbQDvu89,3
704,spotify:artist:5xYM4honYuXyde5XXkTqTM,spotify:artist:3CS5AomOBWpyOMm2r53tDI,3
705,spotify:artist:5xYM4honYuXyde5XXkTqTM,spotify:artist:0JSkuLwd7gFRo3eQRXT7iy,3
706,spotify:artist:5xYM4honYuXyde5XXkTqTM,spotify:artist:33wKWGpkHJHYEwDh4JTIaQ,3
707,spotify:artist:5xYM4honYuXyde5XXkTqTM,spotify:artist:6lvSbA7qMiXfSyLVmGOMrA,3
708,spotify:artist:5xYM4honYuXyde5XXkTqTM,spotify:artist:1eIqLIpySiP65MLQyIRH1y,3
709,spotify:artist:5xYM4honYuXyde5XXkTqTM,spotify:artist:0UZXj0hvBmBsE4AIe0GsFe,3
710,spotify:artist:5xYM4honYuXyde5XXkTqTM,spotify:artist:42UX27rf2g2wHiARMWfO8c,3
711,spotify:artist:5xYM4honYuXyde5XXkTqTM,spotify:artist:6PSVgOovw9aDkBgh2zcyKl,3
712,spotify:artist:5xYM4honYuXyde5XXkTqTM,spotify:artist:2cpENaH8uK2lEeRhTN0Nzy,3
713,spotify:artist:5xYM4honYuXyde5XXkTqTM,spotify:artist:5jfX2ZAoQiLcqVuBw5c7ko,3
714,spotify:artist:5xYM4honYuXyde5XXkTqTM,spotify:artist:6sfa8xmTQlAYAIALdbMwe3,3
715,spotify:artist:5xYM4honYuXyde5XXkTqTM,spotify:artist:6N4047NDKvUNLaL7j0S3Ae,3
716,spotify:artist:5xYM4honYuXyde5XXkTqTM,spotify:artist:5PQdtbRVhbEW4xnnkS1jFa,3
717,spotify:artist:5xYM4honYuXyde5XXkTqTM,spotify:artist:5HmIqpnrdXFVUa1yBLg54e,3
718,spotify:artist:5xYM4honYuXyde5XXkTqTM,spotify:artist:7CPK3vRcIukg4cGVze151v,3
719,spotify:artist:5xYM4honYuXyde5XXkTqTM,spotify:artist:52ERtBB2q1GVZD1f0Op0Ea,3
720,spotify:artist:6PSVgOovw9aDkBgh2zcyKl,spotify:artist:0w2PPmqCai0Om6yJXT6jBL,3
721,spotify:artist:6PSVgOovw9aDkBgh2zcyKl,spotify:artist:0wCEunK5zOEYUnEfLqi9Rj,3
722,spotify:artist:6PSVgOovw9aDkBgh2zcyKl,spotify:artist:56EBe1vvPPsv7Pk5rAaSck,3
723,spotify:artist:6PSVgOovw9aDkBgh2zcyKl,spotify:artist:2Oj3PPRT1wz01Nvno7Nad0,3
724,spotify:artist:6PSVgOovw9aDkBgh2zcyKl,spotify:artist:0sEMCo5APgoxH5d7Lp8dK2,3
725,spotify:artist:6PSVgOovw9aDkBgh2zcyKl,spotify:artist:6lvSbA7qMiXfSyLVmGOMrA,3
726,spotify:artist:6PSVgOovw9aDkBgh2zcyKl,spotify:artist:2cpENaH8uK2lEeRhTN0Nzy,3
727,spotify:artist:6PSVgOovw9aDkBgh2zcyKl,spotify:artist:7LImz6eMX8OIgI7fIKX5qB,3
728,spotify:artist:6PSVgOovw9aDkBgh2zcyKl,spotify:artist:0UZXj0hvBmBsE4AIe0GsFe,3
729,spotify:artist:6PSVgOovw9aDkBgh2zcyKl,spotify:artist:5PQdtbRVhbEW4xnnkS1jFa,3
730,spotify:artist:6PSVgOovw9aDkBgh2zcyKl,spotify:artist:5jfX2ZAoQiLcqVuBw5c7ko,3
731,spotify:artist:6PSVgOovw9aDkBgh2zcyKl,spotify:artist:511tq72cxTElLqrbQDvu89,3
732,spotify:artist:6PSVgOovw9aDkBgh2zcyKl,spotify:artist:52ERtBB2q1GVZD1f0Op0Ea,3
733,spotify:artist:6PSVgOovw9aDkBgh2zcyKl,spotify:artist:4kpxozCsfHA1i3cOlwxn6y,3
734,spotify:artist:6PSVgOovw9aDkBgh2zcyKl,spotify:artist:2ZywfCoSjLhlyR8uOXFYyv,3
735,spotify:artist:6PSVgOovw9aDkBgh2zcyKl,spotify:artist:0kPsO89WK7wejCO86yGoKG,3
736,spotify:artist:6PSVgOovw9aDkBgh2zcyKl,spotify:artist:6N4047NDKvUNLaL7j0S3Ae,3
737,spotify:artist:6PSVgOovw9aDkBgh2zcyKl,spotify:artist:6cY62ToNTOCfRlbetiBkvY,3
738,spotify:artist:6PSVgOovw9aDkBgh2zcyKl,spotify:artist:76hN8mH2S97sy4OjjzVs6W,3
739,spotify:artist:6PSVgOovw9aDkBgh2zcyKl,spotify:artist:5HmIqpnrdXFVUa1yBLg54e,3
740,spotify:artist:5HmIqpnrdXFVUa1yBLg54e,spotify:artist:2fCyvnDEdnRubsGvtQFhMX,3
741,spotify:artist:5HmIqpnrdXFVUa1yBLg54e,spotify:artist:1DsA0Dbq7WvsNkZZlrRZuz,3
742,spotify:artist:5HmIqpnrdXFVUa1yBLg54e,spotify:artist:0sEMCo5APgoxH5d7Lp8dK2,3
743,spotify:artist:5HmIqpnrdXFVUa1yBLg54e,spotify:artist:4WDNNDeqHv5AoZ7j0RXAyE,3
744,spotify:artist:5HmIqpnrdXFVUa1yBLg54e,spotify:artist:6N4047NDKvUNLaL7j0S3Ae,3
745,spotify:artist:5HmIqpnrdXFVUa1yBLg54e,spotify:artist:4kpxozCsfHA1i3cOlwxn6y,3
746,spotify:artist:5HmIqpnrdXFVUa1yBLg54e,spotify:artist:6PSVgOovw9aDkBgh2zcyKl,3
747,spotify:artist:5HmIqpnrdXFVUa1yBLg54e,spotify:artist:1eIqLIpySiP65MLQyIRH1y,3
748,spotify:artist:5HmIqpnrdXFVUa1yBLg54e,spotify:artist:2ZywfCoSjLhlyR8uOXFYyv,3
749,spotify:artist:5HmIqpnrdXFVUa1yBLg54e,spotify:artist:7LImz6eMX8OIgI7fIKX5qB,3
750,spotify:artist:5HmIqpnrdXFVUa1yBLg54e,spotify:artist:5jfX2ZAoQiLcqVuBw5c7ko,3
751,spotify:artist:5HmIqpnrdXFVUa1yBLg54e,spotify:artist:0bNB5N6QDcUxunqvvXvyOY,3
752,spotify:artist:5HmIqpnrdXFVUa1yBLg54e,spotify:artist:5L5m8lnMqoBg0jT09D1OF7,3
753,spotify:artist:5HmIqpnrdXFVUa1yBLg54e,spotify:artist:6lvSbA7qMiXfSyLVmGOMrA,3
754,spotify:artist:5HmIqpnrdXFVUa1yBLg54e,spotify:artist:5PQdtbRVhbEW4xnnkS1jFa,3
755,spotify:artist:5HmIqpnrdXFVUa1yBLg54e,spotify:artist:3QEUFOxp0TL9hNZSwga5wS,3
756,spotify:artist:5HmIqpnrdXFVUa1yBLg54e,spotify:artist:3CS5AomOBWpyOMm2r53tDI,3
757,spotify:artist:5HmIqpnrdXFVUa1yBLg54e,spotify:artist:2cpENaH8uK2lEeRhTN0Nzy,3
758,spotify:artist:5HmIqpnrdXFVUa1yBLg54e,spotify:artist:0UZXj0hvBmBsE4AIe0GsFe,3
759,spotify:artist:5HmIqpnrdXFVUa1yBLg54e,spotify:artist:6isi3Cimagjp5W6Zlkfkwv,3
760,spotify:artist:52ERtBB2q1GVZD1f0Op0Ea,spotify:artist:0sEMCo5APgoxH5d7Lp8dK2,3
761,spotify:artist:52ERtBB2q1GVZD1f0Op0Ea,spotify:artist:7LImz6eMX8OIgI7fIKX5qB,3
762,spotify:artist:52ERtBB2q1GVZD1f0Op0Ea,spotify:artist:6lvSbA7qMiXfSyLVmGOMrA,3
763,spotify:artist:52ERtBB2q1GVZD1f0Op0Ea,spotify:artist:2cpENaH8uK2lEeRhTN0Nzy,3
764,spotify:artist:52ERtBB2q1GVZD1f0Op0Ea,spotify:artist:0UZXj0hvBmBsE4AIe0GsFe,3
765,spotify:artist:52ERtBB2q1GVZD1f0Op0Ea,spotify:artist:6PSVgOovw9aDkBgh2zcyKl,3
766,spotify:artist:52ERtBB2q1GVZD1f0Op0Ea,spotify:artist:7CZB43q8ajdb5zUiCazkIx,3
767,spotify:artist:52ERtBB2q1GVZD1f0Op0Ea,spotify:artist:5PQdtbRVhbEW4xnnkS1jFa,3
768,spotify:artist:52ERtBB2q1GVZD1f0Op0Ea,spotify:artist:5jfX2ZAoQiLcqVuBw5c7ko,3
769,spotify:artist:52ERtBB2q1GVZD1f0Op0Ea,spotify:artist:0kPsO89WK7wejCO86yGoKG,3
770,spotify:artist:52ERtBB2q1GVZD1f0Op0Ea,spotify:artist:511tq72cxTElLqrbQDvu89,3
771,spotify:artist:52ERtBB2q1GVZD1f0Op0Ea,spotify:artist:7CPK3vRcIukg4cGVze151v,3
772,spotify:artist:52ERtBB2q1GVZD1f0Op0Ea,spotify:artist:6cY62ToNTOCfRlbetiBkvY,3
773,spotify:artist:52ERtBB2q1GVZD1f0Op0Ea,spotify:artist:1UmgSJPN5RmD38VPBI3pWF,3
774,spotify:artist:52ERtBB2q1GVZD1f0Op0Ea,spotify:artist:1pwe2xKeZCu9MoZLEGYRu0,3
775,spotify:artist:52ERtBB2q1GVZD1f0Op0Ea,spotify:artist:42UX27rf2g2wHiARMWfO8c,3
776,spotify:artist:52ERtBB2q1GVZD1f0Op0Ea,spotify:artist:23sMQdRzLsURKCSyA7Snam,3
777,spotify:artist:52ERtBB2q1GVZD1f0Op0Ea,spotify:artist:6N4047NDKvUNLaL7j0S3Ae,3
778,spotify:artist:52ERtBB2q1GVZD1f0Op0Ea,spotify:artist:0JSkuLwd7gFRo3eQRXT7iy,3
779,spotify:artist:52ERtBB2q1GVZD1f0Op0Ea,spotify:artist:3CS5AomOBWpyOMm2r53tDI,3
780,spotify:artist:511tq72cxTElLqrbQDvu89,spotify:artist:7CPK3vRcIukg4cGVze151v,3
781,spotify:artist:511tq72cxTElLqrbQDvu89,spotify:artist:7LImz6eMX8OIgI7fIKX5qB,3
782,spotify:artist:511tq72cxTElLqrbQDvu89,spotify:artist:0LT96hnOGujjSRGjfWd4uK,3
783,spotify:artist:511tq72cxTElLqrbQDvu89,spotify:artist:1UmgSJPN5RmD38VPBI3pWF,3
784,spotify:artist:511tq72cxTElLqrbQDvu89,spotify:artist:0sEMCo5APgoxH5d7Lp8dK2,3
785,spotify:artist:511tq72cxTElLqrbQDvu89,spotify:artist:6hTvu8OfjW1iamDJYsr9oP,3
786,spotify:artist:511tq72cxTElLqrbQDvu89,spotify:artist:1bckdxFBN2lv3fTwEHoAQI,3
787,spotify:artist:511tq72cxTElLqrbQDvu89,spotify:artist:0kPsO89WK7wejCO86yGoKG,3
788,spotify:artist:511tq72cxTElLqrbQDvu89,spotify:artist:6sfa8xmTQlAYAIALdbMwe3,3
789,spotify:artist:511tq72cxTElLqrbQDvu89,spotify:artist:4cYMvjEKJZHAfcmonKIui3,3
790,spotify:artist:511tq72cxTElLqrbQDvu89,spotify:artist:6PSVgOovw9aDkBgh2zcyKl,3
791,spotify:artist:511tq72cxTElLqrbQDvu89,spotify:artist:0rCma2rKCkvaBAtzNYaiTv,3
792,spotify:artist:511tq72cxTElLqrbQDvu89,spotify:artist:3vXJ1DDG4vBW8hYdHEaf9v,3
793,spotify:artist:511tq72cxTElLqrbQDvu89,spotify:artist:0I4qCIswU603QYlpRXMmpf,3
794,spotify:artist:511tq72cxTElLqrbQDvu89,spotify:artist:6lvSbA7qMiXfSyLVmGOMrA,3
795,spotify:artist:511tq72cxTElLqrbQDvu89,spotify:artist:2cpENaH8uK2lEeRhTN0Nzy,3
796,spotify:artist:511tq72cxTElLqrbQDvu89,spotify:artist:4GZF7yXGXphA7F1XQbqVjm,3
797,spotify:artist:511tq72cxTElLqrbQDvu89,spotify:artist:0PfyZ9RUyDx5Xg8WeY8Jqj,3
798,spotify:artist:511tq72cxTElLqrbQDvu89,spotify:artist:26D4q8i3GXqReYpkkugzrN,3
799,spotify:artist:511tq72cxTElLqrbQDvu89,spotify:artist:0UZXj0hvBmBsE4AIe0GsFe,3
800,spotify:artist:0zdWU6CpCGxh9DyWV8SQAA,spotify:artist:3eia59jd3ARWNPiC8vT8IE,3
801,spotify:artist:0zdWU6CpCGxh9DyWV8SQAA,spotify:artist:1048abrwjsuNC1QWEnAOSl,3
802,spotify:artist:0zdWU6CpCGxh9DyWV8SQAA,spotify:artist:2CfI4hoLZbxGgMcOYjnnwt,3
803,spotify:artist:0zdWU6CpCGxh9DyWV8SQAA,spotify:artist:7mDcQbeY9H6XxIOGUi5OtM,3
804,spotify:artist:0zdWU6CpCGxh9DyWV8SQAA,spotify:artist:4MH1RChC40PzV5sDO7NW5X,3
805,spotify:artist:0zdWU6CpCGxh9DyWV8SQAA,spotify:artist:5nMpQ9tTgWkMASZ743Jaiu,3
806,spotify:artist:0zdWU6CpCGxh9DyWV8SQAA,spotify:artist:1W4RYXlGQQNxMPgP8fWxqF,3
807,spotify:artist:0zdWU6CpCGxh9DyWV8SQAA,spotify:artist:5tUYqMn7b1liNQAFR5ufV8,3
808,spotify:artist:0zdWU6CpCGxh9DyWV8SQAA,spotify:artist:2DN8W39IczbgysUzCnL3hb,3
809,spotify:artist:0zdWU6CpCGxh9DyWV8SQAA,spotify:artist:6D5cbGRA9990Vd3XfM7Rfa,3
810,spotify:artist:0zdWU6CpCGxh9DyWV8SQAA,spotify:artist:7bVMGgM5YC8hlw6BYulg8b,3
811,spotify:artist:0zdWU6CpCGxh9DyWV8SQAA,spotify:artist:5vd6LsybGjYQrKMe1QSdix,3
812,spotify:artist:0zdWU6CpCGxh9DyWV8SQAA,spotify:artist:56z66XGKLpTcREF5iPitMU,3
813,spotify:artist:0zdWU6CpCGxh9DyWV8SQAA,spotify:artist:7fk3y4smwktbTiP4imKDpt,3
814,spotify:artist:0zdWU6CpCGxh9DyWV8SQAA,spotify:artist:1Bywk4guQlRCG1HYib9mTF,3
815,spotify:artist:0zdWU6CpCGxh9DyWV8SQAA,spotify:artist:3WvUXfAhZSBw2ELfRGhnnP,3
816,spotify:artist:0zdWU6CpCGxh9DyWV8SQAA,spotify:artist:71kSWeYFioviuty6e3aj5k,3
817,spotify:artist:0zdWU6CpCGxh9DyWV8SQAA,spotify:artist:29IK3xMFyz4R6EgE9uRyAm,3
818,spotify:artist:0zdWU6CpCGxh9DyWV8SQAA,spotify:artist:2fZi9haAj5vDtFy4J4bioD,3
819,spotify:artist:0zdWU6CpCGxh9DyWV8SQAA,spotify:artist:4p1uJorxRAxeIg6CRjfhxD,3
820,spotify:artist:5nMpQ9tTgWkMASZ743Jaiu,spotify:artist:7mDcQbeY9H6XxIOGUi5OtM,3
821,spotify:artist:5nMpQ9tTgWkMASZ743Jaiu,spotify:artist:1048abrwjsuNC1QWEnAOSl,3
822,spotify:artist:5nMpQ9tTgWkMASZ743Jaiu,spotify:artist:7bVMGgM5YC8hlw6BYulg8b,3
823,spotify:artist:5nMpQ9tTgWkMASZ743Jaiu,spotify:artist:6HF6oBtBSHvORTuhUnRGas,3
824,spotify:artist:5nMpQ9tTgWkMASZ743Jaiu,spotify:artist:7fk3y4smwktbTiP4imKDpt,3
825,spotify:artist:5nMpQ9tTgWkMASZ743Jaiu,spotify:artist:0zdWU6CpCGxh9DyWV8SQAA,3
826,spotify:artist:5nMpQ9tTgWkMASZ743Jaiu,spotify:artist:6MtOpoxEOshj3sjISdxg9Z,3
827,spotify:artist:5nMpQ9tTgWkMASZ743Jaiu,spotify:artist:5vd6LsybGjYQrKMe1QSdix,3
828,spotify:artist:5nMpQ9tTgWkMASZ743Jaiu,spotify:artist:0j6w8JsaZsx5Vs3qECKnAx,3
829,spotify:artist:5nMpQ9tTgWkMASZ743Jaiu,spotify:artist:2CfI4hoLZbxGgMcOYjnnwt,3
830,spotify:artist:5nMpQ9tTgWkMASZ743Jaiu,spotify:artist:29IK3xMFyz4R6EgE9uRyAm,3
831,spotify:artist:5nMpQ9tTgWkMASZ743Jaiu,spotify:artist:5tUYqMn7b1liNQAFR5ufV8,3
832,spotify:artist:5nMpQ9tTgWkMASZ743Jaiu,spotify:artist:32ovJ67AxXydzmuYbuflOp,3
833,spotify:artist:5nMpQ9tTgWkMASZ743Jaiu,spotify:artist:2COh4pNzrR9PzGII1tpZoB,3
834,spotify:artist:5nMpQ9tTgWkMASZ743Jaiu,spotify:artist:1W4RYXlGQQNxMPgP8fWxqF,3
835,spotify:artist:5nMpQ9tTgWkMASZ743Jaiu,spotify:artist:1Bywk4guQlRCG1HYib9mTF,3
836,spotify:artist:5nMpQ9tTgWkMASZ743Jaiu,spotify:artist:0pJylJJxz3CAT37gBtFcjj,3
837,spotify:artist:5nMpQ9tTgWkMASZ743Jaiu,spotify:artist:0wCEunK5zOEYUnEfLqi9Rj,3
838,spotify:artist:5nMpQ9tTgWkMASZ743Jaiu,spotify:artist:3eia59jd3ARWNPiC8vT8IE,3
839,spotify:artist:5nMpQ9tTgWkMASZ743Jaiu,spotify:artist:1yLBEXfJjZxL2ttN5c0nRk,3
840,spotify:artist:71kSWeYFioviuty6e3aj5k,spotify:artist:1048abrwjsuNC1QWEnAOSl,3
841,spotify:artist:71kSWeYFioviuty6e3aj5k,spotify:artist:1uS4cYRRZRtauASIM9RxBG,3
842,spotify:artist:71kSWeYFioviuty6e3aj5k,spotify:artist:1bN9idF4rgIhaaKFpwgzoQ,3
843,spotify:artist:71kSWeYFioviuty6e3aj5k,spotify:artist:56z66XGKLpTcREF5iPitMU,3
844,spotify:artist:71kSWeYFioviuty6e3aj5k,spotify:artist:3rclGaNhwMNMcU2GkN91j9,3
845,spotify:artist:71kSWeYFioviuty6e3aj5k,spotify:artist:1DsA0Dbq7WvsNkZZlrRZuz,3
846,spotify:artist:71kSWeYFioviuty6e3aj5k,spotify:artist:2fZi9haAj5vDtFy4J4bioD,3
847,spotify:artist:71kSWeYFioviuty6e3aj5k,spotify:artist:1IjPJum5sJ6iSr3mBsSYJk,3
848,spotify:artist:71kSWeYFioviuty6e3aj5k,spotify:artist:2YTbBGa3Tf2rRPhiJxWoUN,3
849,spotify:artist:71kSWeYFioviuty6e3aj5k,spotify:artist:3LaHU3Xcdpq4UvTj74uYiK,3
850,spotify:artist:71kSWeYFioviuty6e3aj5k,spotify:artist:3OHbToMuJihWhRcqzKjpBd,3
851,spotify:artist:71kSWeYFioviuty6e3aj5k,spotify:artist:3eia59jd3ARWNPiC8vT8IE,3
852,spotify:artist:71kSWeYFioviuty6e3aj5k,spotify:artist:7pwThElmrxl0pjTwXMojCx,3
853,spotify:artist:71kSWeYFioviuty6e3aj5k,spotify:artist:0XB14ZHrZsqaWDJeQGLMem,3
854,spotify:artist:71kSWeYFioviuty6e3aj5k,spotify:artist:11zG3SH7tJ36wYmCJ2oWyB,3
855,spotify:artist:71kSWeYFioviuty6e3aj5k,spotify:artist:7oFwFLcW5btR2tHAnPqnDH,3
856,spotify:artist:71kSWeYFioviuty6e3aj5k,spotify:artist:4WM2JNPCcZ7f6M72C0bTyM,3
857,spotify:artist:71kSWeYFioviuty6e3aj5k,spotify:artist:0wCEunK5zOEYUnEfLqi9Rj,3
858,spotify:artist:71kSWeYFioviuty6e3aj5k,spotify:artist:2xalJuKFgZKeN0J6KI2u3N,3
859,spotify:artist:71kSWeYFioviuty6e3aj5k,spotify:artist:1ZJYzl0sevnazdNkEYsAOW,3
860,spotify:artist:7mDcQbeY9H6XxIOGUi5OtM,spotify:artist:5nMpQ9tTgWkMASZ743Jaiu,3
861,spotify:artist:7mDcQbeY9H6XxIOGUi5OtM,spotify:artist:3eia59jd3ARWNPiC8vT8IE,3
862,spotify:artist:7mDcQbeY9H6XxIOGUi5OtM,spotify:artist:0zdWU6CpCGxh9DyWV8SQAA,3
863,spotify:artist:7mDcQbeY9H6XxIOGUi5OtM,spotify:artist:1048abrwjsuNC1QWEnAOSl,3
864,spotify:artist:7mDcQbeY9H6XxIOGUi5OtM,spotify:artist:1W4RYXlGQQNxMPgP8fWxqF,3
865,spotify:artist:7mDcQbeY9H6XxIOGUi5OtM,spotify:artist:7bVMGgM5YC8hlw6BYulg8b,3
866,spotify:artist:7mDcQbeY9H6XxIOGUi5OtM,spotify:artist:2CfI4hoLZbxGgMcOYjnnwt,3
867,spotify:artist:7mDcQbeY9H6XxIOGUi5OtM,spotify:artist:56z66XGKLpTcREF5iPitMU,3
868,spotify:artist:7mDcQbeY9H6XxIOGUi5OtM,spotify:artist:7fk3y4smwktbTiP4imKDpt,3
869,spotify:artist:7mDcQbeY9H6XxIOGUi5OtM,spotify:artist:6D5cbGRA9990Vd3XfM7Rfa,3
870,spotify:artist:7mDcQbeY9H6XxIOGUi5OtM,spotify:artist:32ovJ67AxXydzmuYbuflOp,3
871,spotify:artist:7mDcQbeY9H6XxIOGUi5OtM,spotify:artist:6HF6oBtBSHvORTuhUnRGas,3
872,spotify:artist:7mDcQbeY9H6XxIOGUi5OtM,spotify:artist:71kSWeYFioviuty6e3aj5k,3
873,spotify:artist:7mDcQbeY9H6XxIOGUi5OtM,spotify:artist:1LOV9sTxy273nC95HA1rKu,3
874,spotify:artist:7mDcQbeY9H6XxIOGUi5OtM,spotify:artist:1DsA0Dbq7WvsNkZZlrRZuz,3
875,spotify:artist:7mDcQbeY9H6XxIOGUi5OtM,spotify:artist:2xalJuKFgZKeN0J6KI2u3N,3
876,spotify:artist:7mDcQbeY9H6XxIOGUi5OtM,spotify:artist:29IK3xMFyz4R6EgE9uRyAm,3
877,spotify:artist:7mDcQbeY9H6XxIOGUi5OtM,spotify:artist:1uS4cYRRZRtauASIM9RxBG,3
878,spotify:artist:7mDcQbeY9H6XxIOGUi5OtM,spotify:artist:4MH1RChC40PzV5sDO7NW5X,3
879,spotify:artist:7mDcQbeY9H6XxIOGUi5OtM,spotify:artist:2DN8W39IczbgysUzCnL3hb,3
880,spotify:artist:7bVMGgM5YC8hlw6BYulg8b,spotify:artist:7si7N5XIsIH6PyGhamfF8e,3
881,spotify:artist:7bVMGgM5YC8hlw6BYulg8b,spotify:artist:72MmmQJccckGijuruZ6Spb,3
882,spotify:artist:7bVMGgM5YC8hlw6BYulg8b,spotify:artist:5vd6LsybGjYQrKMe1QSdix,3
883,spotify:artist:7bVMGgM5YC8hlw6BYulg8b,spotify:artist:3eia59jd3ARWNPiC8vT8IE,3
884,spotify:artist:7bVMGgM5YC8hlw6BYulg8b,spotify:artist:5SHhwLU1p9w64fd1VAOWr4,3
885,spotify:artist:7bVMGgM5YC8hlw6BYulg8b,spotify:artist:1W4RYXlGQQNxMPgP8fWxqF,3
886,spotify:artist:7bVMGgM5YC8hlw6BYulg8b,spotify:artist:6yVCJmap0wrEq1d7TNAGJc,3
887,spotify:artist:7bVMGgM5YC8hlw6BYulg8b,spotify:artist:2oFpKn4dU93984sKQTgfAa,3
888,spotify:artist:7bVMGgM5YC8hlw6BYulg8b,spotify:artist:135UnVjvSQVYps8S7iYKPH,3
889,spotify:artist:7bVMGgM5YC8hlw6BYulg8b,spotify:artist:7fk3y4smwktbTiP4imKDpt,3
890,spotify:artist:7bVMGgM5YC8hlw6BYulg8b,spotify:artist:1LOV9sTxy273nC95HA1rKu,3
891,spotify:artist:7bVMGgM5YC8hlw6BYulg8b,spotify:artist:6HF6oBtBSHvORTuhUnRGas,3
892,spotify:artist:7bVMGgM5YC8hlw6BYulg8b,spotify:artist:0pJylJJxz3CAT37gBtFcjj,3
893,spotify:artist:7bVMGgM5YC8hlw6BYulg8b,spotify:artist:1DsA0Dbq7WvsNkZZlrRZuz,3
894,spotify:artist:7bVMGgM5YC8hlw6BYulg8b,spotify:artist:32ovJ67AxXydzmuYbuflOp,3
895,spotify:artist:7bVMGgM5YC8hlw6BYulg8b,spotify:artist:1bN9idF4rgIhaaKFpwgzoQ,3
896,spotify:artist:7bVMGgM5YC8hlw6BYulg8b,spotify:artist:56z66XGKLpTcREF5iPitMU,3
897,spotify:artist:7bVMGgM5YC8hlw6BYulg8b,spotify:artist:6MtOpoxEOshj3sjISdxg9Z,3
898,spotify:artist:7bVMGgM5YC8hlw6BYulg8b,spotify:artist:5nMpQ9tTgWkMASZ743Jaiu,3
899,spotify:artist:7bVMGgM5YC8hlw6BYulg8b,spotify:artist:7mDcQbeY9H6XxIOGUi5OtM,3
900,spotify:artist:1uS4cYRRZRtauASIM9RxBG,spotify:artist:1bN9idF4rgIhaaKFpwgzoQ,3
901,spotify:artist:1uS4cYRRZRtauASIM9RxBG,spotify:artist:1DsA0Dbq7WvsNkZZlrRZuz,3
902,spotify:artist:1uS4cYRRZRtauASIM9RxBG,spotify:artist:0XB14ZHrZsqaWDJeQGLMem,3
903,spotify:artist:1uS4cYRRZRtauASIM9RxBG,spotify:artist:3LaHU3Xcdpq4UvTj74uYiK,3
904,spotify:artist:1uS4cYRRZRtauASIM9RxBG,spotify:artist:7pwThElmrxl0pjTwXMojCx,3
905,spotify:artist:1uS4cYRRZRtauASIM9RxBG,spotify:artist:2aDCVsozvx0fx4c6GOGu0G,3
906,spotify:artist:1uS4cYRRZRtauASIM9RxBG,spotify:artist:4jiSPxmUX4pCusyF95uOul,3
907,spotify:artist:1uS4cYRRZRtauASIM9RxBG,spotify:artist:3rqALSvaM6NU1mHBQq9I8B,3
908,spotify:artist:1uS4cYRRZRtauASIM9RxBG,spotify:artist:1wTjVvGxIxcZrHCansPELR,3
909,spotify:artist:1uS4cYRRZRtauASIM9RxBG,spotify:artist:3OHbToMuJihWhRcqzKjpBd,3
910,spotify:artist:1uS4cYRRZRtauASIM9RxBG,spotify:artist:60OFBH3eDdUxP7ost2ul96,3
911,spotify:artist:1uS4cYRRZRtauASIM9RxBG,spotify:artist:0wCEunK5zOEYUnEfLqi9Rj,3
912,spotify:artist:1uS4cYRRZRtauASIM9RxBG,spotify:artist:1nAFTfHqP2WGCKJDKH5yqx,3
913,spotify:artist:1uS4cYRRZRtauASIM9RxBG,spotify:artist:3rclGaNhwMNMcU2GkN91j9,3
914,spotify:artist:1uS4cYRRZRtauASIM9RxBG,spotify:artist:35evikNPeHg0dD7x69l1u0,3
915,spotify:artist:1uS4cYRRZRtauASIM9RxBG,spotify:artist:2YTbBGa3Tf2rRPhiJxWoUN,3
916,spotify:artist:1uS4cYRRZRtauASIM9RxBG,spotify:artist:7oFwFLcW5btR2tHAnPqnDH,3
917,spotify:artist:1uS4cYRRZRtauASIM9RxBG,spotify:artist:0zUDeBCtajKzgNJTeWQiNi,3
918,spotify:artist:1uS4cYRRZRtauASIM9RxBG,spotify:artist:11zG3SH7tJ36wYmCJ2oWyB,3
919,spotify:artist:1uS4cYRRZRtauASIM9RxBG,spotify:artist:0r2eQrNWcvAi5VnD14r3I3,3
920,spotify:artist:0j6w8JsaZsx5Vs3qECKnAx,spotify:artist:1wTjVvGxIxcZrHCansPELR,3
921,spotify:artist:0j6w8JsaZsx5Vs3qECKnAx,spotify:artist:6HF6oBtBSHvORTuhUnRGas,3
922,spotify:artist:0j6w8JsaZsx5Vs3qECKnAx,spotify:artist:3N6luldUvDYLWysSjkCqAN,3
923,spotify:artist:0j6w8JsaZsx5Vs3qECKnAx,spotify:artist:1yLBEXfJjZxL2ttN5c0nRk,3
924,spotify:artist:0j6w8JsaZsx5Vs3qECKnAx,spotify:artist:0wCEunK5zOEYUnEfLqi9Rj,3
925,spotify:artist:0j6w8JsaZsx5Vs3qECKnAx,spotify:artist:1ZJYzl0sevnazdNkEYsAOW,3
926,spotify:artist:0j6w8JsaZsx5Vs3qECKnAx,spotify:artist:29IK3xMFyz4R6EgE9uRyAm,3
927,spotify:artist:0j6w8JsaZsx5Vs3qECKnAx,spotify:artist:2COh4pNzrR9PzGII1tpZoB,3
928,spotify:artist:0j6w8JsaZsx5Vs3qECKnAx,spotify:artist:2Q3G6QH742CWVrhNEOdUzo,3
929,spotify:artist:0j6w8JsaZsx5Vs3qECKnAx,spotify:artist:60OFBH3eDdUxP7ost2ul96,3
930,spotify:artist:0j6w8JsaZsx5Vs3qECKnAx,spotify:artist:0QJrZLDutksKmzhvvB0VQr,3
931,spotify:artist:0j6w8JsaZsx5Vs3qECKnAx,spotify:artist:2aDCVsozvx0fx4c6GOGu0G,3
932,spotify:artist:0j6w8JsaZsx5Vs3qECKnAx,spotify:artist:2Kj1kESDk51ret8rltdZYK,3
933,spotify:artist:0j6w8JsaZsx5Vs3qECKnAx,spotify:artist:1DsA0Dbq7WvsNkZZlrRZuz,3
934,spotify:artist:0j6w8JsaZsx5Vs3qECKnAx,spotify:artist:4ky35fBYrjbVpZUgnTcJl8,3
935,spotify:artist:0j6w8JsaZsx5Vs3qECKnAx,spotify:artist:1VQB0XIrSpZj3xR4HQ3yvO,3
936,spotify:artist:0j6w8JsaZsx5Vs3qECKnAx,spotify:artist:2fCyvnDEdnRubsGvtQFhMX,3
937,spotify:artist:0j6w8JsaZsx5Vs3qECKnAx,spotify:artist:5vd6LsybGjYQrKMe1QSdix,3
938,spotify:artist:0j6w8JsaZsx5Vs3qECKnAx,spotify:artist:32ovJ67AxXydzmuYbuflOp,3
939,spotify:artist:0j6w8JsaZsx5Vs3qECKnAx,spotify:artist:1bN9idF4rgIhaaKFpwgzoQ,3
940,spotify:artist:1bN9idF4rgIhaaKFpwgzoQ,spotify:artist:1uS4cYRRZRtauASIM9RxBG,3
941,spotify:artist:1bN9idF4rgIhaaKFpwgzoQ,spotify:artist:1DsA0Dbq7WvsNkZZlrRZuz,3
942,spotify:artist:1bN9idF4rgIhaaKFpwgzoQ,spotify:artist:3LaHU3Xcdpq4UvTj74uYiK,3
943,spotify:artist:1bN9idF4rgIhaaKFpwgzoQ,spotify:artist:0XB14ZHrZsqaWDJeQGLMem,3
944,spotify:artist:1bN9idF4rgIhaaKFpwgzoQ,spotify:artist:3rqALSvaM6NU1mHBQq9I8B,3
945,spotify:artist:1bN9idF4rgIhaaKFpwgzoQ,spotify:artist:7pwThElmrxl0pjTwXMojCx,3
946,spotify:artist:1bN9idF4rgIhaaKFpwgzoQ,spotify:artist:2aDCVsozvx0fx4c6GOGu0G,3
947,spotify:artist:1bN9idF4rgIhaaKFpwgzoQ,spotify:artist:2YTbBGa3Tf2rRPhiJxWoUN,3
948,spotify:artist:1bN9idF4rgIhaaKFpwgzoQ,spotify:artist:3OHbToMuJihWhRcqzKjpBd,3
949,spotify:artist:1bN9idF4rgIhaaKFpwgzoQ,spotify:artist:4jiSPxmUX4pCusyF95uOul,3
950,spotify:artist:1bN9idF4rgIhaaKFpwgzoQ,spotify:artist:1nAFTfHqP2WGCKJDKH5yqx,3
951,spotify:artist:1bN9idF4rgIhaaKFpwgzoQ,spotify:artist:3rclGaNhwMNMcU2GkN91j9,3
952,spotify:artist:1bN9idF4rgIhaaKFpwgzoQ,spotify:artist:5kviXqIJ7Rv4BGSSsoCRxn,3
953,spotify:artist:1bN9idF4rgIhaaKFpwgzoQ,spotify:artist:0wCEunK5zOEYUnEfLqi9Rj,3
954,spotify:artist:1bN9idF4rgIhaaKFpwgzoQ,spotify:artist:1wTjVvGxIxcZrHCansPELR,3
955,spotify:artist:1bN9idF4rgIhaaKFpwgzoQ,spotify:artist:60OFBH3eDdUxP7ost2ul96,3
956,spotify:artist:1bN9idF4rgIhaaKFpwgzoQ,spotify:artist:6OAueBADydAjR5lP5NqTvv,3
957,spotify:artist:1bN9idF4rgIhaaKFpwgzoQ,spotify:artist:11zG3SH7tJ36wYmCJ2oWyB,3
958,spotify:artist:1bN9idF4rgIhaaKFpwgzoQ,spotify:artist:56z66XGKLpTcREF5iPitMU,3
959,spotify:artist:1bN9idF4rgIhaaKFpwgzoQ,spotify:artist:0r2eQrNWcvAi5VnD14r3I3,3
960,spotify:artist:7fk3y4smwktbTiP4imKDpt,spotify:artist:7bVMGgM5YC8hlw6BYulg8b,3
961,spotify:artist:7fk3y4smwktbTiP4imKDpt,spotify:artist:1W4RYXlGQQNxMPgP8fWxqF,3
962,spotify:artist:7fk3y4smwktbTiP4imKDpt,spotify:artist:135UnVjvSQVYps8S7iYKPH,3
963,spotify:artist:7fk3y4smwktbTiP4imKDpt,spotify:artist:3eia59jd3ARWNPiC8vT8IE,3
964,spotify:artist:7fk3y4smwktbTiP4imKDpt,spotify:artist:5nMpQ9tTgWkMASZ743Jaiu,3
965,spotify:artist:7fk3y4smwktbTiP4imKDpt,spotify:artist:622npgpbeV4qVEn9CNwpKM,3
966,spotify:artist:7fk3y4smwktbTiP4imKDpt,spotify:artist:5vd6LsybGjYQrKMe1QSdix,3
967,spotify:artist:7fk3y4smwktbTiP4imKDpt,spotify:artist:6MtOpoxEOshj3sjISdxg9Z,3
968,spotify:artist:7fk3y4smwktbTiP4imKDpt,spotify:artist:7mDcQbeY9H6XxIOGUi5OtM,3
969,spotify:artist:7fk3y4smwktbTiP4imKDpt,spotify:artist:32ovJ67AxXydzmuYbuflOp,3
970,spotify:artist:7fk3y4smwktbTiP4imKDpt,spotify:artist:2oFpKn4dU93984sKQTgfAa,3
971,spotify:artist:7fk3y4smwktbTiP4imKDpt,spotify:artist:0zdWU6CpCGxh9DyWV8SQAA,3
972,spotify:artist:7fk3y4smwktbTiP4imKDpt,spotify:artist:1LOV9sTxy273nC95HA1rKu,3
973,spotify:artist:7fk3y4smwktbTiP4imKDpt,spotify:artist:2CfI4hoLZbxGgMcOYjnnwt,3
974,spotify:artist:7fk3y4smwktbTiP4imKDpt,spotify:artist:0pJylJJxz3CAT37gBtFcjj,3
975,spotify:artist:7fk3y4smwktbTiP4imKDpt,spotify:artist:5SHhwLU1p9w64fd1VAOWr4,3
976,spotify:artist:7fk3y4smwktbTiP4imKDpt,spotify:artist:6HF6oBtBSHvORTuhUnRGas,3
977,spotify:artist:7fk3y4smwktbTiP4imKDpt,spotify:artist:7si7N5XIsIH6PyGhamfF8e,3
978,spotify:artist:7fk3y4smwktbTiP4imKDpt,spotify:artist:1048abrwjsuNC1QWEnAOSl,3
979,spotify:artist:7fk3y4smwktbTiP4imKDpt,spotify:artist:56z66XGKLpTcREF5iPitMU,3
980,spotify:artist:3eia59jd3ARWNPiC8vT8IE,spotify:artist:6D5cbGRA9990Vd3XfM7Rfa,3
981,spotify:artist:3eia59jd3ARWNPiC8vT8IE,spotify:artist:1W4RYXlGQQNxMPgP8fWxqF,3
982,spotify:artist:3eia59jd3ARWNPiC8vT8IE,spotify:artist:56z66XGKLpTcREF5iPitMU,3
983,spotify:artist:3eia59jd3ARWNPiC8vT8IE,spotify:artist:7bVMGgM5YC8hlw6BYulg8b,3
984,spotify:artist:3eia59jd3ARWNPiC8vT8IE,spotify:artist:088o19Zn5MkTAV10nOZuy3,3
985,spotify:artist:3eia59jd3ARWNPiC8vT8IE,spotify:artist:0zdWU6CpCGxh9DyWV8SQAA,3
986,spotify:artist:3eia59jd3ARWNPiC8vT8IE,spotify:artist:72MmmQJccckGijuruZ6Spb,3
987,spotify:artist:3eia59jd3ARWNPiC8vT8IE,spotify:artist:55LH7awpWfXkAP6jRQ16IU,3
988,spotify:artist:3eia59jd3ARWNPiC8vT8IE,spotify:artist:2DN8W39IczbgysUzCnL3hb,3
989,spotify:artist:3eia59jd3ARWNPiC8vT8IE,spotify:artist:7mDcQbeY9H6XxIOGUi5OtM,3
990,spotify:artist:3eia59jd3ARWNPiC8vT8IE,spotify:artist:5vd6LsybGjYQrKMe1QSdix,3
991,spotify:artist:3eia59jd3ARWNPiC8vT8IE,spotify:artist:2sDfbgbPqK8cnEDV5bCyby,3
992,spotify:artist:3eia59jd3ARWNPiC8vT8IE,spotify:artist:4MH1RChC40PzV5sDO7NW5X,3
993,spotify:artist:3eia59jd3ARWNPiC8vT8IE,spotify:artist:7fk3y4smwktbTiP4imKDpt,3
994,spotify:artist:3eia59jd3ARWNPiC8vT8IE,spotify:artist:6MtOpoxEOshj3sjISdxg9Z,3
995,spotify:artist:3eia59jd3ARWNPiC8vT8IE,spotify:artist:2xalJuKFgZKeN0J6KI2u3N,3
996,spotify:artist:3eia59jd3ARWNPiC8vT8IE,spotify:artist:1uS4cYRRZRtauASIM9RxBG,3
997,spotify:artist:3eia59jd3ARWNPiC8vT8IE,spotify:artist:4BV8b3qLESs1d6sORkYzxR,3
998,spotify:artist:3eia59jd3ARWNPiC8vT8IE,spotify:artist:2oFpKn4dU93984sKQTgfAa,3
999,spotify:artist:3eia59jd3ARWNPiC8vT8IE,spotify:artist:1048abrwjsuNC1QWEnAOSl,3
1000,spotify:artist:6HF6oBtBSHvORTuhUnRGas,spotify:artist:1wTjVvGxIxcZrHCansPELR,3
1001,spotify:artist:6HF6oBtBSHvORTuhUnRGas,spotify:artist:1DsA0Dbq7WvsNkZZlrRZuz,3
1002,spotify:artist:6HF6oBtBSHvORTuhUnRGas,spotify:artist:0wCEunK5zOEYUnEfLqi9Rj,3
1003,spotify:artist:6HF6oBtBSHvORTuhUnRGas,spotify:artist:1bN9idF4rgIhaaKFpwgzoQ,3
1004,spotify:artist:6HF6oBtBSHvORTuhUnRGas,spotify:artist:2aDCVsozvx0fx4c6GOGu0G,3
1005,spotify:artist:6HF6oBtBSHvORTuhUnRGas,spotify:artist:3N6luldUvDYLWysSjkCqAN,3
1006,spotify:artist:6HF6oBtBSHvORTuhUnRGas,spotify:artist:32ovJ67AxXydzmuYbuflOp,3
1007,spotify:artist:6HF6oBtBSHvORTuhUnRGas,spotify:artist:72MmmQJccckGijuruZ6Spb,3
1008,spotify:artist:6HF6oBtBSHvORTuhUnRGas,spotify:artist:1VQB0XIrSpZj3xR4HQ3yvO,3
1009,spotify:artist:6HF6oBtBSHvORTuhUnRGas,spotify:artist:0r2eQrNWcvAi5VnD14r3I3,3
1010,spotify:artist:6HF6oBtBSHvORTuhUnRGas,spotify:artist:135UnVjvSQVYps8S7iYKPH,3
1011,spotify:artist:6HF6oBtBSHvORTuhUnRGas,spotify:artist:0j6w8JsaZsx5Vs3qECKnAx,3
1012,spotify:artist:6HF6oBtBSHvORTuhUnRGas,spotify:artist:4jiSPxmUX4pCusyF95uOul,3
1013,spotify:artist:6HF6oBtBSHvORTuhUnRGas,spotify:artist:0XB14ZHrZsqaWDJeQGLMem,3
1014,spotify:artist:6HF6oBtBSHvORTuhUnRGas,spotify:artist:1uS4cYRRZRtauASIM9RxBG,3
1015,spotify:artist:6HF6oBtBSHvORTuhUnRGas,spotify:artist:3rqALSvaM6NU1mHBQq9I8B,3
1016,spotify:artist:6HF6oBtBSHvORTuhUnRGas,spotify:artist:5vd6LsybGjYQrKMe1QSdix,3
1017,spotify:artist:6HF6oBtBSHvORTuhUnRGas,spotify:artist:35evikNPeHg0dD7x69l1u0,3
1018,spotify:artist:6HF6oBtBSHvORTuhUnRGas,spotify:artist:6MtOpoxEOshj3sjISdxg9Z,3
1019,spotify:artist:6HF6oBtBSHvORTuhUnRGas,spotify:artist:60OFBH3eDdUxP7ost2ul96,3
1020,spotify:artist:56z66XGKLpTcREF5iPitMU,spotify:artist:2sDfbgbPqK8cnEDV5bCyby,3
1021,spotify:artist:56z66XGKLpTcREF5iPitMU,spotify:artist:1uS4cYRRZRtauASIM9RxBG,3
1022,spotify:artist:56z66XGKLpTcREF5iPitMU,spotify:artist:1bN9idF4rgIhaaKFpwgzoQ,3
1023,spotify:artist:56z66XGKLpTcREF5iPitMU,spotify:artist:1DsA0Dbq7WvsNkZZlrRZuz,3
1024,spotify:artist:56z66XGKLpTcREF5iPitMU,spotify:artist:3eia59jd3ARWNPiC8vT8IE,3
1025,spotify:artist:56z66XGKLpTcREF5iPitMU,spotify:artist:3rqALSvaM6NU1mHBQq9I8B,3
1026,spotify:artist:56z66XGKLpTcREF5iPitMU,spotify:artist:1W4RYXlGQQNxMPgP8fWxqF,3
1027,spotify:artist:56z66XGKLpTcREF5iPitMU,spotify:artist:55LH7awpWfXkAP6jRQ16IU,3
1028,spotify:artist:56z66XGKLpTcREF5iPitMU,spotify:artist:2xalJuKFgZKeN0J6KI2u3N,3
1029,spotify:artist:56z66XGKLpTcREF5iPitMU,spotify:artist:6D5cbGRA9990Vd3XfM7Rfa,3
1030,spotify:artist:56z66XGKLpTcREF5iPitMU,spotify:artist:2YTbBGa3Tf2rRPhiJxWoUN,3
1031,spotify:artist:56z66XGKLpTcREF5iPitMU,spotify:artist:2fZi9haAj5vDtFy4J4bioD,3
1032,spotify:artist:56z66XGKLpTcREF5iPitMU,spotify:artist:0XB14ZHrZsqaWDJeQGLMem,3
1033,spotify:artist:56z66XGKLpTcREF5iPitMU,spotify:artist:7bVMGgM5YC8hlw6BYulg8b,3
1034,spotify:artist:56z66XGKLpTcREF5iPitMU,spotify:artist:35evikNPeHg0dD7x69l1u0,3
1035,spotify:artist:56z66XGKLpTcREF5iPitMU,spotify:artist:6HF6oBtBSHvORTuhUnRGas,3
1036,spotify:artist:56z66XGKLpTcREF5iPitMU,spotify:artist:0wCEunK5zOEYUnEfLqi9Rj,3
1037,spotify:artist:56z66XGKLpTcREF5iPitMU,spotify:artist:32ovJ67AxXydzmuYbuflOp,3
1038,spotify:artist:56z66XGKLpTcREF5iPitMU,spotify:artist:5vd6LsybGjYQrKMe1QSdix,3
1039,spotify:artist:56z66XGKLpTcREF5iPitMU,spotify:artist:3rclGaNhwMNMcU2GkN91j9,3
1040,spotify:artist:1Bywk4guQlRCG1HYib9mTF,spotify:artist:29IK3xMFyz4R6EgE9uRyAm,3
1041,spotify:artist:1Bywk4guQlRCG1HYib9mTF,spotify:artist:4ky35fBYrjbVpZUgnTcJl8,3
1042,spotify:artist:1Bywk4guQlRCG1HYib9mTF,spotify:artist:2fCyvnDEdnRubsGvtQFhMX,3
1043,spotify:artist:1Bywk4guQlRCG1HYib9mTF,spotify:artist:2COh4pNzrR9PzGII1tpZoB,3
1044,spotify:artist:1Bywk4guQlRCG1HYib9mTF,spotify:artist:5tUYqMn7b1liNQAFR5ufV8,3
1045,spotify:artist:1Bywk4guQlRCG1HYib9mTF,spotify:artist:28li5ILN3Mm2bOHWz0rauW,3
1046,spotify:artist:1Bywk4guQlRCG1HYib9mTF,spotify:artist:4o5JfVDOlw3TWmkQ4EpVdJ,3
1047,spotify:artist:1Bywk4guQlRCG1HYib9mTF,spotify:artist:0j6w8JsaZsx5Vs3qECKnAx,3
1048,spotify:artist:1Bywk4guQlRCG1HYib9mTF,spotify:artist:6MblysTZSkUomnJivFDjuw,3
1049,spotify:artist:1Bywk4guQlRCG1HYib9mTF,spotify:artist:56EBe1vvPPsv7Pk5rAaSck,3
1050,spotify:artist:1Bywk4guQlRCG1HYib9mTF,spotify:artist:1048abrwjsuNC1QWEnAOSl,3
1051,spotify:artist:1Bywk4guQlRCG1HYib9mTF,spotify:artist:43pUCMY9rbXAaW5pAdIdPI,3
1052,spotify:artist:1Bywk4guQlRCG1HYib9mTF,spotify:artist:1gTcxM7ZV6CiFtjIF7TGQ2,3
1053,spotify:artist:1Bywk4guQlRCG1HYib9mTF,spotify:artist:1yLBEXfJjZxL2ttN5c0nRk,3
1054,spotify:artist:1Bywk4guQlRCG1HYib9mTF,spotify:artist:6HF6oBtBSHvORTuhUnRGas,3
1055,spotify:artist:1Bywk4guQlRCG1HYib9mTF,spotify:artist:5nMpQ9tTgWkMASZ743Jaiu,3
1056,spotify:artist:1Bywk4guQlRCG1HYib9mTF,spotify:artist:0QJrZLDutksKmzhvvB0VQr,3
1057,spotify:artist:1Bywk4guQlRCG1HYib9mTF,spotify:artist:0wCEunK5zOEYUnEfLqi9Rj,3
1058,spotify:artist:1Bywk4guQlRCG1HYib9mTF,spotify:artist:3N6luldUvDYLWysSjkCqAN,3
1059,spotify:artist:1Bywk4guQlRCG1HYib9mTF,spotify:artist:1zw41LSzgVJcurgF1maRzY,3
1060,spotify:artist:0wCEunK5zOEYUnEfLqi9Rj,spotify:artist:1DsA0Dbq7WvsNkZZlrRZuz,3
1061,spotify:artist:0wCEunK5zOEYUnEfLqi9Rj,spotify:artist:2aDCVsozvx0fx4c6GOGu0G,3
1062,spotify:artist:0wCEunK5zOEYUnEfLqi9Rj,spotify:artist:1wTjVvGxIxcZrHCansPELR,3
1063,spotify:artist:0wCEunK5zOEYUnEfLqi9Rj,spotify:artist:0XB14ZHrZsqaWDJeQGLMem,3
1064,spotify:artist:0wCEunK5zOEYUnEfLqi9Rj,spotify:artist:4jiSPxmUX4pCusyF95uOul,3
1065,spotify:artist:0wCEunK5zOEYUnEfLqi9Rj,spotify:artist:0pJylJJxz3CAT37gBtFcjj,3
1066,spotify:artist:0wCEunK5zOEYUnEfLqi9Rj,spotify:artist:0r2eQrNWcvAi5VnD14r3I3,3
1067,spotify:artist:0wCEunK5zOEYUnEfLqi9Rj,spotify:artist:3rqALSvaM6NU1mHBQq9I8B,3
1068,spotify:artist:0wCEunK5zOEYUnEfLqi9Rj,spotify:artist:3LaHU3Xcdpq4UvTj74uYiK,3
1069,spotify:artist:0wCEunK5zOEYUnEfLqi9Rj,spotify:artist:1bN9idF4rgIhaaKFpwgzoQ,3
1070,spotify:artist:0wCEunK5zOEYUnEfLqi9Rj,spotify:artist:1nAFTfHqP2WGCKJDKH5yqx,3
1071,spotify:artist:0wCEunK5zOEYUnEfLqi9Rj,spotify:artist:135UnVjvSQVYps8S7iYKPH,3
1072,spotify:artist:0wCEunK5zOEYUnEfLqi9Rj,spotify:artist:1uS4cYRRZRtauASIM9RxBG,3
1073,spotify:artist:0wCEunK5zOEYUnEfLqi9Rj,spotify:artist:60OFBH3eDdUxP7ost2ul96,3
1074,spotify:artist:0wCEunK5zOEYUnEfLqi9Rj,spotify:artist:7pwThElmrxl0pjTwXMojCx,3
1075,spotify:artist:0wCEunK5zOEYUnEfLqi9Rj,spotify:artist:18cJjI3i4uyRVhql17jNHy,3
1076,spotify:artist:0wCEunK5zOEYUnEfLqi9Rj,spotify:artist:35evikNPeHg0dD7x69l1u0,3
1077,spotify:artist:0wCEunK5zOEYUnEfLqi9Rj,spotify:artist:6HF6oBtBSHvORTuhUnRGas,3
1078,spotify:artist:0wCEunK5zOEYUnEfLqi9Rj,spotify:artist:6K81sfkcLysvYdOjJeflId,3
1079,spotify:artist:0wCEunK5zOEYUnEfLqi9Rj,spotify:artist:7GEloje3Q81bWM0MBBNIOD,3
1080,spotify:artist:2COh4pNzrR9PzGII1tpZoB,spotify:artist:29IK3xMFyz4R6EgE9uRyAm,3
1081,spotify:artist:2COh4pNzrR9PzGII1tpZoB,spotify:artist:0QJrZLDutksKmzhvvB0VQr,3
1082,spotify:artist:2COh4pNzrR9PzGII1tpZoB,spotify:artist:1yLBEXfJjZxL2ttN5c0nRk,3
1083,spotify:artist:2COh4pNzrR9PzGII1tpZoB,spotify:artist:4ky35fBYrjbVpZUgnTcJl8,3
1084,spotify:artist:2COh4pNzrR9PzGII1tpZoB,spotify:artist:4o5JfVDOlw3TWmkQ4EpVdJ,3
1085,spotify:artist:2COh4pNzrR9PzGII1tpZoB,spotify:artist:1Bywk4guQlRCG1HYib9mTF,3
1086,spotify:artist:2COh4pNzrR9PzGII1tpZoB,spotify:artist:0j6w8JsaZsx5Vs3qECKnAx,3
1087,spotify:artist:2COh4pNzrR9PzGII1tpZoB,spotify:artist:5tUYqMn7b1liNQAFR5ufV8,3
1088,spotify:artist:2COh4pNzrR9PzGII1tpZoB,spotify:artist:6MblysTZSkUomnJivFDjuw,3
1089,spotify:artist:2COh4pNzrR9PzGII1tpZoB,spotify:artist:43pUCMY9rbXAaW5pAdIdPI,3
1090,spotify:artist:2COh4pNzrR9PzGII1tpZoB,spotify:artist:5vd6LsybGjYQrKMe1QSdix,3
1091,spotify:artist:2COh4pNzrR9PzGII1tpZoB,spotify:artist:2fCyvnDEdnRubsGvtQFhMX,3
1092,spotify:artist:2COh4pNzrR9PzGII1tpZoB,spotify:artist:28li5ILN3Mm2bOHWz0rauW,3
1093,spotify:artist:2COh4pNzrR9PzGII1tpZoB,spotify:artist:1UvHiSGuGW2qenVe4TTvKA,3
1094,spotify:artist:2COh4pNzrR9PzGII1tpZoB,spotify:artist:7M5ADAWMrkmYOF8yGcuiUA,3
1095,spotify:artist:2COh4pNzrR9PzGII1tpZoB,spotify:artist:1gTcxM7ZV6CiFtjIF7TGQ2,3
1096,spotify:artist:2COh4pNzrR9PzGII1tpZoB,spotify:artist:6KK4IApPdBRetEiRCristd,3
1097,spotify:artist:2COh4pNzrR9PzGII1tpZoB,spotify:artist:3N6luldUvDYLWysSjkCqAN,3
1098,spotify:artist:2COh4pNzrR9PzGII1tpZoB,spotify:artist:4fY30VmU6LzXSUZ2z7keud,3
1099,spotify:artist:2COh4pNzrR9PzGII1tpZoB,spotify:artist:5nMpQ9tTgWkMASZ743Jaiu,3
1100,spotify:artist:1DsA0Dbq7WvsNkZZlrRZuz,spotify:artist:3LaHU3Xcdpq4UvTj74uYiK,3
1101,spotify:artist:1DsA0Dbq7WvsNkZZlrRZuz,spotify:artist:0XB14ZHrZsqaWDJeQGLMem,3
1102,spotify:artist:1DsA0Dbq7WvsNkZZlrRZuz,spotify:artist:2aDCVsozvx0fx4c6GOGu0G,3
1103,spotify:artist:1DsA0Dbq7WvsNkZZlrRZuz,spotify:artist:7pwThElmrxl0pjTwXMojCx,3
1104,spotify:artist:1DsA0Dbq7WvsNkZZlrRZuz,spotify:artist:1bN9idF4rgIhaaKFpwgzoQ,3
1105,spotify:artist:1DsA0Dbq7WvsNkZZlrRZuz,spotify:artist:4jiSPxmUX4pCusyF95uOul,3
1106,spotify:artist:1DsA0Dbq7WvsNkZZlrRZuz,spotify:artist:1uS4cYRRZRtauASIM9RxBG,3
1107,spotify:artist:1DsA0Dbq7WvsNkZZlrRZuz,spotify:artist:1wTjVvGxIxcZrHCansPELR,3
1108,spotify:artist:1DsA0Dbq7WvsNkZZlrRZuz,spotify:artist:1nAFTfHqP2WGCKJDKH5yqx,3
1109,spotify:artist:1DsA0Dbq7WvsNkZZlrRZuz,spotify:artist:3rqALSvaM6NU1mHBQq9I8B,3
1110,spotify:artist:1DsA0Dbq7WvsNkZZlrRZuz,spotify:artist:0wCEunK5zOEYUnEfLqi9Rj,3
1111,spotify:artist:1DsA0Dbq7WvsNkZZlrRZuz,spotify:artist:0pJylJJxz3CAT37gBtFcjj,3
1112,spotify:artist:1DsA0Dbq7WvsNkZZlrRZuz,spotify:artist:0r2eQrNWcvAi5VnD14r3I3,3
1113,spotify:artist:1DsA0Dbq7WvsNkZZlrRZuz,spotify:artist:3OHbToMuJihWhRcqzKjpBd,3
1114,spotify:artist:1DsA0Dbq7WvsNkZZlrRZuz,spotify:artist:18cJjI3i4uyRVhql17jNHy,3
1115,spotify:artist:1DsA0Dbq7WvsNkZZlrRZuz,spotify:artist:60OFBH3eDdUxP7ost2ul96,3
1116,spotify:artist:1DsA0Dbq7WvsNkZZlrRZuz,spotify:artist:4o2H4Ep301KwKiMsa0EkHe,3
1117,spotify:artist:1DsA0Dbq7WvsNkZZlrRZuz,spotify:artist:135UnVjvSQVYps8S7iYKPH,3
1118,spotify:artist:1DsA0Dbq7WvsNkZZlrRZuz,spotify:artist:0zUDeBCtajKzgNJTeWQiNi,3
1119,spotify:artist:1DsA0Dbq7WvsNkZZlrRZuz,spotify:artist:6pCn3f8YOHfOUcY2XBS0jE,3
1120,spotify:artist:32ovJ67AxXydzmuYbuflOp,spotify:artist:5vd6LsybGjYQrKMe1QSdix,3
1121,spotify:artist:32ovJ67AxXydzmuYbuflOp,spotify:artist:6HF6oBtBSHvORTuhUnRGas,3
1122,spotify:artist:32ovJ67AxXydzmuYbuflOp,spotify:artist:6MtOpoxEOshj3sjISdxg9Z,3
1123,spotify:artist:32ovJ67AxXydzmuYbuflOp,spotify:artist:1DsA0Dbq7WvsNkZZlrRZuz,3
1124,spotify:artist:32ovJ67AxXydzmuYbuflOp,spotify:artist:0wCEunK5zOEYUnEfLqi9Rj,3
1125,spotify:artist:32ovJ67AxXydzmuYbuflOp,spotify:artist:72MmmQJccckGijuruZ6Spb,3
1126,spotify:artist:32ovJ67AxXydzmuYbuflOp,spotify:artist:1bN9idF4rgIhaaKFpwgzoQ,3
1127,spotify:artist:32ovJ67AxXydzmuYbuflOp,spotify:artist:7bVMGgM5YC8hlw6BYulg8b,3
1128,spotify:artist:32ovJ67AxXydzmuYbuflOp,spotify:artist:1VQB0XIrSpZj3xR4HQ3yvO,3
1129,spotify:artist:32ovJ67AxXydzmuYbuflOp,spotify:artist:0j6w8JsaZsx5Vs3qECKnAx,3
1130,spotify:artist:32ovJ67AxXydzmuYbuflOp,spotify:artist:1W4RYXlGQQNxMPgP8fWxqF,3
1131,spotify:artist:32ovJ67AxXydzmuYbuflOp,spotify:artist:1wTjVvGxIxcZrHCansPELR,3
1132,spotify:artist:32ovJ67AxXydzmuYbuflOp,spotify:artist:1uS4cYRRZRtauASIM9RxBG,3
1133,spotify:artist:32ovJ67AxXydzmuYbuflOp,spotify:artist:135UnVjvSQVYps8S7iYKPH,3
1134,spotify:artist:32ovJ67AxXydzmuYbuflOp,spotify:artist:3rqALSvaM6NU1mHBQq9I8B,3
1135,spotify:artist:32ovJ67AxXydzmuYbuflOp,spotify:artist:56z66XGKLpTcREF5iPitMU,3
1136,spotify:artist:32ovJ67AxXydzmuYbuflOp,spotify:artist:6KK4IApPdBRetEiRCristd,3
1137,spotify:artist:32ovJ67AxXydzmuYbuflOp,spotify:artist:29IK3xMFyz4R6EgE9uRyAm,3
1138,spotify:artist:32ovJ67AxXydzmuYbuflOp,spotify:artist:2Q3G6QH742CWVrhNEOdUzo,3
1139,spotify:artist:32ovJ67AxXydzmuYbuflOp,spotify:artist:0pJylJJxz3CAT37gBtFcjj,3
1140,spotify:artist:5tUYqMn7b1liNQAFR5ufV8,spotify:artist:1Bywk4guQlRCG1HYib9mTF,3
1141,spotify:artist:5tUYqMn7b1liNQAFR5ufV8,spotify:artist:29IK3xMFyz4R6EgE9uRyAm,3
1142,spotify:artist:5tUYqMn7b1liNQAFR5ufV8,spotify:artist:2COh4pNzrR9PzGII1tpZoB,3
1143,spotify:artist:5tUYqMn7b1liNQAFR5ufV8,spotify:artist:4o5JfVDOlw3TWmkQ4EpVdJ,3
1144,spotify:artist:5tUYqMn7b1liNQAFR5ufV8,spotify:artist:4ky35fBYrjbVpZUgnTcJl8,3
1145,spotify:artist:5tUYqMn7b1liNQAFR5ufV8,spotify:artist:6MblysTZSkUomnJivFDjuw,3
1146,spotify:artist:5tUYqMn7b1liNQAFR5ufV8,spotify:artist:5nMpQ9tTgWkMASZ743Jaiu,3
1147,spotify:artist:5tUYqMn7b1liNQAFR5ufV8,spotify:artist:1048abrwjsuNC1QWEnAOSl,3
1148,spotify:artist:5tUYqMn7b1liNQAFR5ufV8,spotify:artist:0zdWU6CpCGxh9DyWV8SQAA,3
1149,spotify:artist:5tUYqMn7b1liNQAFR5ufV8,spotify:artist:6HF6oBtBSHvORTuhUnRGas,3
1150,spotify:artist:5tUYqMn7b1liNQAFR5ufV8,spotify:artist:72MmmQJccckGijuruZ6Spb,3
1151,spotify:artist:5tUYqMn7b1liNQAFR5ufV8,spotify:artist:1W4RYXlGQQNxMPgP8fWxqF,3
1152,spotify:artist:5tUYqMn7b1liNQAFR5ufV8,spotify:artist:43pUCMY9rbXAaW5pAdIdPI,3
1153,spotify:artist:5tUYqMn7b1liNQAFR5ufV8,spotify:artist:5vd6LsybGjYQrKMe1QSdix,3
1154,spotify:artist:5tUYqMn7b1liNQAFR5ufV8,spotify:artist:1yLBEXfJjZxL2ttN5c0nRk,3
1155,spotify:artist:5tUYqMn7b1liNQAFR5ufV8,spotify:artist:0j6w8JsaZsx5Vs3qECKnAx,3
1156,spotify:artist:5tUYqMn7b1liNQAFR5ufV8,spotify:artist:7bVMGgM5YC8hlw6BYulg8b,3
1157,spotify:artist:5tUYqMn7b1liNQAFR5ufV8,spotify:artist:2fCyvnDEdnRubsGvtQFhMX,3
1158,spotify:artist:5tUYqMn7b1liNQAFR5ufV8,spotify:artist:0QJrZLDutksKmzhvvB0VQr,3
1159,spotify:artist:5tUYqMn7b1liNQAFR5ufV8,spotify:artist:28li5ILN3Mm2bOHWz0rauW,3
1160,spotify:artist:2fCyvnDEdnRubsGvtQFhMX,spotify:artist:29IK3xMFyz4R6EgE9uRyAm,3
1161,spotify:artist:2fCyvnDEdnRubsGvtQFhMX,spotify:artist:1Bywk4guQlRCG1HYib9mTF,3
1162,spotify:artist:2fCyvnDEdnRubsGvtQFhMX,spotify:artist:28li5ILN3Mm2bOHWz0rauW,3
1163,spotify:artist:2fCyvnDEdnRubsGvtQFhMX,spotify:artist:4ky35fBYrjbVpZUgnTcJl8,3
1164,spotify:artist:2fCyvnDEdnRubsGvtQFhMX,spotify:artist:56EBe1vvPPsv7Pk5rAaSck,3
1165,spotify:artist:2fCyvnDEdnRubsGvtQFhMX,spotify:artist:4o5JfVDOlw3TWmkQ4EpVdJ,3
1166,spotify:artist:2fCyvnDEdnRubsGvtQFhMX,spotify:artist:6MblysTZSkUomnJivFDjuw,3
1167,spotify:artist:2fCyvnDEdnRubsGvtQFhMX,spotify:artist:43pUCMY9rbXAaW5pAdIdPI,3
1168,spotify:artist:2fCyvnDEdnRubsGvtQFhMX,spotify:artist:0j6w8JsaZsx5Vs3qECKnAx,3
1169,spotify:artist:2fCyvnDEdnRubsGvtQFhMX,spotify:artist:2COh4pNzrR9PzGII1tpZoB,3
1170,spotify:artist:2fCyvnDEdnRubsGvtQFhMX,spotify:artist:1gTcxM7ZV6CiFtjIF7TGQ2,3
1171,spotify:artist:2fCyvnDEdnRubsGvtQFhMX,spotify:artist:4LXO7kHg92KmAFcr5YUAWp,3
1172,spotify:artist:2fCyvnDEdnRubsGvtQFhMX,spotify:artist:5tUYqMn7b1liNQAFR5ufV8,3
1173,spotify:artist:2fCyvnDEdnRubsGvtQFhMX,spotify:artist:1yLBEXfJjZxL2ttN5c0nRk,3
1174,spotify:artist:2fCyvnDEdnRubsGvtQFhMX,spotify:artist:5VjtKURYU9IyyZpYVhz1ka,3
1175,spotify:artist:2fCyvnDEdnRubsGvtQFhMX,spotify:artist:1zw41LSzgVJcurgF1maRzY,3
1176,spotify:artist:2fCyvnDEdnRubsGvtQFhMX,spotify:artist:4fY30VmU6LzXSUZ2z7keud,3
1177,spotify:artist:2fCyvnDEdnRubsGvtQFhMX,spotify:artist:0QJrZLDutksKmzhvvB0VQr,3
1178,spotify:artist:2fCyvnDEdnRubsGvtQFhMX,spotify:artist:4MH1RChC40PzV5sDO7NW5X,3
1179,spotify:artist:2fCyvnDEdnRubsGvtQFhMX,spotify:artist:1048abrwjsuNC1QWEnAOSl,3
1180,spotify:artist:3rclGaNhwMNMcU2GkN91j9,spotify:artist:7pwThElmrxl0pjTwXMojCx,3
1181,spotify:artist:3rclGaNhwMNMcU2GkN91j9,spotify:artist:0XB14ZHrZsqaWDJeQGLMem,3
1182,spotify:artist:3rclGaNhwMNMcU2GkN91j9,spotify:artist:1bN9idF4rgIhaaKFpwgzoQ,3
1183,spotify:artist:3rclGaNhwMNMcU2GkN91j9,spotify:artist:1uS4cYRRZRtauASIM9RxBG,3
1184,spotify:artist:3rclGaNhwMNMcU2GkN91j9,spotify:artist:2aDCVsozvx0fx4c6GOGu0G,3
1185,spotify:artist:3rclGaNhwMNMcU2GkN91j9,spotify:artist:1DsA0Dbq7WvsNkZZlrRZuz,3
1186,spotify:artist:3rclGaNhwMNMcU2GkN91j9,spotify:artist:3LaHU3Xcdpq4UvTj74uYiK,3
1187,spotify:artist:3rclGaNhwMNMcU2GkN91j9,spotify:artist:60OFBH3eDdUxP7ost2ul96,3
1188,spotify:artist:3rclGaNhwMNMcU2GkN91j9,spotify:artist:3OHbToMuJihWhRcqzKjpBd,3
1189,spotify:artist:3rclGaNhwMNMcU2GkN91j9,spotify:artist:0zUDeBCtajKzgNJTeWQiNi,3
1190,spotify:artist:3rclGaNhwMNMcU2GkN91j9,spotify:artist:1nAFTfHqP2WGCKJDKH5yqx,3
1191,spotify:artist:3rclGaNhwMNMcU2GkN91j9,spotify:artist:4jiSPxmUX4pCusyF95uOul,3
1192,spotify:artist:3rclGaNhwMNMcU2GkN91j9,spotify:artist:7oFwFLcW5btR2tHAnPqnDH,3
1193,spotify:artist:3rclGaNhwMNMcU2GkN91j9,spotify:artist:6OAueBADydAjR5lP5NqTvv,3
1194,spotify:artist:3rclGaNhwMNMcU2GkN91j9,spotify:artist:11zG3SH7tJ36wYmCJ2oWyB,3
1195,spotify:artist:3rclGaNhwMNMcU2GkN91j9,spotify:artist:2Oj3PPRT1wz01Nvno7Nad0,3
1196,spotify:artist:3rclGaNhwMNMcU2GkN91j9,spotify:artist:1wTjVvGxIxcZrHCansPELR,3
1197,spotify:artist:3rclGaNhwMNMcU2GkN91j9,spotify:artist:4KlYg0F5KG9QNDFKaeTNAy,3
1198,spotify:artist:3rclGaNhwMNMcU2GkN91j9,spotify:artist:1ZJYzl0sevnazdNkEYsAOW,3
1199,spotify:artist:3rclGaNhwMNMcU2GkN91j9,spotify:artist:5TKuTLuNdfcZ0U9g5sHafC,3
1200,spotify:artist:02H31CnpbUN3ngYxN3SHBN,spotify:artist:4B6VOVChpmPT3P22CmOUbO,3
1201,spotify:artist:02H31CnpbUN3ngYxN3SHBN,spotify:artist:7D72FEQwvuv8cIUl5Rbp7A,3
1202,spotify:artist:02H31CnpbUN3ngYxN3SHBN,spotify:artist:7teDZRXA0CAs5U3QMcvW3s,3
1203,spotify:artist:02H31CnpbUN3ngYxN3SHBN,spotify:artist:7HRosqc2irGpixMFV8xWUO,3
1204,spotify:artist:02H31CnpbUN3ngYxN3SHBN,spotify:artist:3xYNGCooNIzKMAtJYKSOyq,3
1205,spotify:artist:02H31CnpbUN3ngYxN3SHBN,spotify:artist:3lQpSzdPxoF1FYk7ilbe37,3
1206,spotify:artist:02H31CnpbUN3ngYxN3SHBN,spotify:artist:1zXYkLlzE33tpRwmhxCxRA,3
1207,spotify:artist:02H31CnpbUN3ngYxN3SHBN,spotify:artist:67drSMarzjhEXxEJ2ATLfE,3
1208,spotify:artist:02H31CnpbUN3ngYxN3SHBN,spotify:artist:2ycnb8Er79LoH2AsR5ldjh,3
1209,spotify:artist:02H31CnpbUN3ngYxN3SHBN,spotify:artist:7nBZYpVAH6bD0QlD7Mpil7,3
1210,spotify:artist:02H31CnpbUN3ngYxN3SHBN,spotify:artist:46h3caIKtqPlEfRHuSdibg,3
1211,spotify:artist:02H31CnpbUN3ngYxN3SHBN,spotify:artist:5MhLmv7GgyjbxGqiIGasvT,3
1212,spotify:artist:02H31CnpbUN3ngYxN3SHBN,spotify:artist:28yIUgPYZqgJoNZjeBvrHn,3
1213,spotify:artist:02H31CnpbUN3ngYxN3SHBN,spotify:artist:71kSWeYFioviuty6e3aj5k,3
1214,spotify:artist:02H31CnpbUN3ngYxN3SHBN,spotify:artist:2YTbBGa3Tf2rRPhiJxWoUN,3
1215,spotify:artist:02H31CnpbUN3ngYxN3SHBN,spotify:artist:1N2FgBLehaq77UEdJhCt7f,3
1216,spotify:artist:02H31CnpbUN3ngYxN3SHBN,spotify:artist:7wJ9NwdRWtN92NunmXuwBk,3
1217,spotify:artist:02H31CnpbUN3ngYxN3SHBN,spotify:artist:0z5DFXmhT4ZNzWElsM7V89,3
1218,spotify:artist:02H31CnpbUN3ngYxN3SHBN,spotify:artist:7xFnmid57ZE6iWEXdEXO3b,3
1219,spotify:artist:02H31CnpbUN3ngYxN3SHBN,spotify:artist:0dmPX6ovclgOy8WWJaFEUU,3
1220,spotify:artist:7teDZRXA0CAs5U3QMcvW3s,spotify:artist:02H31CnpbUN3ngYxN3SHBN,3
1221,spotify:artist:7teDZRXA0CAs5U3QMcvW3s,spotify:artist:4B6VOVChpmPT3P22CmOUbO,3
1222,spotify:artist:7teDZRXA0CAs5U3QMcvW3s,spotify:artist:3xYNGCooNIzKMAtJYKSOyq,3
1223,spotify:artist:7teDZRXA0CAs5U3QMcvW3s,spotify:artist:4HmCBPCT7xqWMyFA0d630S,3
1224,spotify:artist:7teDZRXA0CAs5U3QMcvW3s,spotify:artist:6WnMRuao2JDCa6hWQ0OZvp,3
1225,spotify:artist:7teDZRXA0CAs5U3QMcvW3s,spotify:artist:4w7cz6bHZgCsK73pT9FS5r,3
1226,spotify:artist:7teDZRXA0CAs5U3QMcvW3s,spotify:artist:7oL5JUB38dTLArbTuQzvhH,3
1227,spotify:artist:7teDZRXA0CAs5U3QMcvW3s,spotify:artist:1Dw1IJZ25iDrsv3ORHcAg8,3
1228,spotify:artist:7teDZRXA0CAs5U3QMcvW3s,spotify:artist:42acKOlY8zCOuG9gkBGjY1,3
1229,spotify:artist:7teDZRXA0CAs5U3QMcvW3s,spotify:artist:0P8SaMXPq4dD5h5vge0vw5,3
1230,spotify:artist:7teDZRXA0CAs5U3QMcvW3s,spotify:artist:7bPyLBlztYYAgJ61bmXRmR,3
1231,spotify:artist:7teDZRXA0CAs5U3QMcvW3s,spotify:artist:0FAQHwTry4NrLAaQAui1AC,3
1232,spotify:artist:7teDZRXA0CAs5U3QMcvW3s,spotify:artist:18i2PK87yGT3vyjFF43Rrc,3
1233,spotify:artist:7teDZRXA0CAs5U3QMcvW3s,spotify:artist:3L6utCoX6zYKzOsZkYtNgx,3
1234,spotify:artist:7teDZRXA0CAs5U3QMcvW3s,spotify:artist:512nVrki2AFB7ZARQVVwXq,3
1235,spotify:artist:7teDZRXA0CAs5U3QMcvW3s,spotify:artist:4sb5Af1WevuatXpO2bp9tz,3
1236,spotify:artist:7teDZRXA0CAs5U3QMcvW3s,spotify:artist:3A08OLjiihox9ReygnQlOz,3
1237,spotify:artist:7teDZRXA0CAs5U3QMcvW3s,spotify:artist:0iuZHgSIsEMX1934hgHCeQ,3
1238,spotify:artist:7teDZRXA0CAs5U3QMcvW3s,spotify:artist:1hZeeq9CPZlVee4UkYaiYC,3
1239,spotify:artist:7teDZRXA0CAs5U3QMcvW3s,spotify:artist:38G8yP1Wp70von4FQ9LN6u,3
1240,spotify:artist:0z5DFXmhT4ZNzWElsM7V89,spotify:artist:1G1mX30GpUJqOr1QU2eBSs,3
1241,spotify:artist:0z5DFXmhT4ZNzWElsM7V89,spotify:artist:2ycnb8Er79LoH2AsR5ldjh,3
1242,spotify:artist:0z5DFXmhT4ZNzWElsM7V89,spotify:artist:1XSKLwRyT1GttGP7fqr5o5,3
1243,spotify:artist:0z5DFXmhT4ZNzWElsM7V89,spotify:artist:5WWSL6rElJeUk3Uc1S2RyD,3
1244,spotify:artist:0z5DFXmhT4ZNzWElsM7V89,spotify:artist:2wpWOzQE5TpA0dVnh5YD08,3
1245,spotify:artist:0z5DFXmhT4ZNzWElsM7V89,spotify:artist:1aX2dmV8XoHYCOQRxjPESG,3
1246,spotify:artist:0z5DFXmhT4ZNzWElsM7V89,spotify:artist:2jzc5TC5TVFLXQlBNiIUzE,3
1247,spotify:artist:0z5DFXmhT4ZNzWElsM7V89,spotify:artist:5jVeqi3PNaTOajfvBa4uFn,3
1248,spotify:artist:0z5DFXmhT4ZNzWElsM7V89,spotify:artist:6loBF9iQdE11WSX29fNKqY,3
1249,spotify:artist:0z5DFXmhT4ZNzWElsM7V89,spotify:artist:7wJ9NwdRWtN92NunmXuwBk,3
1250,spotify:artist:0z5DFXmhT4ZNzWElsM7V89,spotify:artist:6bJUzb3mLEYCkTAp7eNJgO,3
1251,spotify:artist:0z5DFXmhT4ZNzWElsM7V89,spotify:artist:0xliTEbFfy5HQHvsTknTkX,3
1252,spotify:artist:0z5DFXmhT4ZNzWElsM7V89,spotify:artist:2s79xe5F6eUQkjwjww27Fh,3
1253,spotify:artist:0z5DFXmhT4ZNzWElsM7V89,spotify:artist:0lZoBs4Pzo7R89JM9lxwoT,3
1254,spotify:artist:0z5DFXmhT4ZNzWElsM7V89,spotify:artist:17U2ImH5IyYMvjkCfPhMHT,3
1255,spotify:artist:0z5DFXmhT4ZNzWElsM7V89,spotify:artist:0uAjBatvB4ubpd4kCfjmNt,3
1256,spotify:artist:0z5DFXmhT4ZNzWElsM7V89,spotify:artist:1mZu3rO7qSD09GdDpePHhY,3
1257,spotify:artist:0z5DFXmhT4ZNzWElsM7V89,spotify:artist:3iUjRVvYCsMfz7tuAQtBDI,3
1258,spotify:artist:0z5DFXmhT4ZNzWElsM7V89,spotify:artist:3LtBdgNHdH0Ix8hCFZ4NJG,3
1259,spotify:artist:0z5DFXmhT4ZNzWElsM7V89,spotify:artist:762310PdDnwsDxAQxzQkfX,3
1260,spotify:artist:2ycnb8Er79LoH2AsR5ldjh,spotify:artist:0z5DFXmhT4ZNzWElsM7V89,3
1261,spotify:artist:2ycnb8Er79LoH2AsR5ldjh,spotify:artist:1G1mX30GpUJqOr1QU2eBSs,3
1262,spotify:artist:2ycnb8Er79LoH2AsR5ldjh,spotify:artist:1aX2dmV8XoHYCOQRxjPESG,3
1263,spotify:artist:2ycnb8Er79LoH2AsR5ldjh,spotify:artist:2wpWOzQE5TpA0dVnh5YD08,3
1264,spotify:artist:2ycnb8Er79LoH2AsR5ldjh,spotify:artist:2s79xe5F6eUQkjwjww27Fh,3
1265,spotify:artist:2ycnb8Er79LoH2AsR5ldjh,spotify:artist:2jzc5TC5TVFLXQlBNiIUzE,3
1266,spotify:artist:2ycnb8Er79LoH2AsR5ldjh,spotify:artist:0xliTEbFfy5HQHvsTknTkX,3
1267,spotify:artist:2ycnb8Er79LoH2AsR5ldjh,spotify:artist:28yIUgPYZqgJoNZjeBvrHn,3
1268,spotify:artist:2ycnb8Er79LoH2AsR5ldjh,spotify:artist:5jVeqi3PNaTOajfvBa4uFn,3
1269,spotify:artist:2ycnb8Er79LoH2AsR5ldjh,spotify:artist:1mZu3rO7qSD09GdDpePHhY,3
1270,spotify:artist:2ycnb8Er79LoH2AsR5ldjh,spotify:artist:7wJ9NwdRWtN92NunmXuwBk,3
1271,spotify:artist:2ycnb8Er79LoH2AsR5ldjh,spotify:artist:5WWSL6rElJeUk3Uc1S2RyD,3
1272,spotify:artist:2ycnb8Er79LoH2AsR5ldjh,spotify:artist:0NKDgy9j66h3DLnN8qu1bB,3
1273,spotify:artist:2ycnb8Er79LoH2AsR5ldjh,spotify:artist:3xYNGCooNIzKMAtJYKSOyq,3
1274,spotify:artist:2ycnb8Er79LoH2AsR5ldjh,spotify:artist:0lZoBs4Pzo7R89JM9lxwoT,3
1275,spotify:artist:2ycnb8Er79LoH2AsR5ldjh,spotify:artist:6bJUzb3mLEYCkTAp7eNJgO,3
1276,spotify:artist:2ycnb8Er79LoH2AsR5ldjh,spotify:artist:6loBF9iQdE11WSX29fNKqY,3
1277,spotify:artist:2ycnb8Er79LoH2AsR5ldjh,spotify:artist:0yNLKJebCb8Aueb54LYya3,3
1278,spotify:artist:2ycnb8Er79LoH2AsR5ldjh,spotify:artist:6kz53iCdBSqhQCZ21CoLcc,3
1279,spotify:artist:2ycnb8Er79LoH2AsR5ldjh,spotify:artist:2urZrEdsq72kx0UzfYN8Yv,3
1280,spotify:artist:3FTxQTEzrX6tcJYSlsdUle,spotify:artist:46h3caIKtqPlEfRHuSdibg,3
1281,spotify:artist:3FTxQTEzrX6tcJYSlsdUle,spotify:artist:3SZrTMcVtCUyiuX3svX0rV,3
1282,spotify:artist:3FTxQTEzrX6tcJYSlsdUle,spotify:artist:0AEDwJyvLfojF4iKEmJDMT,3
1283,spotify:artist:3FTxQTEzrX6tcJYSlsdUle,spotify:artist:1G1mX30GpUJqOr1QU2eBSs,3
1284,spotify:artist:3FTxQTEzrX6tcJYSlsdUle,spotify:artist:0z5DFXmhT4ZNzWElsM7V89,3
1285,spotify:artist:3FTxQTEzrX6tcJYSlsdUle,spotify:artist:3LtBdgNHdH0Ix8hCFZ4NJG,3
1286,spotify:artist:3FTxQTEzrX6tcJYSlsdUle,spotify:artist:2YTbBGa3Tf2rRPhiJxWoUN,3
1287,spotify:artist:3FTxQTEzrX6tcJYSlsdUle,spotify:artist:6LQeBFIfD4C22RJVVjQ6S7,3
1288,spotify:artist:3FTxQTEzrX6tcJYSlsdUle,spotify:artist:7nBZYpVAH6bD0QlD7Mpil7,3
1289,spotify:artist:3FTxQTEzrX6tcJYSlsdUle,spotify:artist:3xYNGCooNIzKMAtJYKSOyq,3
1290,spotify:artist:3FTxQTEzrX6tcJYSlsdUle,spotify:artist:1XSKLwRyT1GttGP7fqr5o5,3
1291,spotify:artist:3FTxQTEzrX6tcJYSlsdUle,spotify:artist:0zdWU6CpCGxh9DyWV8SQAA,3
1292,spotify:artist:3FTxQTEzrX6tcJYSlsdUle,spotify:artist:5WWSL6rElJeUk3Uc1S2RyD,3
1293,spotify:artist:3FTxQTEzrX6tcJYSlsdUle,spotify:artist:4i4GEAAbwYB2ilhJAT5kOG,3
1294,spotify:artist:3FTxQTEzrX6tcJYSlsdUle,spotify:artist:1m3xxj0iHUjur3yQjVvAD2,3
1295,spotify:artist:3FTxQTEzrX6tcJYSlsdUle,spotify:artist:1048abrwjsuNC1QWEnAOSl,3
1296,spotify:artist:3FTxQTEzrX6tcJYSlsdUle,spotify:artist:6yVCJmap0wrEq1d7TNAGJc,3
1297,spotify:artist:3FTxQTEzrX6tcJYSlsdUle,spotify:artist:2BWfZGPtsjRlRp7JTDqI45,3
1298,spotify:artist:3FTxQTEzrX6tcJYSlsdUle,spotify:artist:7zkGCcaPSB7nLCtaxEWWE1,3
1299,spotify:artist:3FTxQTEzrX6tcJYSlsdUle,spotify:artist:71kSWeYFioviuty6e3aj5k,3
1300,spotify:artist:7nBZYpVAH6bD0QlD7Mpil7,spotify:artist:6aq8T2RcspxVOGgMrTzjWc,3
1301,spotify:artist:7nBZYpVAH6bD0QlD7Mpil7,spotify:artist:3LtBdgNHdH0Ix8hCFZ4NJG,3
1302,spotify:artist:7nBZYpVAH6bD0QlD7Mpil7,spotify:artist:0EPf9vAXPdFV5Ezp1sMX8B,3
1303,spotify:artist:7nBZYpVAH6bD0QlD7Mpil7,spotify:artist:5PYuBRQMHh7nWmdV076sH9,3
1304,spotify:artist:7nBZYpVAH6bD0QlD7Mpil7,spotify:artist:28yIUgPYZqgJoNZjeBvrHn,3
1305,spotify:artist:7nBZYpVAH6bD0QlD7Mpil7,spotify:artist:1G1mX30GpUJqOr1QU2eBSs,3
1306,spotify:artist:7nBZYpVAH6bD0QlD7Mpil7,spotify:artist:2wpWOzQE5TpA0dVnh5YD08,3
1307,spotify:artist:7nBZYpVAH6bD0QlD7Mpil7,spotify:artist:3iUjRVvYCsMfz7tuAQtBDI,3
1308,spotify:artist:7nBZYpVAH6bD0QlD7Mpil7,spotify:artist:1aX2dmV8XoHYCOQRxjPESG,3
1309,spotify:artist:7nBZYpVAH6bD0QlD7Mpil7,spotify:artist:2N4isf5pypyuDVpBofqEN8,3
1310,spotify:artist:7nBZYpVAH6bD0QlD7Mpil7,spotify:artist:7vPXrGlSGukcwpaPxUfKKR,3
1311,spotify:artist:7nBZYpVAH6bD0QlD7Mpil7,spotify:artist:7GsdZ6T45uXudJ8Wsko9sB,3
1312,spotify:artist:7nBZYpVAH6bD0QlD7Mpil7,spotify:artist:2s79xe5F6eUQkjwjww27Fh,3
1313,spotify:artist:7nBZYpVAH6bD0QlD7Mpil7,spotify:artist:5KQMtyPE8DCQNUzoNqlEsE,3
1314,spotify:artist:7nBZYpVAH6bD0QlD7Mpil7,spotify:artist:4xAp8DM4iDR67SRodGv4dM,3
1315,spotify:artist:7nBZYpVAH6bD0QlD7Mpil7,spotify:artist:36pk438TUUMdX59j1zbvTu,3
1316,spotify:artist:7nBZYpVAH6bD0QlD7Mpil7,spotify:artist:7pwjGKaqnfkvS7eQbHaqyH,3
1317,spotify:artist:7nBZYpVAH6bD0QlD7Mpil7,spotify:artist:0WUphJOGHE5i95IeR87hsO,3
1318,spotify:artist:7nBZYpVAH6bD0QlD7Mpil7,spotify:artist:46h3caIKtqPlEfRHuSdibg,3
1319,spotify:artist:7nBZYpVAH6bD0QlD7Mpil7,spotify:artist:7wJ9NwdRWtN92NunmXuwBk,3
1320,spotify:artist:46h3caIKtqPlEfRHuSdibg,spotify:artist:3xYNGCooNIzKMAtJYKSOyq,3
1321,spotify:artist:46h3caIKtqPlEfRHuSdibg,spotify:artist:5E704N5StxMVKpalhaJ5L3,3
1322,spotify:artist:46h3caIKtqPlEfRHuSdibg,spotify:artist:0N3oP3Si8ihzFUrU6kITZ8,3
1323,spotify:artist:46h3caIKtqPlEfRHuSdibg,spotify:artist:28yIUgPYZqgJoNZjeBvrHn,3
1324,spotify:artist:46h3caIKtqPlEfRHuSdibg,spotify:artist:3LtBdgNHdH0Ix8hCFZ4NJG,3
1325,spotify:artist:46h3caIKtqPlEfRHuSdibg,spotify:artist:5PYuBRQMHh7nWmdV076sH9,3
1326,spotify:artist:46h3caIKtqPlEfRHuSdibg,spotify:artist:0rMScAC6pl5e5tF5zrwjdI,3
1327,spotify:artist:46h3caIKtqPlEfRHuSdibg,spotify:artist:7nBZYpVAH6bD0QlD7Mpil7,3
1328,spotify:artist:46h3caIKtqPlEfRHuSdibg,spotify:artist:1aX2dmV8XoHYCOQRxjPESG,3
1329,spotify:artist:46h3caIKtqPlEfRHuSdibg,spotify:artist:1N2FgBLehaq77UEdJhCt7f,3
1330,spotify:artist:46h3caIKtqPlEfRHuSdibg,spotify:artist:2s79xe5F6eUQkjwjww27Fh,3
1331,spotify:artist:46h3caIKtqPlEfRHuSdibg,spotify:artist:1G1mX30GpUJqOr1QU2eBSs,3
1332,spotify:artist:46h3caIKtqPlEfRHuSdibg,spotify:artist:7hFdUW64G4iU1tz46ITRfN,3
1333,spotify:artist:46h3caIKtqPlEfRHuSdibg,spotify:artist:0EPf9vAXPdFV5Ezp1sMX8B,3
1334,spotify:artist:46h3caIKtqPlEfRHuSdibg,spotify:artist:0WUphJOGHE5i95IeR87hsO,3
1335,spotify:artist:46h3caIKtqPlEfRHuSdibg,spotify:artist:3lN1TG4RIoaJCff6Ck9KUR,3
1336,spotify:artist:46h3caIKtqPlEfRHuSdibg,spotify:artist:0roeI3yPusDWwWRzAqTopw,3
1337,spotify:artist:46h3caIKtqPlEfRHuSdibg,spotify:artist:339DNkQkuhHKEcHw6oK8f0,3
1338,spotify:artist:46h3caIKtqPlEfRHuSdibg,spotify:artist:77zrvBORXcnTyysjjKRfBU,3
1339,spotify:artist:46h3caIKtqPlEfRHuSdibg,spotify:artist:2ycnb8Er79LoH2AsR5ldjh,3
1340,spotify:artist:7D72FEQwvuv8cIUl5Rbp7A,spotify:artist:4B6VOVChpmPT3P22CmOUbO,3
1341,spotify:artist:7D72FEQwvuv8cIUl5Rbp7A,spotify:artist:02H31CnpbUN3ngYxN3SHBN,3
1342,spotify:artist:7D72FEQwvuv8cIUl5Rbp7A,spotify:artist:7HRosqc2irGpixMFV8xWUO,3
1343,spotify:artist:7D72FEQwvuv8cIUl5Rbp7A,spotify:artist:7inq6o4LWUODJo368zKBIw,3
1344,spotify:artist:7D72FEQwvuv8cIUl5Rbp7A,spotify:artist:1fyj6rE8Dw2eLkmdflawvG,3
1345,spotify:artist:7D72FEQwvuv8cIUl5Rbp7A,spotify:artist:4p1uJorxRAxeIg6CRjfhxD,3
1346,spotify:artist:7D72FEQwvuv8cIUl5Rbp7A,spotify:artist:71kSWeYFioviuty6e3aj5k,3
1347,spotify:artist:7D72FEQwvuv8cIUl5Rbp7A,spotify:artist:5SvvYvtnQ84Fsuyi61Gk0Q,3
1348,spotify:artist:7D72FEQwvuv8cIUl5Rbp7A,spotify:artist:3xYNGCooNIzKMAtJYKSOyq,3
1349,spotify:artist:7D72FEQwvuv8cIUl5Rbp7A,spotify:artist:3oB3e3MPyQBX5NttDmNUNN,3
1350,spotify:artist:7D72FEQwvuv8cIUl5Rbp7A,spotify:artist:2sDfbgbPqK8cnEDV5bCyby,3
1351,spotify:artist:7D72FEQwvuv8cIUl5Rbp7A,spotify:artist:3eia59jd3ARWNPiC8vT8IE,3
1352,spotify:artist:7D72FEQwvuv8cIUl5Rbp7A,spotify:artist:2XdqP4VR7QbULDR6T53mcw,3
1353,spotify:artist:7D72FEQwvuv8cIUl5Rbp7A,spotify:artist:3JXnjuv4hBqQKOVzJg74Lt,3
1354,spotify:artist:7D72FEQwvuv8cIUl5Rbp7A,spotify:artist:1048abrwjsuNC1QWEnAOSl,3
1355,spotify:artist:7D72FEQwvuv8cIUl5Rbp7A,spotify:artist:5J5a0hqBGCelowVl8EkK7z,3
1356,spotify:artist:7D72FEQwvuv8cIUl5Rbp7A,spotify:artist:2fZi9haAj5vDtFy4J4bioD,3
1357,spotify:artist:7D72FEQwvuv8cIUl5Rbp7A,spotify:artist:2PGhx95sJF2XfZyOyrDFo0,3
1358,spotify:artist:7D72FEQwvuv8cIUl5Rbp7A,spotify:artist:2ycnb8Er79LoH2AsR5ldjh,3
1359,spotify:artist:7D72FEQwvuv8cIUl5Rbp7A,spotify:artist:5HnkAAaf0MCIxMWzsJNrdg,3
1360,spotify:artist:3xYNGCooNIzKMAtJYKSOyq,spotify:artist:0N3oP3Si8ihzFUrU6kITZ8,3
1361,spotify:artist:3xYNGCooNIzKMAtJYKSOyq,spotify:artist:0yNLKJebCb8Aueb54LYya3,3
1362,spotify:artist:3xYNGCooNIzKMAtJYKSOyq,spotify:artist:6WG1SrnK1bRgdkdglxvD10,3
1363,spotify:artist:3xYNGCooNIzKMAtJYKSOyq,spotify:artist:46h3caIKtqPlEfRHuSdibg,3
1364,spotify:artist:3xYNGCooNIzKMAtJYKSOyq,spotify:artist:0ow8F3xGkmZWVulTtaiFQo,3
1365,spotify:artist:3xYNGCooNIzKMAtJYKSOyq,spotify:artist:1aX2dmV8XoHYCOQRxjPESG,3
1366,spotify:artist:3xYNGCooNIzKMAtJYKSOyq,spotify:artist:7cKtqv9cYVlOwnuCFH95ce,3
1367,spotify:artist:3xYNGCooNIzKMAtJYKSOyq,spotify:artist:2ycnb8Er79LoH2AsR5ldjh,3
1368,spotify:artist:3xYNGCooNIzKMAtJYKSOyq,spotify:artist:5PYuBRQMHh7nWmdV076sH9,3
1369,spotify:artist:3xYNGCooNIzKMAtJYKSOyq,spotify:artist:67YNiSqhrx1P8oPvIIvbP5,3
1370,spotify:artist:3xYNGCooNIzKMAtJYKSOyq,spotify:artist:3LtBdgNHdH0Ix8hCFZ4NJG,3
1371,spotify:artist:3xYNGCooNIzKMAtJYKSOyq,spotify:artist:28yIUgPYZqgJoNZjeBvrHn,3
1372,spotify:artist:3xYNGCooNIzKMAtJYKSOyq,spotify:artist:7wJ9NwdRWtN92NunmXuwBk,3
1373,spotify:artist:3xYNGCooNIzKMAtJYKSOyq,spotify:artist:2s79xe5F6eUQkjwjww27Fh,3
1374,spotify:artist:3xYNGCooNIzKMAtJYKSOyq,spotify:artist:1G1mX30GpUJqOr1QU2eBSs,3
1375,spotify:artist:3xYNGCooNIzKMAtJYKSOyq,spotify:artist:6bJUzb3mLEYCkTAp7eNJgO,3
1376,spotify:artist:3xYNGCooNIzKMAtJYKSOyq,spotify:artist:7vPXrGlSGukcwpaPxUfKKR,3
1377,spotify:artist:3xYNGCooNIzKMAtJYKSOyq,spotify:artist:1N2FgBLehaq77UEdJhCt7f,3
1378,spotify:artist:3xYNGCooNIzKMAtJYKSOyq,spotify:artist:0WUphJOGHE5i95IeR87hsO,3
1379,spotify:artist:3xYNGCooNIzKMAtJYKSOyq,spotify:artist:5E704N5StxMVKpalhaJ5L3,3
1380,spotify:artist:25bvQC4jyyFUce6jbzNlwb,spotify:artist:2fkmfYw1KeOiDLA6MHDwU8,3
1381,spotify:artist:25bvQC4jyyFUce6jbzNlwb,spotify:artist:3Kt34aALAZu5GUd3WRqsrZ,3
1382,spotify:artist:25bvQC4jyyFUce6jbzNlwb,spotify:artist:7zt6Af78CalxaPDqORfw8L,3
1383,spotify:artist:25bvQC4jyyFUce6jbzNlwb,spotify:artist:0H0rBbf7vHXO3qh50Wap7y,3
1384,spotify:artist:25bvQC4jyyFUce6jbzNlwb,spotify:artist:0MoXIHcFwhIWnFgBfdvQ30,3
1385,spotify:artist:25bvQC4jyyFUce6jbzNlwb,spotify:artist:4GLJPBj5Cdr9AgLKvLWM4n,3
1386,spotify:artist:25bvQC4jyyFUce6jbzNlwb,spotify:artist:3jcHyrPcJhrTMdlthE8p74,3
1387,spotify:artist:25bvQC4jyyFUce6jbzNlwb,spotify:artist:7edpqbQnGU6YySpab5ItAU,3
1388,spotify:artist:25bvQC4jyyFUce6jbzNlwb,spotify:artist:1Eqmku5RGosz51zTCZFgDi,3
1389,spotify:artist:25bvQC4jyyFUce6jbzNlwb,spotify:artist:48I6TLnfZjyLXTqBtQvhgZ,3
1390,spotify:artist:25bvQC4jyyFUce6jbzNlwb,spotify:artist:6prqlx3RqGdTYsXANXDCR1,3
1391,spotify:artist:25bvQC4jyyFUce6jbzNlwb,spotify:artist:3qwabfaWewpfli7hMNM3O8,3
1392,spotify:artist:25bvQC4jyyFUce6jbzNlwb,spotify:artist:2U6gqwyl9F33YxawnFrZG7,3
1393,spotify:artist:25bvQC4jyyFUce6jbzNlwb,spotify:artist:6XCS9JCn56Q252cMOTbeq6,3
1394,spotify:artist:25bvQC4jyyFUce6jbzNlwb,spotify:artist:7Defmv25Kj9knpobhHIghm,3
1395,spotify:artist:25bvQC4jyyFUce6jbzNlwb,spotify:artist:4YXRO4slasYnty9nb73LrO,3
1396,spotify:artist:25bvQC4jyyFUce6jbzNlwb,spotify:artist:58FAQGIDRMXK5AsxJu9YNp,3
1397,spotify:artist:25bvQC4jyyFUce6jbzNlwb,spotify:artist:60vX3zLcdKRXvKLITVh5Df,3
1398,spotify:artist:25bvQC4jyyFUce6jbzNlwb,spotify:artist:7bFb3qT35kK9wSeZZ7pwCj,3
1399,spotify:artist:25bvQC4jyyFUce6jbzNlwb,spotify:artist:2cBh5lVMg222FFuRU7EfDE,3
1400,spotify:artist:1N2FgBLehaq77UEdJhCt7f,spotify:artist:3SRTWBeGhX3o5DCQ2zzTdI,3
1401,spotify:artist:1N2FgBLehaq77UEdJhCt7f,spotify:artist:3xYNGCooNIzKMAtJYKSOyq,3
1402,spotify:artist:1N2FgBLehaq77UEdJhCt7f,spotify:artist:7xFnmid57ZE6iWEXdEXO3b,3
1403,spotify:artist:1N2FgBLehaq77UEdJhCt7f,spotify:artist:46h3caIKtqPlEfRHuSdibg,3
1404,spotify:artist:1N2FgBLehaq77UEdJhCt7f,spotify:artist:4tfyTbsNNN5xfxKDwG4VfP,3
1405,spotify:artist:1N2FgBLehaq77UEdJhCt7f,spotify:artist:339DNkQkuhHKEcHw6oK8f0,3
1406,spotify:artist:1N2FgBLehaq77UEdJhCt7f,spotify:artist:66GWpx9iLxrvvfhDsG9STP,3
1407,spotify:artist:1N2FgBLehaq77UEdJhCt7f,spotify:artist:4w3QqrcmBv8dasemwBXmxf,3
1408,spotify:artist:1N2FgBLehaq77UEdJhCt7f,spotify:artist:2u7xZP39dtED9EuRX9MUwu,3
1409,spotify:artist:1N2FgBLehaq77UEdJhCt7f,spotify:artist:7sbwBqdkynNUDgiWU3TQ5J,3
1410,spotify:artist:1N2FgBLehaq77UEdJhCt7f,spotify:artist:5fScAXreYFnuqwOgBsJgSd,3
1411,spotify:artist:1N2FgBLehaq77UEdJhCt7f,spotify:artist:3wury2nd8idV4GecUg5xze,3
1412,spotify:artist:1N2FgBLehaq77UEdJhCt7f,spotify:artist:4tyCvqG48h4LdcbFfWBjR9,3
1413,spotify:artist:1N2FgBLehaq77UEdJhCt7f,spotify:artist:5Rsu72e1qrjIUtxH6Zmy9K,3
1414,spotify:artist:1N2FgBLehaq77UEdJhCt7f,spotify:artist:4nlqDmbzFzbNITaqjJv7D7,3
1415,spotify:artist:1N2FgBLehaq77UEdJhCt7f,spotify:artist:3ysp8GwsheDcBxP9q65lBg,3
1416,spotify:artist:1N2FgBLehaq77UEdJhCt7f,spotify:artist:0NbfEPYRgMczimdfM3skmH,3
1417,spotify:artist:1N2FgBLehaq77UEdJhCt7f,spotify:artist:7hFdUW64G4iU1tz46ITRfN,3
1418,spotify:artist:1N2FgBLehaq77UEdJhCt7f,spotify:artist:1GWV70Reko15eV2nHCm0bM,3
1419,spotify:artist:1N2FgBLehaq77UEdJhCt7f,spotify:artist:0FOcXqJgJ1oq9XfzYTDZmZ,3
1420,spotify:artist:3JXnjuv4hBqQKOVzJg74Lt,spotify:artist:2XdqP4VR7QbULDR6T53mcw,3
1421,spotify:artist:3JXnjuv4hBqQKOVzJg74Lt,spotify:artist:646StQO8yxIiI3niu1OHnG,3
1422,spotify:artist:3JXnjuv4hBqQKOVzJg74Lt,spotify:artist:7mDPp4RHlXLWkyLAf3AFBx,3
1423,spotify:artist:3JXnjuv4hBqQKOVzJg74Lt,spotify:artist:5ksRONqssB7BR161NTtJAm,3
1424,spotify:artist:3JXnjuv4hBqQKOVzJg74Lt,spotify:artist:6OXILsPD4WNJ7XiGMAkCWa,3
1425,spotify:artist:3JXnjuv4hBqQKOVzJg74Lt,spotify:artist:1YtbaDXlnc2YMDeOqO4lmq,3
1426,spotify:artist:3JXnjuv4hBqQKOVzJg74Lt,spotify:artist:53I4RAzuXWvaO1vzrCBJbD,3
1427,spotify:artist:3JXnjuv4hBqQKOVzJg74Lt,spotify:artist:5HnkAAaf0MCIxMWzsJNrdg,3
1428,spotify:artist:3JXnjuv4hBqQKOVzJg74Lt,spotify:artist:0RhnKJThw36HFitqY6dYgd,3
1429,spotify:artist:3JXnjuv4hBqQKOVzJg74Lt,spotify:artist:5SvvYvtnQ84Fsuyi61Gk0Q,3
1430,spotify:artist:3JXnjuv4hBqQKOVzJg74Lt,spotify:artist:3xmyGL7g6crcLsRy1TNOQU,3
1431,spotify:artist:3JXnjuv4hBqQKOVzJg74Lt,spotify:artist:79bxUQsBIXO8nVLB9fYKf7,3
1432,spotify:artist:3JXnjuv4hBqQKOVzJg74Lt,spotify:artist:6BkcAbUkfIBM4XudxieMq8,3
1433,spotify:artist:3JXnjuv4hBqQKOVzJg74Lt,spotify:artist:0Xkd9GsWwOYETVF0kPXZIG,3
1434,spotify:artist:3JXnjuv4hBqQKOVzJg74Lt,spotify:artist:18JD8DVlD1fakDAw7E9LFC,3
1435,spotify:artist:3JXnjuv4hBqQKOVzJg74Lt,spotify:artist:6DM9YCoED2hkW1N1nuOjbu,3
1436,spotify:artist:3JXnjuv4hBqQKOVzJg74Lt,spotify:artist:61Da4fqVMgPoo9mYY0R3k6,3
1437,spotify:artist:3JXnjuv4hBqQKOVzJg74Lt,spotify:artist:22Zqu1yyebVnbve8FxbJ2g,3
1438,spotify:artist:3JXnjuv4hBqQKOVzJg74Lt,spotify:artist:0NPwkUJRrRiWYdHpLXBkxg,3
1439,spotify:artist:3JXnjuv4hBqQKOVzJg74Lt,spotify:artist:0ym94xKp2PIOJtTZKpxbAa,3
1440,spotify:artist:28yIUgPYZqgJoNZjeBvrHn,spotify:artist:3LtBdgNHdH0Ix8hCFZ4NJG,3
1441,spotify:artist:28yIUgPYZqgJoNZjeBvrHn,spotify:artist:5PYuBRQMHh7nWmdV076sH9,3
1442,spotify:artist:28yIUgPYZqgJoNZjeBvrHn,spotify:artist:1aX2dmV8XoHYCOQRxjPESG,3
1443,spotify:artist:28yIUgPYZqgJoNZjeBvrHn,spotify:artist:1G1mX30GpUJqOr1QU2eBSs,3
1444,spotify:artist:28yIUgPYZqgJoNZjeBvrHn,spotify:artist:2s79xe5F6eUQkjwjww27Fh,3
1445,spotify:artist:28yIUgPYZqgJoNZjeBvrHn,spotify:artist:2wpWOzQE5TpA0dVnh5YD08,3
1446,spotify:artist:28yIUgPYZqgJoNZjeBvrHn,spotify:artist:1mZu3rO7qSD09GdDpePHhY,3
1447,spotify:artist:28yIUgPYZqgJoNZjeBvrHn,spotify:artist:0EPf9vAXPdFV5Ezp1sMX8B,3
1448,spotify:artist:28yIUgPYZqgJoNZjeBvrHn,spotify:artist:2Uz58cSxlJgefDaSikxYQ7,3
1449,spotify:artist:28yIUgPYZqgJoNZjeBvrHn,spotify:artist:3xgj17ZsWxxU86S4qlWvOi,3
1450,spotify:artist:28yIUgPYZqgJoNZjeBvrHn,spotify:artist:0f3kLT4wvi2mFHlHJgV8Hl,3
1451,spotify:artist:28yIUgPYZqgJoNZjeBvrHn,spotify:artist:3iUjRVvYCsMfz7tuAQtBDI,3
1452,spotify:artist:28yIUgPYZqgJoNZjeBvrHn,spotify:artist:5jVeqi3PNaTOajfvBa4uFn,3
1453,spotify:artist:28yIUgPYZqgJoNZjeBvrHn,spotify:artist:0WUphJOGHE5i95IeR87hsO,3
1454,spotify:artist:28yIUgPYZqgJoNZjeBvrHn,spotify:artist:2N4isf5pypyuDVpBofqEN8,3
1455,spotify:artist:28yIUgPYZqgJoNZjeBvrHn,spotify:artist:6loBF9iQdE11WSX29fNKqY,3
1456,spotify:artist:28yIUgPYZqgJoNZjeBvrHn,spotify:artist:7wJ9NwdRWtN92NunmXuwBk,3
1457,spotify:artist:28yIUgPYZqgJoNZjeBvrHn,spotify:artist:6aq8T2RcspxVOGgMrTzjWc,3
1458,spotify:artist:28yIUgPYZqgJoNZjeBvrHn,spotify:artist:77zrvBORXcnTyysjjKRfBU,3
1459,spotify:artist:28yIUgPYZqgJoNZjeBvrHn,spotify:artist:59luKpdal8UwxcuLJNoKwS,3
1460,spotify:artist:71kSWeYFioviuty6e3aj5k,spotify:artist:1048abrwjsuNC1QWEnAOSl,3
1461,spotify:artist:71kSWeYFioviuty6e3aj5k,spotify:artist:1uS4cYRRZRtauASIM9RxBG,3
1462,spotify:artist:71kSWeYFioviuty6e3aj5k,spotify:artist:1bN9idF4rgIhaaKFpwgzoQ,3
1463,spotify:artist:71kSWeYFioviuty6e3aj5k,spotify:artist:56z66XGKLpTcREF5iPitMU,3
1464,spotify:artist:71kSWeYFioviuty6e3aj5k,spotify:artist:3rclGaNhwMNMcU2GkN91j9,3
1465,spotify:artist:71kSWeYFioviuty6e3aj5k,spotify:artist:1DsA0Dbq7WvsNkZZlrRZuz,3
1466,spotify:artist:71kSWeYFioviuty6e3aj5k,spotify:artist:2fZi9haAj5vDtFy4J4bioD,3
1467,spotify:artist:71kSWeYFioviuty6e3aj5k,spotify:artist:1IjPJum5sJ6iSr3mBsSYJk,3
1468,spotify:artist:71kSWeYFioviuty6e3aj5k,spotify:artist:2YTbBGa3Tf2rRPhiJxWoUN,3
1469,spotify:artist:71kSWeYFioviuty6e3aj5k,spotify:artist:3LaHU3Xcdpq4UvTj74uYiK,3
1470,spotify:artist:71kSWeYFioviuty6e3aj5k,spotify:artist:3OHbToMuJihWhRcqzKjpBd,3
1471,spotify:artist:71kSWeYFioviuty6e3aj5k,spotify:artist:3eia59jd3ARWNPiC8vT8IE,3
1472,spotify:artist:71kSWeYFioviuty6e3aj5k,spotify:artist:7pwThElmrxl0pjTwXMojCx,3
1473,spotify:artist:71kSWeYFioviuty6e3aj5k,spotify:artist:0XB14ZHrZsqaWDJeQGLMem,3
1474,spotify:artist:71kSWeYFioviuty6e3aj5k,spotify:artist:11zG3SH7tJ36wYmCJ2oWyB,3
1475,spotify:artist:71kSWeYFioviuty6e3aj5k,spotify:artist:7oFwFLcW5btR2tHAnPqnDH,3
1476,spotify:artist:71kSWeYFioviuty6e3aj5k,spotify:artist:4WM2JNPCcZ7f6M72C0bTyM,3
1477,spotify:artist:71kSWeYFioviuty6e3aj5k,spotify:artist:0wCEunK5zOEYUnEfLqi9Rj,3
1478,spotify:artist:71kSWeYFioviuty6e3aj5k,spotify:artist:2xalJuKFgZKeN0J6KI2u3N,3
1479,spotify:artist:71kSWeYFioviuty6e3aj5k,spotify:artist:1ZJYzl0sevnazdNkEYsAOW,3
1480,spotify:artist:5HP4SpcujgIKC6tHBwfy42,spotify:artist:4k7b3DWqBnYpobDWbNWLdM,3
1481,spotify:artist:5HP4SpcujgIKC6tHBwfy42,spotify:artist:2AIFnFQDbv4L0bvo801guv,3
1482,spotify:artist:5HP4SpcujgIKC6tHBwfy42,spotify:artist:2nvxeT9UqUmTfFzTgNGwC0,3
1483,spotify:artist:5HP4SpcujgIKC6tHBwfy42,spotify:artist:1nUUfnmwd9mdpTPwMcM1hd,3
1484,spotify:artist:5HP4SpcujgIKC6tHBwfy42,spotify:artist:67drSMarzjhEXxEJ2ATLfE,3
1485,spotify:artist:5HP4SpcujgIKC6tHBwfy42,spotify:artist:5bnNgwp3nooah9yHAHsnR4,3
1486,spotify:artist:5HP4SpcujgIKC6tHBwfy42,spotify:artist:34ugek7kTxRhRSsT1d9Yer,3
1487,spotify:artist:5HP4SpcujgIKC6tHBwfy42,spotify:artist:6To7KuC86pBGCtkRUiq80O,3
1488,spotify:artist:5HP4SpcujgIKC6tHBwfy42,spotify:artist:5ZfzzHE7rxONfoksJsLXrX,3
1489,spotify:artist:5HP4SpcujgIKC6tHBwfy42,spotify:artist:5GGArKyB5Mg7kTFZYJ2P5n,3
1490,spotify:artist:5HP4SpcujgIKC6tHBwfy42,spotify:artist:0ym94xKp2PIOJtTZKpxbAa,3
1491,spotify:artist:5HP4SpcujgIKC6tHBwfy42,spotify:artist:3sc7iUG1Wwpwx7bHeZolgx,3
1492,spotify:artist:5HP4SpcujgIKC6tHBwfy42,spotify:artist:4i50i5M5whfhk1zFEfo36O,3
1493,spotify:artist:5HP4SpcujgIKC6tHBwfy42,spotify:artist:4toJT7YydhWcrYNgWJK4hW,3
1494,spotify:artist:5HP4SpcujgIKC6tHBwfy42,spotify:artist:4azCxB0suG81OnUw627zBT,3
1495,spotify:artist:5HP4SpcujgIKC6tHBwfy42,spotify:artist:5ApKaVHAStk5kAuyBW1wG8,3
1496,spotify:artist:5HP4SpcujgIKC6tHBwfy42,spotify:artist:7AvR99Z6y7N5BWF7VdY3bo,3
1497,spotify:artist:5HP4SpcujgIKC6tHBwfy42,spotify:artist:4W2dcPOyD7eSfJCPHCfwoA,3
1498,spotify:artist:5HP4SpcujgIKC6tHBwfy42,spotify:artist:47qTcvYlqJGAEsCI7BcENC,3
1499,spotify:artist:5HP4SpcujgIKC6tHBwfy42,spotify:artist:73a6pNH4YtLNgDbPQwXveo,3
1500,spotify:artist:7xFnmid57ZE6iWEXdEXO3b,spotify:artist:13ccXrK7AmXb4TddMkE7jy,3
1501,spotify:artist:7xFnmid57ZE6iWEXdEXO3b,spotify:artist:1N2FgBLehaq77UEdJhCt7f,3
1502,spotify:artist:7xFnmid57ZE6iWEXdEXO3b,spotify:artist:6cLEWhEKQl6nAvgr60M7zC,3
1503,spotify:artist:7xFnmid57ZE6iWEXdEXO3b,spotify:artist:3qwabfaWewpfli7hMNM3O8,3
1504,spotify:artist:7xFnmid57ZE6iWEXdEXO3b,spotify:artist:1GWV70Reko15eV2nHCm0bM,3
1505,spotify:artist:7xFnmid57ZE6iWEXdEXO3b,spotify:artist:4w3QqrcmBv8dasemwBXmxf,3
1506,spotify:artist:7xFnmid57ZE6iWEXdEXO3b,spotify:artist:4RIOH6XCUt1Xr8NLUj2u66,3
1507,spotify:artist:7xFnmid57ZE6iWEXdEXO3b,spotify:artist:5BKsn7SCN2XmbF7apdCpRS,3
1508,spotify:artist:7xFnmid57ZE6iWEXdEXO3b,spotify:artist:5CXWXFfhDhFN5uzbfUwAKt,3
1509,spotify:artist:7xFnmid57ZE6iWEXdEXO3b,spotify:artist:7sbwBqdkynNUDgiWU3TQ5J,3
1510,spotify:artist:7xFnmid57ZE6iWEXdEXO3b,spotify:artist:3loflELg7MzgrOyNqERolN,3
1511,spotify:artist:7xFnmid57ZE6iWEXdEXO3b,spotify:artist:1ZsnHGOLYFg8CAHQQBc1ut,3
1512,spotify:artist:7xFnmid57ZE6iWEXdEXO3b,spotify:artist:06U3HB7kYW3D8AORt54Xp8,3
1513,spotify:artist:7xFnmid57ZE6iWEXdEXO3b,spotify:artist:3UpIbyXfGzmHG6TMH4dJEk,3
1514,spotify:artist:7xFnmid57ZE6iWEXdEXO3b,spotify:artist:2wXBWJhbm1gfEVjyEEuhDH,3
1515,spotify:artist:7xFnmid57ZE6iWEXdEXO3b,spotify:artist:59luKpdal8UwxcuLJNoKwS,3
1516,spotify:artist:7xFnmid57ZE6iWEXdEXO3b,spotify:artist:6juuiuCv8jRHZOcvP2BqKp,3
1517,spotify:artist:7xFnmid57ZE6iWEXdEXO3b,spotify:artist:3JxCEqL9zjKnDJgUhRuRJD,3
1518,spotify:artist:7xFnmid57ZE6iWEXdEXO3b,spotify:artist:7nBZYpVAH6bD0QlD7Mpil7,3
1519,spotify:artist:7xFnmid57ZE6iWEXdEXO3b,spotify:artist:6PBv8t9YTLggA9ZMwpeoqj,3
1520,spotify:artist:67drSMarzjhEXxEJ2ATLfE,spotify:artist:4k7b3DWqBnYpobDWbNWLdM,3
1521,spotify:artist:67drSMarzjhEXxEJ2ATLfE,spotify:artist:2nvxeT9UqUmTfFzTgNGwC0,3
1522,spotify:artist:67drSMarzjhEXxEJ2ATLfE,spotify:artist:5HP4SpcujgIKC6tHBwfy42,3
1523,spotify:artist:67drSMarzjhEXxEJ2ATLfE,spotify:artist:2AIFnFQDbv4L0bvo801guv,3
1524,spotify:artist:67drSMarzjhEXxEJ2ATLfE,spotify:artist:1nUUfnmwd9mdpTPwMcM1hd,3
1525,spotify:artist:67drSMarzjhEXxEJ2ATLfE,spotify:artist:5bnNgwp3nooah9yHAHsnR4,3
1526,spotify:artist:67drSMarzjhEXxEJ2ATLfE,spotify:artist:6To7KuC86pBGCtkRUiq80O,3
1527,spotify:artist:67drSMarzjhEXxEJ2ATLfE,spotify:artist:0ym94xKp2PIOJtTZKpxbAa,3
1528,spotify:artist:67drSMarzjhEXxEJ2ATLfE,spotify:artist:5GGArKyB5Mg7kTFZYJ2P5n,3
1529,spotify:artist:67drSMarzjhEXxEJ2ATLfE,spotify:artist:05GsKvp0yKuCyWQMsPAAmB,3
1530,spotify:artist:67drSMarzjhEXxEJ2ATLfE,spotify:artist:3sc7iUG1Wwpwx7bHeZolgx,3
1531,spotify:artist:67drSMarzjhEXxEJ2ATLfE,spotify:artist:4W2dcPOyD7eSfJCPHCfwoA,3
1532,spotify:artist:67drSMarzjhEXxEJ2ATLfE,spotify:artist:40enFxfEXXsEXKOt1vgx0k,3
1533,spotify:artist:67drSMarzjhEXxEJ2ATLfE,spotify:artist:5ZfzzHE7rxONfoksJsLXrX,3
1534,spotify:artist:67drSMarzjhEXxEJ2ATLfE,spotify:artist:73a6pNH4YtLNgDbPQwXveo,3
1535,spotify:artist:67drSMarzjhEXxEJ2ATLfE,spotify:artist:2LKrAJVB1842xPDvx4uuwU,3
1536,spotify:artist:67drSMarzjhEXxEJ2ATLfE,spotify:artist:4toJT7YydhWcrYNgWJK4hW,3
1537,spotify:artist:67drSMarzjhEXxEJ2ATLfE,spotify:artist:5ApKaVHAStk5kAuyBW1wG8,3
1538,spotify:artist:67drSMarzjhEXxEJ2ATLfE,spotify:artist:3bpvhFSIErguVNQUiutctF,3
1539,spotify:artist:67drSMarzjhEXxEJ2ATLfE,spotify:artist:6IDifUtaIPK4yuAiq5W2iG,3
1540,spotify:artist:7HRosqc2irGpixMFV8xWUO,spotify:artist:4B6VOVChpmPT3P22CmOUbO,3
1541,spotify:artist:7HRosqc2irGpixMFV8xWUO,spotify:artist:5J7Bk1uxJgoIvWQJyN8HzU,3
1542,spotify:artist:7HRosqc2irGpixMFV8xWUO,spotify:artist:3xYNGCooNIzKMAtJYKSOyq,3
1543,spotify:artist:7HRosqc2irGpixMFV8xWUO,spotify:artist:02H31CnpbUN3ngYxN3SHBN,3
1544,spotify:artist:7HRosqc2irGpixMFV8xWUO,spotify:artist:3FTxQTEzrX6tcJYSlsdUle,3
1545,spotify:artist:7HRosqc2irGpixMFV8xWUO,spotify:artist:46h3caIKtqPlEfRHuSdibg,3
1546,spotify:artist:7HRosqc2irGpixMFV8xWUO,spotify:artist:7D72FEQwvuv8cIUl5Rbp7A,3
1547,spotify:artist:7HRosqc2irGpixMFV8xWUO,spotify:artist:1048abrwjsuNC1QWEnAOSl,3
1548,spotify:artist:7HRosqc2irGpixMFV8xWUO,spotify:artist:6IDifUtaIPK4yuAiq5W2iG,3
1549,spotify:artist:7HRosqc2irGpixMFV8xWUO,spotify:artist:67drSMarzjhEXxEJ2ATLfE,3
1550,spotify:artist:7HRosqc2irGpixMFV8xWUO,spotify:artist:71kSWeYFioviuty6e3aj5k,3
1551,spotify:artist:7HRosqc2irGpixMFV8xWUO,spotify:artist:5HP4SpcujgIKC6tHBwfy42,3
1552,spotify:artist:7HRosqc2irGpixMFV8xWUO,spotify:artist:7I6FzpWRcafNMI3ppbshk4,3
1553,spotify:artist:7HRosqc2irGpixMFV8xWUO,spotify:artist:7nBZYpVAH6bD0QlD7Mpil7,3
1554,spotify:artist:7HRosqc2irGpixMFV8xWUO,spotify:artist:0rMScAC6pl5e5tF5zrwjdI,3
1555,spotify:artist:7HRosqc2irGpixMFV8xWUO,spotify:artist:2xalJuKFgZKeN0J6KI2u3N,3
1556,spotify:artist:7HRosqc2irGpixMFV8xWUO,spotify:artist:7zkGCcaPSB7nLCtaxEWWE1,3
1557,spotify:artist:7HRosqc2irGpixMFV8xWUO,spotify:artist:2G5cWvHkX9WSrGv6OnmpWD,3
1558,spotify:artist:7HRosqc2irGpixMFV8xWUO,spotify:artist:4IYkhuY2RwtKdIU2691J1D,3
1559,spotify:artist:7HRosqc2irGpixMFV8xWUO,spotify:artist:3LtBdgNHdH0Ix8hCFZ4NJG,3
1560,spotify:artist:7ooOn6bokl4mGV4CEaUz6A,spotify:artist:0s0rOb0gT2S9N0SDcjtPC4,3
1561,spotify:artist:7ooOn6bokl4mGV4CEaUz6A,spotify:artist:7xkAwz0bQTGDSbkofyQt3U,3
1562,spotify:artist:7ooOn6bokl4mGV4CEaUz6A,spotify:artist:47qTcvYlqJGAEsCI7BcENC,3
1563,spotify:artist:7ooOn6bokl4mGV4CEaUz6A,spotify:artist:40enFxfEXXsEXKOt1vgx0k,3
1564,spotify:artist:7ooOn6bokl4mGV4CEaUz6A,spotify:artist:73a6pNH4YtLNgDbPQwXveo,3
1565,spotify:artist:7ooOn6bokl4mGV4CEaUz6A,spotify:artist:7oIgcNOdEHNwP8NFl9tYWs,3
1566,spotify:artist:7ooOn6bokl4mGV4CEaUz6A,spotify:artist:3sc7iUG1Wwpwx7bHeZolgx,3
1567,spotify:artist:7ooOn6bokl4mGV4CEaUz6A,spotify:artist:5wfTNhhtnBtRwfoqZnHonC,3
1568,spotify:artist:7ooOn6bokl4mGV4CEaUz6A,spotify:artist:37zKpwMQ7NFzk0MPR4FUJe,3
1569,spotify:artist:7ooOn6bokl4mGV4CEaUz6A,spotify:artist:6LQeBFIfD4C22RJVVjQ6S7,3
1570,spotify:artist:7ooOn6bokl4mGV4CEaUz6A,spotify:artist:5MspMQqdVbdwP6ax3GXqum,3
1571,spotify:artist:7ooOn6bokl4mGV4CEaUz6A,spotify:artist:4k7b3DWqBnYpobDWbNWLdM,3
1572,spotify:artist:7ooOn6bokl4mGV4CEaUz6A,spotify:artist:2BWfZGPtsjRlRp7JTDqI45,3
1573,spotify:artist:7ooOn6bokl4mGV4CEaUz6A,spotify:artist:2zVsfeSyFbCey7rq7PasHp,3
1574,spotify:artist:7ooOn6bokl4mGV4CEaUz6A,spotify:artist:3JxCEqL9zjKnDJgUhRuRJD,3
1575,spotify:artist:7ooOn6bokl4mGV4CEaUz6A,spotify:artist:3gdIwZY6Q3RXhDteYr4ZvC,3
1576,spotify:artist:7ooOn6bokl4mGV4CEaUz6A,spotify:artist:0NKDgy9j66h3DLnN8qu1bB,3
1577,spotify:artist:7ooOn6bokl4mGV4CEaUz6A,spotify:artist:5JsdVATHNPE0XdMFMRoSuf,3
1578,spotify:artist:7ooOn6bokl4mGV4CEaUz6A,spotify:artist:17xleTMStusKOyQrNuK3sQ,3
1579,spotify:artist:7ooOn6bokl4mGV4CEaUz6A,spotify:artist:43lLY3aEg3yQz8sYhyvdn5,3
1580,spotify:artist:7pwjGKaqnfkvS7eQbHaqyH,spotify:artist:6SXZyMIzYNNfZ3NFQc3vtv,3
1581,spotify:artist:7pwjGKaqnfkvS7eQbHaqyH,spotify:artist:7vPXrGlSGukcwpaPxUfKKR,3
1582,spotify:artist:7pwjGKaqnfkvS7eQbHaqyH,spotify:artist:5KQMtyPE8DCQNUzoNqlEsE,3
1583,spotify:artist:7pwjGKaqnfkvS7eQbHaqyH,spotify:artist:0UKfenbZb15sqhfPC6zbt3,3
1584,spotify:artist:7pwjGKaqnfkvS7eQbHaqyH,spotify:artist:7GsdZ6T45uXudJ8Wsko9sB,3
1585,spotify:artist:7pwjGKaqnfkvS7eQbHaqyH,spotify:artist:3LtBdgNHdH0Ix8hCFZ4NJG,3
1586,spotify:artist:7pwjGKaqnfkvS7eQbHaqyH,spotify:artist:0EPf9vAXPdFV5Ezp1sMX8B,3
1587,spotify:artist:7pwjGKaqnfkvS7eQbHaqyH,spotify:artist:5PYuBRQMHh7nWmdV076sH9,3
1588,spotify:artist:7pwjGKaqnfkvS7eQbHaqyH,spotify:artist:3iUjRVvYCsMfz7tuAQtBDI,3
1589,spotify:artist:7pwjGKaqnfkvS7eQbHaqyH,spotify:artist:07h7JMfYWswTq4qpinC5q4,3
1590,spotify:artist:7pwjGKaqnfkvS7eQbHaqyH,spotify:artist:2DppeCnNtvrLfEobq9Pw5r,3
1591,spotify:artist:7pwjGKaqnfkvS7eQbHaqyH,spotify:artist:4VuMnSnoTGrma3a79UhfMs,3
1592,spotify:artist:7pwjGKaqnfkvS7eQbHaqyH,spotify:artist:0RUEHcBiENFEqxgicqS2ig,3
1593,spotify:artist:7pwjGKaqnfkvS7eQbHaqyH,spotify:artist:2qT62DYO8Ajb276vUJmvhz,3
1594,spotify:artist:7pwjGKaqnfkvS7eQbHaqyH,spotify:artist:4AIo9dEYhuS3AtwhhKgA0M,3
1595,spotify:artist:7pwjGKaqnfkvS7eQbHaqyH,spotify:artist:3fhOTtm0LBJ3Ojn4hIljLo,3
1596,spotify:artist:7pwjGKaqnfkvS7eQbHaqyH,spotify:artist:6zPcUezmkw9aGjoRlBxYxw,3
1597,spotify:artist:7pwjGKaqnfkvS7eQbHaqyH,spotify:artist:36pk438TUUMdX59j1zbvTu,3
1598,spotify:artist:7pwjGKaqnfkvS7eQbHaqyH,spotify:artist:2Uz58cSxlJgefDaSikxYQ7,3
1599,spotify:artist:7pwjGKaqnfkvS7eQbHaqyH,spotify:artist:5sMku8iI6FH3ypZTErz4kv,3
1600,spotify:artist:0s0rOb0gT2S9N0SDcjtPC4,spotify:artist:6rqU9HQ57NYGBnBzbrY3a4,3
1601,spotify:artist:0s0rOb0gT2S9N0SDcjtPC4,spotify:artist:47qTcvYlqJGAEsCI7BcENC,3
1602,spotify:artist:0s0rOb0gT2S9N0SDcjtPC4,spotify:artist:7kCL98rPFsNKjAHDmWrMac,3
1603,spotify:artist:0s0rOb0gT2S9N0SDcjtPC4,spotify:artist:17U2ImH5IyYMvjkCfPhMHT,3
1604,spotify:artist:0s0rOb0gT2S9N0SDcjtPC4,spotify:artist:73a6pNH4YtLNgDbPQwXveo,3
1605,spotify:artist:0s0rOb0gT2S9N0SDcjtPC4,spotify:artist:20p5D2KrE8CGuOjHtxsyTp,3
1606,spotify:artist:0s0rOb0gT2S9N0SDcjtPC4,spotify:artist:2urZrEdsq72kx0UzfYN8Yv,3
1607,spotify:artist:0s0rOb0gT2S9N0SDcjtPC4,spotify:artist:6LQeBFIfD4C22RJVVjQ6S7,3
1608,spotify:artist:0s0rOb0gT2S9N0SDcjtPC4,spotify:artist:3sc7iUG1Wwpwx7bHeZolgx,3
1609,spotify:artist:0s0rOb0gT2S9N0SDcjtPC4,spotify:artist:0L9xkvBPcEp1nrhDrodxc5,3
1610,spotify:artist:0s0rOb0gT2S9N0SDcjtPC4,spotify:artist:6zpPKMhpOoG646kJgZ7RKf,3
1611,spotify:artist:0s0rOb0gT2S9N0SDcjtPC4,spotify:artist:1G1mX30GpUJqOr1QU2eBSs,3
1612,spotify:artist:0s0rOb0gT2S9N0SDcjtPC4,spotify:artist:6loBF9iQdE11WSX29fNKqY,3
1613,spotify:artist:0s0rOb0gT2S9N0SDcjtPC4,spotify:artist:2s79xe5F6eUQkjwjww27Fh,3
1614,spotify:artist:0s0rOb0gT2S9N0SDcjtPC4,spotify:artist:6kz53iCdBSqhQCZ21CoLcc,3
1615,spotify:artist:0s0rOb0gT2S9N0SDcjtPC4,spotify:artist:2u0gw0uCWBMiqV7h0N8kai,3
1616,spotify:artist:0s0rOb0gT2S9N0SDcjtPC4,spotify:artist:0NKDgy9j66h3DLnN8qu1bB,3
1617,spotify:artist:0s0rOb0gT2S9N0SDcjtPC4,spotify:artist:2wpWOzQE5TpA0dVnh5YD08,3
1618,spotify:artist:0s0rOb0gT2S9N0SDcjtPC4,spotify:artist:5jVeqi3PNaTOajfvBa4uFn,3
1619,spotify:artist:0s0rOb0gT2S9N0SDcjtPC4,spotify:artist:1mZu3rO7qSD09GdDpePHhY,3
1620,spotify:artist:7xkAwz0bQTGDSbkofyQt3U,spotify:artist:40enFxfEXXsEXKOt1vgx0k,3
1621,spotify:artist:7xkAwz0bQTGDSbkofyQt3U,spotify:artist:47qTcvYlqJGAEsCI7BcENC,3
1622,spotify:artist:7xkAwz0bQTGDSbkofyQt3U,spotify:artist:73a6pNH4YtLNgDbPQwXveo,3
1623,spotify:artist:7xkAwz0bQTGDSbkofyQt3U,spotify:artist:51l0uqRxGaczYr4271pVIC,3
1624,spotify:artist:7xkAwz0bQTGDSbkofyQt3U,spotify:artist:4463nfFMmK1cwAWBQDwT5e,3
1625,spotify:artist:7xkAwz0bQTGDSbkofyQt3U,spotify:artist:1yMYjh77WgOVafRkI50mim,3
1626,spotify:artist:7xkAwz0bQTGDSbkofyQt3U,spotify:artist:3sc7iUG1Wwpwx7bHeZolgx,3
1627,spotify:artist:7xkAwz0bQTGDSbkofyQt3U,spotify:artist:18jZvCsW1PJ4FDQ5gEXuKp,3
1628,spotify:artist:7xkAwz0bQTGDSbkofyQt3U,spotify:artist:4C3uGP8vRDzxrhJxZiOjTe,3
1629,spotify:artist:7xkAwz0bQTGDSbkofyQt3U,spotify:artist:5dcOK4stT4JDkP6Dqhbz5s,3
1630,spotify:artist:7xkAwz0bQTGDSbkofyQt3U,spotify:artist:7ooOn6bokl4mGV4CEaUz6A,3
1631,spotify:artist:7xkAwz0bQTGDSbkofyQt3U,spotify:artist:0s0rOb0gT2S9N0SDcjtPC4,3
1632,spotify:artist:7xkAwz0bQTGDSbkofyQt3U,spotify:artist:32lVGr0fSRGT6okLKHiP68,3
1633,spotify:artist:7xkAwz0bQTGDSbkofyQt3U,spotify:artist:0SD4eZCN4Kr0wQk56hCdh2,3
1634,spotify:artist:7xkAwz0bQTGDSbkofyQt3U,spotify:artist:7kCL98rPFsNKjAHDmWrMac,3
1635,spotify:artist:7xkAwz0bQTGDSbkofyQt3U,spotify:artist:6rqU9HQ57NYGBnBzbrY3a4,3
1636,spotify:artist:7xkAwz0bQTGDSbkofyQt3U,spotify:artist:6zpPKMhpOoG646kJgZ7RKf,3
1637,spotify:artist:7xkAwz0bQTGDSbkofyQt3U,spotify:artist:6kz53iCdBSqhQCZ21CoLcc,3
1638,spotify:artist:7xkAwz0bQTGDSbkofyQt3U,spotify:artist:0grdhNhiRLFBaFVyybqsj6,3
1639,spotify:artist:7xkAwz0bQTGDSbkofyQt3U,spotify:artist:5nPz5R1FDPTMI3Dw4JnTGb,3
1640,spotify:artist:47qTcvYlqJGAEsCI7BcENC,spotify:artist:3bpvhFSIErguVNQUiutctF,3
1641,spotify:artist:47qTcvYlqJGAEsCI7BcENC,spotify:artist:6zpPKMhpOoG646kJgZ7RKf,3
1642,spotify:artist:47qTcvYlqJGAEsCI7BcENC,spotify:artist:7kCL98rPFsNKjAHDmWrMac,3
1643,spotify:artist:47qTcvYlqJGAEsCI7BcENC,spotify:artist:7bKupnlF7XOfR1En3K8oAL,3
1644,spotify:artist:47qTcvYlqJGAEsCI7BcENC,spotify:artist:4W2dcPOyD7eSfJCPHCfwoA,3
1645,spotify:artist:47qTcvYlqJGAEsCI7BcENC,spotify:artist:7xkAwz0bQTGDSbkofyQt3U,3
1646,spotify:artist:47qTcvYlqJGAEsCI7BcENC,spotify:artist:6rqU9HQ57NYGBnBzbrY3a4,3
1647,spotify:artist:47qTcvYlqJGAEsCI7BcENC,spotify:artist:0s0rOb0gT2S9N0SDcjtPC4,3
1648,spotify:artist:47qTcvYlqJGAEsCI7BcENC,spotify:artist:1fFE7m4IQRSnZPpyDSMUp8,3
1649,spotify:artist:47qTcvYlqJGAEsCI7BcENC,spotify:artist:40enFxfEXXsEXKOt1vgx0k,3
1650,spotify:artist:47qTcvYlqJGAEsCI7BcENC,spotify:artist:73a6pNH4YtLNgDbPQwXveo,3
1651,spotify:artist:47qTcvYlqJGAEsCI7BcENC,spotify:artist:4toJT7YydhWcrYNgWJK4hW,3
1652,spotify:artist:47qTcvYlqJGAEsCI7BcENC,spotify:artist:7oIgcNOdEHNwP8NFl9tYWs,3
1653,spotify:artist:47qTcvYlqJGAEsCI7BcENC,spotify:artist:2LKrAJVB1842xPDvx4uuwU,3
1654,spotify:artist:47qTcvYlqJGAEsCI7BcENC,spotify:artist:5ZfzzHE7rxONfoksJsLXrX,3
1655,spotify:artist:47qTcvYlqJGAEsCI7BcENC,spotify:artist:4k7b3DWqBnYpobDWbNWLdM,3
1656,spotify:artist:47qTcvYlqJGAEsCI7BcENC,spotify:artist:7ooOn6bokl4mGV4CEaUz6A,3
1657,spotify:artist:47qTcvYlqJGAEsCI7BcENC,spotify:artist:3sc7iUG1Wwpwx7bHeZolgx,3
1658,spotify:artist:47qTcvYlqJGAEsCI7BcENC,spotify:artist:5wfTNhhtnBtRwfoqZnHonC,3
1659,spotify:artist:47qTcvYlqJGAEsCI7BcENC,spotify:artist:6f8l45N3qZB1xSCH1qFCFB,3
1660,spotify:artist:40enFxfEXXsEXKOt1vgx0k,spotify:artist:18jZvCsW1PJ4FDQ5gEXuKp,3
1661,spotify:artist:40enFxfEXXsEXKOt1vgx0k,spotify:artist:4C3uGP8vRDzxrhJxZiOjTe,3
1662,spotify:artist:40enFxfEXXsEXKOt1vgx0k,spotify:artist:32lVGr0fSRGT6okLKHiP68,3
1663,spotify:artist:40enFxfEXXsEXKOt1vgx0k,spotify:artist:7xkAwz0bQTGDSbkofyQt3U,3
1664,spotify:artist:40enFxfEXXsEXKOt1vgx0k,spotify:artist:2zVsfeSyFbCey7rq7PasHp,3
1665,spotify:artist:40enFxfEXXsEXKOt1vgx0k,spotify:artist:5dcOK4stT4JDkP6Dqhbz5s,3
1666,spotify:artist:40enFxfEXXsEXKOt1vgx0k,spotify:artist:0ym94xKp2PIOJtTZKpxbAa,3
1667,spotify:artist:40enFxfEXXsEXKOt1vgx0k,spotify:artist:18xgcedCGxFbqLbIQn5R8F,3
1668,spotify:artist:40enFxfEXXsEXKOt1vgx0k,spotify:artist:4463nfFMmK1cwAWBQDwT5e,3
1669,spotify:artist:40enFxfEXXsEXKOt1vgx0k,spotify:artist:4k7b3DWqBnYpobDWbNWLdM,3
1670,spotify:artist:40enFxfEXXsEXKOt1vgx0k,spotify:artist:0gxyHStUsqpMadRV0Di1Qt,3
1671,spotify:artist:40enFxfEXXsEXKOt1vgx0k,spotify:artist:5nPz5R1FDPTMI3Dw4JnTGb,3
1672,spotify:artist:40enFxfEXXsEXKOt1vgx0k,spotify:artist:47qTcvYlqJGAEsCI7BcENC,3
1673,spotify:artist:40enFxfEXXsEXKOt1vgx0k,spotify:artist:1yMYjh77WgOVafRkI50mim,3
1674,spotify:artist:40enFxfEXXsEXKOt1vgx0k,spotify:artist:4PpmBoqphQusNFsxuVKb6j,3
1675,spotify:artist:40enFxfEXXsEXKOt1vgx0k,spotify:artist:3sc7iUG1Wwpwx7bHeZolgx,3
1676,spotify:artist:40enFxfEXXsEXKOt1vgx0k,spotify:artist:73a6pNH4YtLNgDbPQwXveo,3
1677,spotify:artist:40enFxfEXXsEXKOt1vgx0k,spotify:artist:1nUUfnmwd9mdpTPwMcM1hd,3
1678,spotify:artist:40enFxfEXXsEXKOt1vgx0k,spotify:artist:6zpPKMhpOoG646kJgZ7RKf,3
1679,spotify:artist:40enFxfEXXsEXKOt1vgx0k,spotify:artist:67drSMarzjhEXxEJ2ATLfE,3
1680,spotify:artist:73a6pNH4YtLNgDbPQwXveo,spotify:artist:3sc7iUG1Wwpwx7bHeZolgx,3
1681,spotify:artist:73a6pNH4YtLNgDbPQwXveo,spotify:artist:7kCL98rPFsNKjAHDmWrMac,3
1682,spotify:artist:73a6pNH4YtLNgDbPQwXveo,spotify:artist:7xkAwz0bQTGDSbkofyQt3U,3
1683,spotify:artist:73a6pNH4YtLNgDbPQwXveo,spotify:artist:0s0rOb0gT2S9N0SDcjtPC4,3
1684,spotify:artist:73a6pNH4YtLNgDbPQwXveo,spotify:artist:47qTcvYlqJGAEsCI7BcENC,3
1685,spotify:artist:73a6pNH4YtLNgDbPQwXveo,spotify:artist:4463nfFMmK1cwAWBQDwT5e,3
1686,spotify:artist:73a6pNH4YtLNgDbPQwXveo,spotify:artist:0ym94xKp2PIOJtTZKpxbAa,3
1687,spotify:artist:73a6pNH4YtLNgDbPQwXveo,spotify:artist:6rqU9HQ57NYGBnBzbrY3a4,3
1688,spotify:artist:73a6pNH4YtLNgDbPQwXveo,spotify:artist:6zpPKMhpOoG646kJgZ7RKf,3
1689,spotify:artist:73a6pNH4YtLNgDbPQwXveo,spotify:artist:2wpWOzQE5TpA0dVnh5YD08,3
1690,spotify:artist:73a6pNH4YtLNgDbPQwXveo,spotify:artist:1G1mX30GpUJqOr1QU2eBSs,3
1691,spotify:artist:73a6pNH4YtLNgDbPQwXveo,spotify:artist:17U2ImH5IyYMvjkCfPhMHT,3
1692,spotify:artist:73a6pNH4YtLNgDbPQwXveo,spotify:artist:6kz53iCdBSqhQCZ21CoLcc,3
1693,spotify:artist:73a6pNH4YtLNgDbPQwXveo,spotify:artist:40enFxfEXXsEXKOt1vgx0k,3
1694,spotify:artist:73a6pNH4YtLNgDbPQwXveo,spotify:artist:0NKDgy9j66h3DLnN8qu1bB,3
1695,spotify:artist:73a6pNH4YtLNgDbPQwXveo,spotify:artist:6loBF9iQdE11WSX29fNKqY,3
1696,spotify:artist:73a6pNH4YtLNgDbPQwXveo,spotify:artist:5jVeqi3PNaTOajfvBa4uFn,3
1697,spotify:artist:73a6pNH4YtLNgDbPQwXveo,spotify:artist:5ZfzzHE7rxONfoksJsLXrX,3
1698,spotify:artist:73a6pNH4YtLNgDbPQwXveo,spotify:artist:4k7b3DWqBnYpobDWbNWLdM,3
1699,spotify:artist:73a6pNH4YtLNgDbPQwXveo,spotify:artist:0f3kLT4wvi2mFHlHJgV8Hl,3
1700,spotify:artist:7oIgcNOdEHNwP8NFl9tYWs,spotify:artist:5wfTNhhtnBtRwfoqZnHonC,3
1701,spotify:artist:7oIgcNOdEHNwP8NFl9tYWs,spotify:artist:47qTcvYlqJGAEsCI7BcENC,3
1702,spotify:artist:7oIgcNOdEHNwP8NFl9tYWs,spotify:artist:6iKe6ON2rZrdXbuuhI3Gat,3
1703,spotify:artist:7oIgcNOdEHNwP8NFl9tYWs,spotify:artist:7ooOn6bokl4mGV4CEaUz6A,3
1704,spotify:artist:7oIgcNOdEHNwP8NFl9tYWs,spotify:artist:73a6pNH4YtLNgDbPQwXveo,3
1705,spotify:artist:7oIgcNOdEHNwP8NFl9tYWs,spotify:artist:0s0rOb0gT2S9N0SDcjtPC4,3
1706,spotify:artist:7oIgcNOdEHNwP8NFl9tYWs,spotify:artist:7xkAwz0bQTGDSbkofyQt3U,3
1707,spotify:artist:7oIgcNOdEHNwP8NFl9tYWs,spotify:artist:5jqKIZLB5WA5KquEihB3ND,3
1708,spotify:artist:7oIgcNOdEHNwP8NFl9tYWs,spotify:artist:3sc7iUG1Wwpwx7bHeZolgx,3
1709,spotify:artist:7oIgcNOdEHNwP8NFl9tYWs,spotify:artist:20p5D2KrE8CGuOjHtxsyTp,3
1710,spotify:artist:7oIgcNOdEHNwP8NFl9tYWs,spotify:artist:17xleTMStusKOyQrNuK3sQ,3
1711,spotify:artist:7oIgcNOdEHNwP8NFl9tYWs,spotify:artist:1fFE7m4IQRSnZPpyDSMUp8,3
1712,spotify:artist:7oIgcNOdEHNwP8NFl9tYWs,spotify:artist:07h7JMfYWswTq4qpinC5q4,3
1713,spotify:artist:7oIgcNOdEHNwP8NFl9tYWs,spotify:artist:7Dwkme6QjRdS4dF4eNNJ5Y,3
1714,spotify:artist:7oIgcNOdEHNwP8NFl9tYWs,spotify:artist:40enFxfEXXsEXKOt1vgx0k,3
1715,spotify:artist:7oIgcNOdEHNwP8NFl9tYWs,spotify:artist:17U2ImH5IyYMvjkCfPhMHT,3
1716,spotify:artist:7oIgcNOdEHNwP8NFl9tYWs,spotify:artist:7prQzJXElXojlUT2uBUPe2,3
1717,spotify:artist:7oIgcNOdEHNwP8NFl9tYWs,spotify:artist:51l0uqRxGaczYr4271pVIC,3
1718,spotify:artist:7oIgcNOdEHNwP8NFl9tYWs,spotify:artist:7kCL98rPFsNKjAHDmWrMac,3
1719,spotify:artist:7oIgcNOdEHNwP8NFl9tYWs,spotify:artist:2LKrAJVB1842xPDvx4uuwU,3
1720,spotify:artist:3sc7iUG1Wwpwx7bHeZolgx,spotify:artist:73a6pNH4YtLNgDbPQwXveo,3
1721,spotify:artist:3sc7iUG1Wwpwx7bHeZolgx,spotify:artist:4k7b3DWqBnYpobDWbNWLdM,3
1722,spotify:artist:3sc7iUG1Wwpwx7bHeZolgx,spotify:artist:7xkAwz0bQTGDSbkofyQt3U,3
1723,spotify:artist:3sc7iUG1Wwpwx7bHeZolgx,spotify:artist:6kz53iCdBSqhQCZ21CoLcc,3
1724,spotify:artist:3sc7iUG1Wwpwx7bHeZolgx,spotify:artist:5HP4SpcujgIKC6tHBwfy42,3
1725,spotify:artist:3sc7iUG1Wwpwx7bHeZolgx,spotify:artist:5WWSL6rElJeUk3Uc1S2RyD,3
1726,spotify:artist:3sc7iUG1Wwpwx7bHeZolgx,spotify:artist:0ym94xKp2PIOJtTZKpxbAa,3
1727,spotify:artist:3sc7iUG1Wwpwx7bHeZolgx,spotify:artist:0s0rOb0gT2S9N0SDcjtPC4,3
1728,spotify:artist:3sc7iUG1Wwpwx7bHeZolgx,spotify:artist:5bnNgwp3nooah9yHAHsnR4,3
1729,spotify:artist:3sc7iUG1Wwpwx7bHeZolgx,spotify:artist:40enFxfEXXsEXKOt1vgx0k,3
1730,spotify:artist:3sc7iUG1Wwpwx7bHeZolgx,spotify:artist:5ZfzzHE7rxONfoksJsLXrX,3
1731,spotify:artist:3sc7iUG1Wwpwx7bHeZolgx,spotify:artist:6zpPKMhpOoG646kJgZ7RKf,3
1732,spotify:artist:3sc7iUG1Wwpwx7bHeZolgx,spotify:artist:0gxyHStUsqpMadRV0Di1Qt,3
1733,spotify:artist:3sc7iUG1Wwpwx7bHeZolgx,spotify:artist:1nUUfnmwd9mdpTPwMcM1hd,3
1734,spotify:artist:3sc7iUG1Wwpwx7bHeZolgx,spotify:artist:5jVeqi3PNaTOajfvBa4uFn,3
1735,spotify:artist:3sc7iUG1Wwpwx7bHeZolgx,spotify:artist:7kCL98rPFsNKjAHDmWrMac,3
1736,spotify:artist:3sc7iUG1Wwpwx7bHeZolgx,spotify:artist:4toJT7YydhWcrYNgWJK4hW,3
1737,spotify:artist:3sc7iUG1Wwpwx7bHeZolgx,spotify:artist:47qTcvYlqJGAEsCI7BcENC,3
1738,spotify:artist:3sc7iUG1Wwpwx7bHeZolgx,spotify:artist:51l0uqRxGaczYr4271pVIC,3
1739,spotify:artist:3sc7iUG1Wwpwx7bHeZolgx,spotify:artist:2s79xe5F6eUQkjwjww27Fh,3
1740,spotify:artist:5wfTNhhtnBtRwfoqZnHonC,spotify:artist:7oIgcNOdEHNwP8NFl9tYWs,3
1741,spotify:artist:5wfTNhhtnBtRwfoqZnHonC,spotify:artist:6iKe6ON2rZrdXbuuhI3Gat,3
1742,spotify:artist:5wfTNhhtnBtRwfoqZnHonC,spotify:artist:3IXBujNySf3RBaGjDI8dqm,3
1743,spotify:artist:5wfTNhhtnBtRwfoqZnHonC,spotify:artist:47qTcvYlqJGAEsCI7BcENC,3
1744,spotify:artist:5wfTNhhtnBtRwfoqZnHonC,spotify:artist:7ooOn6bokl4mGV4CEaUz6A,3
1745,spotify:artist:5wfTNhhtnBtRwfoqZnHonC,spotify:artist:17xleTMStusKOyQrNuK3sQ,3
1746,spotify:artist:5wfTNhhtnBtRwfoqZnHonC,spotify:artist:1fFE7m4IQRSnZPpyDSMUp8,3
1747,spotify:artist:5wfTNhhtnBtRwfoqZnHonC,spotify:artist:07h7JMfYWswTq4qpinC5q4,3
1748,spotify:artist:5wfTNhhtnBtRwfoqZnHonC,spotify:artist:6f8l45N3qZB1xSCH1qFCFB,3
1749,spotify:artist:5wfTNhhtnBtRwfoqZnHonC,spotify:artist:1dmEUAQBopYUrsMnQnScWL,3
1750,spotify:artist:5wfTNhhtnBtRwfoqZnHonC,spotify:artist:5jqKIZLB5WA5KquEihB3ND,3
1751,spotify:artist:5wfTNhhtnBtRwfoqZnHonC,spotify:artist:7Dwkme6QjRdS4dF4eNNJ5Y,3
1752,spotify:artist:5wfTNhhtnBtRwfoqZnHonC,spotify:artist:2DmyIp3IBWUwRukba22G3n,3
1753,spotify:artist:5wfTNhhtnBtRwfoqZnHonC,spotify:artist:6UlNIFEuWlBqb4TvlVCekq,3
1754,spotify:artist:5wfTNhhtnBtRwfoqZnHonC,spotify:artist:0Uo1d5A6BR1I155GlD9WYo,3
1755,spotify:artist:5wfTNhhtnBtRwfoqZnHonC,spotify:artist:4FPmAi3p4T3p0AsthfqHMA,3
1756,spotify:artist:5wfTNhhtnBtRwfoqZnHonC,spotify:artist:0s0rOb0gT2S9N0SDcjtPC4,3
1757,spotify:artist:5wfTNhhtnBtRwfoqZnHonC,spotify:artist:5ZfzzHE7rxONfoksJsLXrX,3
1758,spotify:artist:5wfTNhhtnBtRwfoqZnHonC,spotify:artist:79mvAIaa8bVyObPdeqs2i3,3
1759,spotify:artist:5wfTNhhtnBtRwfoqZnHonC,spotify:artist:7AvR99Z6y7N5BWF7VdY3bo,3
1760,spotify:artist:37zKpwMQ7NFzk0MPR4FUJe,spotify:artist:7ooOn6bokl4mGV4CEaUz6A,3
1761,spotify:artist:37zKpwMQ7NFzk0MPR4FUJe,spotify:artist:6EgtYGZoF5jLydCpz43xu1,3
1762,spotify:artist:37zKpwMQ7NFzk0MPR4FUJe,spotify:artist:5aauwKTCl2ZGRJUdpMMT4M,3
1763,spotify:artist:37zKpwMQ7NFzk0MPR4FUJe,spotify:artist:095aE5NoWPQE5pOYuNJXJD,3
1764,spotify:artist:37zKpwMQ7NFzk0MPR4FUJe,spotify:artist:5GGArKyB5Mg7kTFZYJ2P5n,3
1765,spotify:artist:37zKpwMQ7NFzk0MPR4FUJe,spotify:artist:3sc7iUG1Wwpwx7bHeZolgx,3
1766,spotify:artist:37zKpwMQ7NFzk0MPR4FUJe,spotify:artist:3gdIwZY6Q3RXhDteYr4ZvC,3
1767,spotify:artist:37zKpwMQ7NFzk0MPR4FUJe,spotify:artist:40enFxfEXXsEXKOt1vgx0k,3
1768,spotify:artist:37zKpwMQ7NFzk0MPR4FUJe,spotify:artist:0s0rOb0gT2S9N0SDcjtPC4,3
1769,spotify:artist:37zKpwMQ7NFzk0MPR4FUJe,spotify:artist:2zVsfeSyFbCey7rq7PasHp,3
1770,spotify:artist:37zKpwMQ7NFzk0MPR4FUJe,spotify:artist:1nUUfnmwd9mdpTPwMcM1hd,3
1771,spotify:artist:37zKpwMQ7NFzk0MPR4FUJe,spotify:artist:47qTcvYlqJGAEsCI7BcENC,3
1772,spotify:artist:37zKpwMQ7NFzk0MPR4FUJe,spotify:artist:5Fe7lgCHgCB8oZhG3KoTZz,3
1773,spotify:artist:37zKpwMQ7NFzk0MPR4FUJe,spotify:artist:27ul3mOdPyXZEtI17EjCWa,3
1774,spotify:artist:37zKpwMQ7NFzk0MPR4FUJe,spotify:artist:6XCS9JCn56Q252cMOTbeq6,3
1775,spotify:artist:37zKpwMQ7NFzk0MPR4FUJe,spotify:artist:5wfTNhhtnBtRwfoqZnHonC,3
1776,spotify:artist:37zKpwMQ7NFzk0MPR4FUJe,spotify:artist:4k7b3DWqBnYpobDWbNWLdM,3
1777,spotify:artist:37zKpwMQ7NFzk0MPR4FUJe,spotify:artist:1fyj6rE8Dw2eLkmdflawvG,3
1778,spotify:artist:37zKpwMQ7NFzk0MPR4FUJe,spotify:artist:43lLY3aEg3yQz8sYhyvdn5,3
1779,spotify:artist:37zKpwMQ7NFzk0MPR4FUJe,spotify:artist:5HP4SpcujgIKC6tHBwfy42,3
1780,spotify:artist:6LQeBFIfD4C22RJVVjQ6S7,spotify:artist:17U2ImH5IyYMvjkCfPhMHT,3
1781,spotify:artist:6LQeBFIfD4C22RJVVjQ6S7,spotify:artist:2BWfZGPtsjRlRp7JTDqI45,3
1782,spotify:artist:6LQeBFIfD4C22RJVVjQ6S7,spotify:artist:0s0rOb0gT2S9N0SDcjtPC4,3
1783,spotify:artist:6LQeBFIfD4C22RJVVjQ6S7,spotify:artist:2wpWOzQE5TpA0dVnh5YD08,3
1784,spotify:artist:6LQeBFIfD4C22RJVVjQ6S7,spotify:artist:20p5D2KrE8CGuOjHtxsyTp,3
1785,spotify:artist:6LQeBFIfD4C22RJVVjQ6S7,spotify:artist:73a6pNH4YtLNgDbPQwXveo,3
1786,spotify:artist:6LQeBFIfD4C22RJVVjQ6S7,spotify:artist:1mZu3rO7qSD09GdDpePHhY,3
1787,spotify:artist:6LQeBFIfD4C22RJVVjQ6S7,spotify:artist:6kz53iCdBSqhQCZ21CoLcc,3
1788,spotify:artist:6LQeBFIfD4C22RJVVjQ6S7,spotify:artist:6IDifUtaIPK4yuAiq5W2iG,3
1789,spotify:artist:6LQeBFIfD4C22RJVVjQ6S7,spotify:artist:1G1mX30GpUJqOr1QU2eBSs,3
1790,spotify:artist:6LQeBFIfD4C22RJVVjQ6S7,spotify:artist:5WWSL6rElJeUk3Uc1S2RyD,3
1791,spotify:artist:6LQeBFIfD4C22RJVVjQ6S7,spotify:artist:3sc7iUG1Wwpwx7bHeZolgx,3
1792,spotify:artist:6LQeBFIfD4C22RJVVjQ6S7,spotify:artist:7kCL98rPFsNKjAHDmWrMac,3
1793,spotify:artist:6LQeBFIfD4C22RJVVjQ6S7,spotify:artist:2urZrEdsq72kx0UzfYN8Yv,3
1794,spotify:artist:6LQeBFIfD4C22RJVVjQ6S7,spotify:artist:6rqU9HQ57NYGBnBzbrY3a4,3
1795,spotify:artist:6LQeBFIfD4C22RJVVjQ6S7,spotify:artist:7ooOn6bokl4mGV4CEaUz6A,3
1796,spotify:artist:6LQeBFIfD4C22RJVVjQ6S7,spotify:artist:0z5DFXmhT4ZNzWElsM7V89,3
1797,spotify:artist:6LQeBFIfD4C22RJVVjQ6S7,spotify:artist:0NKDgy9j66h3DLnN8qu1bB,3
1798,spotify:artist:6LQeBFIfD4C22RJVVjQ6S7,spotify:artist:6zpPKMhpOoG646kJgZ7RKf,3
1799,spotify:artist:6LQeBFIfD4C22RJVVjQ6S7,spotify:artist:2ycnb8Er79LoH2AsR5ldjh,3
1800,spotify:artist:5MspMQqdVbdwP6ax3GXqum,spotify:artist:0s0rOb0gT2S9N0SDcjtPC4,3
1801,spotify:artist:5MspMQqdVbdwP6ax3GXqum,spotify:artist:5JsdVATHNPE0XdMFMRoSuf,3
1802,spotify:artist:5MspMQqdVbdwP6ax3GXqum,spotify:artist:1zuJe6b1roixEKMOtyrEak,3
1803,spotify:artist:5MspMQqdVbdwP6ax3GXqum,spotify:artist:4sD9znwiVFx9cgRPZ42aQ1,3
1804,spotify:artist:5MspMQqdVbdwP6ax3GXqum,spotify:artist:0NKDgy9j66h3DLnN8qu1bB,3
1805,spotify:artist:5MspMQqdVbdwP6ax3GXqum,spotify:artist:13y0kncDD4J9wxCyfKr10W,3
1806,spotify:artist:5MspMQqdVbdwP6ax3GXqum,spotify:artist:6W1BHDF0T4a4KYcSwzD586,3
1807,spotify:artist:5MspMQqdVbdwP6ax3GXqum,spotify:artist:2gTl60Ao3u7bljVnAqxPh8,3
1808,spotify:artist:5MspMQqdVbdwP6ax3GXqum,spotify:artist:3lcbKPLl0ci2mKRdcP5Etf,3
1809,spotify:artist:5MspMQqdVbdwP6ax3GXqum,spotify:artist:2jS7I1u7BpgWT9ssG62Zr1,3
1810,spotify:artist:5MspMQqdVbdwP6ax3GXqum,spotify:artist:1fa0cOhromAZdq2xRA4vv8,3
1811,spotify:artist:5MspMQqdVbdwP6ax3GXqum,spotify:artist:6rqU9HQ57NYGBnBzbrY3a4,3
1812,spotify:artist:5MspMQqdVbdwP6ax3GXqum,spotify:artist:3X0tJzVYoWlfjLYI0Ridsw,3
1813,spotify:artist:5MspMQqdVbdwP6ax3GXqum,spotify:artist:5GtMEZEeFFsuHY8ad4kOxv,3
1814,spotify:artist:5MspMQqdVbdwP6ax3GXqum,spotify:artist:73ZPfpfg1LBVvDEArK4l5B,3
1815,spotify:artist:5MspMQqdVbdwP6ax3GXqum,spotify:artist:1bdAJUX6JPsnYHbTl5jbk6,3
1816,spotify:artist:5MspMQqdVbdwP6ax3GXqum,spotify:artist:7xkAwz0bQTGDSbkofyQt3U,3
1817,spotify:artist:5MspMQqdVbdwP6ax3GXqum,spotify:artist:4TKTii6gnOnUXQHyuo9JaD,3
1818,spotify:artist:5MspMQqdVbdwP6ax3GXqum,spotify:artist:0GByy3DcfbQwDvXGCWmzv9,3
1819,spotify:artist:5MspMQqdVbdwP6ax3GXqum,spotify:artist:6fNmOWQzfOVyHLQ2UqUQew,3
1820,spotify:artist:4k7b3DWqBnYpobDWbNWLdM,spotify:artist:6To7KuC86pBGCtkRUiq80O,3
1821,spotify:artist:4k7b3DWqBnYpobDWbNWLdM,spotify:artist:5HP4SpcujgIKC6tHBwfy42,3
1822,spotify:artist:4k7b3DWqBnYpobDWbNWLdM,spotify:artist:67drSMarzjhEXxEJ2ATLfE,3
1823,spotify:artist:4k7b3DWqBnYpobDWbNWLdM,spotify:artist:2nvxeT9UqUmTfFzTgNGwC0,3
1824,spotify:artist:4k7b3DWqBnYpobDWbNWLdM,spotify:artist:4W2dcPOyD7eSfJCPHCfwoA,3
1825,spotify:artist:4k7b3DWqBnYpobDWbNWLdM,spotify:artist:5GGArKyB5Mg7kTFZYJ2P5n,3
1826,spotify:artist:4k7b3DWqBnYpobDWbNWLdM,spotify:artist:1nUUfnmwd9mdpTPwMcM1hd,3
1827,spotify:artist:4k7b3DWqBnYpobDWbNWLdM,spotify:artist:4i50i5M5whfhk1zFEfo36O,3
1828,spotify:artist:4k7b3DWqBnYpobDWbNWLdM,spotify:artist:4toJT7YydhWcrYNgWJK4hW,3
1829,spotify:artist:4k7b3DWqBnYpobDWbNWLdM,spotify:artist:2LKrAJVB1842xPDvx4uuwU,3
1830,spotify:artist:4k7b3DWqBnYpobDWbNWLdM,spotify:artist:5ZfzzHE7rxONfoksJsLXrX,3
1831,spotify:artist:4k7b3DWqBnYpobDWbNWLdM,spotify:artist:5ApKaVHAStk5kAuyBW1wG8,3
1832,spotify:artist:4k7b3DWqBnYpobDWbNWLdM,spotify:artist:5bnNgwp3nooah9yHAHsnR4,3
1833,spotify:artist:4k7b3DWqBnYpobDWbNWLdM,spotify:artist:0L0XA2oh77ZfPZiaBxw96D,3
1834,spotify:artist:4k7b3DWqBnYpobDWbNWLdM,spotify:artist:3sc7iUG1Wwpwx7bHeZolgx,3
1835,spotify:artist:4k7b3DWqBnYpobDWbNWLdM,spotify:artist:3bpvhFSIErguVNQUiutctF,3
1836,spotify:artist:4k7b3DWqBnYpobDWbNWLdM,spotify:artist:40enFxfEXXsEXKOt1vgx0k,3
1837,spotify:artist:4k7b3DWqBnYpobDWbNWLdM,spotify:artist:0ym94xKp2PIOJtTZKpxbAa,3
1838,spotify:artist:4k7b3DWqBnYpobDWbNWLdM,spotify:artist:2AIFnFQDbv4L0bvo801guv,3
1839,spotify:artist:4k7b3DWqBnYpobDWbNWLdM,spotify:artist:34ugek7kTxRhRSsT1d9Yer,3
1840,spotify:artist:2BWfZGPtsjRlRp7JTDqI45,spotify:artist:6kz53iCdBSqhQCZ21CoLcc,3
1841,spotify:artist:2BWfZGPtsjRlRp7JTDqI45,spotify:artist:6LQeBFIfD4C22RJVVjQ6S7,3
1842,spotify:artist:2BWfZGPtsjRlRp7JTDqI45,spotify:artist:17U2ImH5IyYMvjkCfPhMHT,3
1843,spotify:artist:2BWfZGPtsjRlRp7JTDqI45,spotify:artist:0s0rOb0gT2S9N0SDcjtPC4,3
1844,spotify:artist:2BWfZGPtsjRlRp7JTDqI45,spotify:artist:2urZrEdsq72kx0UzfYN8Yv,3
1845,spotify:artist:2BWfZGPtsjRlRp7JTDqI45,spotify:artist:2wpWOzQE5TpA0dVnh5YD08,3
1846,spotify:artist:2BWfZGPtsjRlRp7JTDqI45,spotify:artist:5WWSL6rElJeUk3Uc1S2RyD,3
1847,spotify:artist:2BWfZGPtsjRlRp7JTDqI45,spotify:artist:5jVeqi3PNaTOajfvBa4uFn,3
1848,spotify:artist:2BWfZGPtsjRlRp7JTDqI45,spotify:artist:6rqU9HQ57NYGBnBzbrY3a4,3
1849,spotify:artist:2BWfZGPtsjRlRp7JTDqI45,spotify:artist:3sc7iUG1Wwpwx7bHeZolgx,3
1850,spotify:artist:2BWfZGPtsjRlRp7JTDqI45,spotify:artist:6zpPKMhpOoG646kJgZ7RKf,3
1851,spotify:artist:2BWfZGPtsjRlRp7JTDqI45,spotify:artist:37PcDG8IyAgXVSH5KAXUnp,3
1852,spotify:artist:2BWfZGPtsjRlRp7JTDqI45,spotify:artist:0f3kLT4wvi2mFHlHJgV8Hl,3
1853,spotify:artist:2BWfZGPtsjRlRp7JTDqI45,spotify:artist:73a6pNH4YtLNgDbPQwXveo,3
1854,spotify:artist:2BWfZGPtsjRlRp7JTDqI45,spotify:artist:20p5D2KrE8CGuOjHtxsyTp,3
1855,spotify:artist:2BWfZGPtsjRlRp7JTDqI45,spotify:artist:0gxyHStUsqpMadRV0Di1Qt,3
1856,spotify:artist:2BWfZGPtsjRlRp7JTDqI45,spotify:artist:0L9xkvBPcEp1nrhDrodxc5,3
1857,spotify:artist:2BWfZGPtsjRlRp7JTDqI45,spotify:artist:7kCL98rPFsNKjAHDmWrMac,3
1858,spotify:artist:2BWfZGPtsjRlRp7JTDqI45,spotify:artist:6loBF9iQdE11WSX29fNKqY,3
1859,spotify:artist:2BWfZGPtsjRlRp7JTDqI45,spotify:artist:1mZu3rO7qSD09GdDpePHhY,3
1860,spotify:artist:2zVsfeSyFbCey7rq7PasHp,spotify:artist:40enFxfEXXsEXKOt1vgx0k,3
1861,spotify:artist:2zVsfeSyFbCey7rq7PasHp,spotify:artist:32lVGr0fSRGT6okLKHiP68,3
1862,spotify:artist:2zVsfeSyFbCey7rq7PasHp,spotify:artist:4k7b3DWqBnYpobDWbNWLdM,3
1863,spotify:artist:2zVsfeSyFbCey7rq7PasHp,spotify:artist:4PpmBoqphQusNFsxuVKb6j,3
1864,spotify:artist:2zVsfeSyFbCey7rq7PasHp,spotify:artist:5GGArKyB5Mg7kTFZYJ2P5n,3
1865,spotify:artist:2zVsfeSyFbCey7rq7PasHp,spotify:artist:4toJT7YydhWcrYNgWJK4hW,3
1866,spotify:artist:2zVsfeSyFbCey7rq7PasHp,spotify:artist:5nPz5R1FDPTMI3Dw4JnTGb,3
1867,spotify:artist:2zVsfeSyFbCey7rq7PasHp,spotify:artist:6tsRo8ErXzpHk3tQeH6GBW,3
1868,spotify:artist:2zVsfeSyFbCey7rq7PasHp,spotify:artist:71aKjsWKYqASAffyIQaocZ,3
1869,spotify:artist:2zVsfeSyFbCey7rq7PasHp,spotify:artist:1nUUfnmwd9mdpTPwMcM1hd,3
1870,spotify:artist:2zVsfeSyFbCey7rq7PasHp,spotify:artist:3sc7iUG1Wwpwx7bHeZolgx,3
1871,spotify:artist:2zVsfeSyFbCey7rq7PasHp,spotify:artist:18jZvCsW1PJ4FDQ5gEXuKp,3
1872,spotify:artist:2zVsfeSyFbCey7rq7PasHp,spotify:artist:2nvxeT9UqUmTfFzTgNGwC0,3
1873,spotify:artist:2zVsfeSyFbCey7rq7PasHp,spotify:artist:5bnNgwp3nooah9yHAHsnR4,3
1874,spotify:artist:2zVsfeSyFbCey7rq7PasHp,spotify:artist:5dcOK4stT4JDkP6Dqhbz5s,3
1875,spotify:artist:2zVsfeSyFbCey7rq7PasHp,spotify:artist:34ugek7kTxRhRSsT1d9Yer,3
1876,spotify:artist:2zVsfeSyFbCey7rq7PasHp,spotify:artist:5HP4SpcujgIKC6tHBwfy42,3
1877,spotify:artist:2zVsfeSyFbCey7rq7PasHp,spotify:artist:6G7PZ5QfWCPDMxTJ48vYwG,3
1878,spotify:artist:2zVsfeSyFbCey7rq7PasHp,spotify:artist:67drSMarzjhEXxEJ2ATLfE,3
1879,spotify:artist:2zVsfeSyFbCey7rq7PasHp,spotify:artist:7xkAwz0bQTGDSbkofyQt3U,3
1880,spotify:artist:3JxCEqL9zjKnDJgUhRuRJD,spotify:artist:2sIx6SmAMw9IBySG3Uj0jf,3
1881,spotify:artist:3JxCEqL9zjKnDJgUhRuRJD,spotify:artist:1JpHKf8Ztyd8HXU8p6m9cc,3
1882,spotify:artist:3JxCEqL9zjKnDJgUhRuRJD,spotify:artist:4eQJIXFEujzhTVVS1gIfu5,3
1883,spotify:artist:3JxCEqL9zjKnDJgUhRuRJD,spotify:artist:4ihCM8I0fpWodgjo0mTlhZ,3
1884,spotify:artist:3JxCEqL9zjKnDJgUhRuRJD,spotify:artist:2f9ZiYA2ic1r1voObUimdd,3
1885,spotify:artist:3JxCEqL9zjKnDJgUhRuRJD,spotify:artist:7ooOn6bokl4mGV4CEaUz6A,3
1886,spotify:artist:3JxCEqL9zjKnDJgUhRuRJD,spotify:artist:0vUJ3QLN3MlRfjOc2LjGWp,3
1887,spotify:artist:3JxCEqL9zjKnDJgUhRuRJD,spotify:artist:4k7b3DWqBnYpobDWbNWLdM,3
1888,spotify:artist:3JxCEqL9zjKnDJgUhRuRJD,spotify:artist:2PvqyOwynRF4BveaU6IA7S,3
1889,spotify:artist:3JxCEqL9zjKnDJgUhRuRJD,spotify:artist:46h3caIKtqPlEfRHuSdibg,3
1890,spotify:artist:3JxCEqL9zjKnDJgUhRuRJD,spotify:artist:1N2FgBLehaq77UEdJhCt7f,3
1891,spotify:artist:3JxCEqL9zjKnDJgUhRuRJD,spotify:artist:3lcbKPLl0ci2mKRdcP5Etf,3
1892,spotify:artist:3JxCEqL9zjKnDJgUhRuRJD,spotify:artist:59luKpdal8UwxcuLJNoKwS,3
1893,spotify:artist:3JxCEqL9zjKnDJgUhRuRJD,spotify:artist:4toJT7YydhWcrYNgWJK4hW,3
1894,spotify:artist:3JxCEqL9zjKnDJgUhRuRJD,spotify:artist:7xFnmid57ZE6iWEXdEXO3b,3
1895,spotify:artist:3JxCEqL9zjKnDJgUhRuRJD,spotify:artist:3sc7iUG1Wwpwx7bHeZolgx,3
1896,spotify:artist:3JxCEqL9zjKnDJgUhRuRJD,spotify:artist:3kLkYmt0NnxLNMOruQQtl4,3
1897,spotify:artist:3JxCEqL9zjKnDJgUhRuRJD,spotify:artist:3qwabfaWewpfli7hMNM3O8,3
1898,spotify:artist:3JxCEqL9zjKnDJgUhRuRJD,spotify:artist:2Kmao3yzMTfAXQr3Wznw2B,3
1899,spotify:artist:3JxCEqL9zjKnDJgUhRuRJD,spotify:artist:5E704N5StxMVKpalhaJ5L3,3
1900,spotify:artist:3gdIwZY6Q3RXhDteYr4ZvC,spotify:artist:08DLZqQd6XDAVteF9nSEJ1,3
1901,spotify:artist:3gdIwZY6Q3RXhDteYr4ZvC,spotify:artist:2EfG2EoT8GFJrMiilbTVl2,3
1902,spotify:artist:3gdIwZY6Q3RXhDteYr4ZvC,spotify:artist:2QmLFuIDtNDmmJY3OtvinN,3
1903,spotify:artist:3gdIwZY6Q3RXhDteYr4ZvC,spotify:artist:4a7CDXcRCXi4kp5z7SEXtg,3
1904,spotify:artist:3gdIwZY6Q3RXhDteYr4ZvC,spotify:artist:1TMMyiSsNzmRiZCAkVLVb2,3
1905,spotify:artist:3gdIwZY6Q3RXhDteYr4ZvC,spotify:artist:5MspMQqdVbdwP6ax3GXqum,3
1906,spotify:artist:3gdIwZY6Q3RXhDteYr4ZvC,spotify:artist:01Ppu7N8uYJI8SAONo2YZA,3
1907,spotify:artist:3gdIwZY6Q3RXhDteYr4ZvC,spotify:artist:76oeXwztPqAxVg9oqozK3z,3
1908,spotify:artist:3gdIwZY6Q3RXhDteYr4ZvC,spotify:artist:73JEBdDEFeVaOLg3y0HhBD,3
1909,spotify:artist:3gdIwZY6Q3RXhDteYr4ZvC,spotify:artist:2ZqXK2gIDbfE7aOvkNObPW,3
1910,spotify:artist:3gdIwZY6Q3RXhDteYr4ZvC,spotify:artist:2ON3fLFbL1rHfHEjeYNKsO,3
1911,spotify:artist:3gdIwZY6Q3RXhDteYr4ZvC,spotify:artist:1yMYjh77WgOVafRkI50mim,3
1912,spotify:artist:3gdIwZY6Q3RXhDteYr4ZvC,spotify:artist:6FbDoZnMBTdhhhLuJBOOqP,3
1913,spotify:artist:3gdIwZY6Q3RXhDteYr4ZvC,spotify:artist:1x1NsoNPyVy6FlgSLSovSk,3
1914,spotify:artist:3gdIwZY6Q3RXhDteYr4ZvC,spotify:artist:7xkAwz0bQTGDSbkofyQt3U,3
1915,spotify:artist:3gdIwZY6Q3RXhDteYr4ZvC,spotify:artist:4TKTii6gnOnUXQHyuo9JaD,3
1916,spotify:artist:3gdIwZY6Q3RXhDteYr4ZvC,spotify:artist:5JsdVATHNPE0XdMFMRoSuf,3
1917,spotify:artist:3gdIwZY6Q3RXhDteYr4ZvC,spotify:artist:4NgNsOXSwIzXlUIJcpnNUp,3
1918,spotify:artist:3gdIwZY6Q3RXhDteYr4ZvC,spotify:artist:40enFxfEXXsEXKOt1vgx0k,3
1919,spotify:artist:3gdIwZY6Q3RXhDteYr4ZvC,spotify:artist:0dlOr0VIysztGWvU1dpjmP,3
1920,spotify:artist:0NKDgy9j66h3DLnN8qu1bB,spotify:artist:1G1mX30GpUJqOr1QU2eBSs,3
1921,spotify:artist:0NKDgy9j66h3DLnN8qu1bB,spotify:artist:20p5D2KrE8CGuOjHtxsyTp,3
1922,spotify:artist:0NKDgy9j66h3DLnN8qu1bB,spotify:artist:2wpWOzQE5TpA0dVnh5YD08,3
1923,spotify:artist:0NKDgy9j66h3DLnN8qu1bB,spotify:artist:0s0rOb0gT2S9N0SDcjtPC4,3
1924,spotify:artist:0NKDgy9j66h3DLnN8qu1bB,spotify:artist:1mZu3rO7qSD09GdDpePHhY,3
1925,spotify:artist:0NKDgy9j66h3DLnN8qu1bB,spotify:artist:2urZrEdsq72kx0UzfYN8Yv,3
1926,spotify:artist:0NKDgy9j66h3DLnN8qu1bB,spotify:artist:73a6pNH4YtLNgDbPQwXveo,3
1927,spotify:artist:0NKDgy9j66h3DLnN8qu1bB,spotify:artist:6kz53iCdBSqhQCZ21CoLcc,3
1928,spotify:artist:0NKDgy9j66h3DLnN8qu1bB,spotify:artist:2s79xe5F6eUQkjwjww27Fh,3
1929,spotify:artist:0NKDgy9j66h3DLnN8qu1bB,spotify:artist:7kCL98rPFsNKjAHDmWrMac,3
1930,spotify:artist:0NKDgy9j66h3DLnN8qu1bB,spotify:artist:1aX2dmV8XoHYCOQRxjPESG,3
1931,spotify:artist:0NKDgy9j66h3DLnN8qu1bB,spotify:artist:6loBF9iQdE11WSX29fNKqY,3
1932,spotify:artist:0NKDgy9j66h3DLnN8qu1bB,spotify:artist:5jVeqi3PNaTOajfvBa4uFn,3
1933,spotify:artist:0NKDgy9j66h3DLnN8qu1bB,spotify:artist:3sc7iUG1Wwpwx7bHeZolgx,3
1934,spotify:artist:0NKDgy9j66h3DLnN8qu1bB,spotify:artist:6rqU9HQ57NYGBnBzbrY3a4,3
1935,spotify:artist:0NKDgy9j66h3DLnN8qu1bB,spotify:artist:2jzc5TC5TVFLXQlBNiIUzE,3
1936,spotify:artist:0NKDgy9j66h3DLnN8qu1bB,spotify:artist:0z5DFXmhT4ZNzWElsM7V89,3
1937,spotify:artist:0NKDgy9j66h3DLnN8qu1bB,spotify:artist:0lZoBs4Pzo7R89JM9lxwoT,3
1938,spotify:artist:0NKDgy9j66h3DLnN8qu1bB,spotify:artist:6hN9F0iuULZYWXppob22Aj,3
1939,spotify:artist:0NKDgy9j66h3DLnN8qu1bB,spotify:artist:2ycnb8Er79LoH2AsR5ldjh,3
1940,spotify:artist:5JsdVATHNPE0XdMFMRoSuf,spotify:artist:3lcbKPLl0ci2mKRdcP5Etf,3
1941,spotify:artist:5JsdVATHNPE0XdMFMRoSuf,spotify:artist:5MspMQqdVbdwP6ax3GXqum,3
1942,spotify:artist:5JsdVATHNPE0XdMFMRoSuf,spotify:artist:6edGSAX5dVpeJVwu1Q0NwJ,3
1943,spotify:artist:5JsdVATHNPE0XdMFMRoSuf,spotify:artist:4fomCZiFUMX73KJ0YQ0V90,3
1944,spotify:artist:5JsdVATHNPE0XdMFMRoSuf,spotify:artist:5jqKIZLB5WA5KquEihB3ND,3
1945,spotify:artist:5JsdVATHNPE0XdMFMRoSuf,spotify:artist:0s0rOb0gT2S9N0SDcjtPC4,3
1946,spotify:artist:5JsdVATHNPE0XdMFMRoSuf,spotify:artist:2u0gw0uCWBMiqV7h0N8kai,3
1947,spotify:artist:5JsdVATHNPE0XdMFMRoSuf,spotify:artist:7rftfGIYEeZ79sLb58ZBDi,3
1948,spotify:artist:5JsdVATHNPE0XdMFMRoSuf,spotify:artist:1VbWUxZTRNY2gw3qZ1tg9W,3
1949,spotify:artist:5JsdVATHNPE0XdMFMRoSuf,spotify:artist:73ZPfpfg1LBVvDEArK4l5B,3
1950,spotify:artist:5JsdVATHNPE0XdMFMRoSuf,spotify:artist:0dlOr0VIysztGWvU1dpjmP,3
1951,spotify:artist:5JsdVATHNPE0XdMFMRoSuf,spotify:artist:20p5D2KrE8CGuOjHtxsyTp,3
1952,spotify:artist:5JsdVATHNPE0XdMFMRoSuf,spotify:artist:0NKDgy9j66h3DLnN8qu1bB,3
1953,spotify:artist:5JsdVATHNPE0XdMFMRoSuf,spotify:artist:2Q4FnG5T6NTUcAAZwuMV5K,3
1954,spotify:artist:5JsdVATHNPE0XdMFMRoSuf,spotify:artist:2U6gqwyl9F33YxawnFrZG7,3
1955,spotify:artist:5JsdVATHNPE0XdMFMRoSuf,spotify:artist:67YNiSqhrx1P8oPvIIvbP5,3
1956,spotify:artist:5JsdVATHNPE0XdMFMRoSuf,spotify:artist:2oDCaYSoTLVLIBg1gI2dPK,3
1957,spotify:artist:5JsdVATHNPE0XdMFMRoSuf,spotify:artist:6rqU9HQ57NYGBnBzbrY3a4,3
1958,spotify:artist:5JsdVATHNPE0XdMFMRoSuf,spotify:artist:7xkAwz0bQTGDSbkofyQt3U,3
1959,spotify:artist:5JsdVATHNPE0XdMFMRoSuf,spotify:artist:5TDVKqW9uhqGjwwwKGuma4,3
1960,spotify:artist:17xleTMStusKOyQrNuK3sQ,spotify:artist:07h7JMfYWswTq4qpinC5q4,3
1961,spotify:artist:17xleTMStusKOyQrNuK3sQ,spotify:artist:7Dwkme6QjRdS4dF4eNNJ5Y,3
1962,spotify:artist:17xleTMStusKOyQrNuK3sQ,spotify:artist:3LtBdgNHdH0Ix8hCFZ4NJG,3
1963,spotify:artist:17xleTMStusKOyQrNuK3sQ,spotify:artist:1dmEUAQBopYUrsMnQnScWL,3
1964,spotify:artist:17xleTMStusKOyQrNuK3sQ,spotify:artist:0EPf9vAXPdFV5Ezp1sMX8B,3
1965,spotify:artist:17xleTMStusKOyQrNuK3sQ,spotify:artist:6iKe6ON2rZrdXbuuhI3Gat,3
1966,spotify:artist:17xleTMStusKOyQrNuK3sQ,spotify:artist:5PYuBRQMHh7nWmdV076sH9,3
1967,spotify:artist:17xleTMStusKOyQrNuK3sQ,spotify:artist:52K4ArhA4OgMO7AsyEgqCT,3
1968,spotify:artist:17xleTMStusKOyQrNuK3sQ,spotify:artist:2DppeCnNtvrLfEobq9Pw5r,3
1969,spotify:artist:17xleTMStusKOyQrNuK3sQ,spotify:artist:7vPXrGlSGukcwpaPxUfKKR,3
1970,spotify:artist:17xleTMStusKOyQrNuK3sQ,spotify:artist:3QP0XPDwbvGivqDAaJ5f5G,3
1971,spotify:artist:17xleTMStusKOyQrNuK3sQ,spotify:artist:7GsdZ6T45uXudJ8Wsko9sB,3
1972,spotify:artist:17xleTMStusKOyQrNuK3sQ,spotify:artist:1aX2dmV8XoHYCOQRxjPESG,3
1973,spotify:artist:17xleTMStusKOyQrNuK3sQ,spotify:artist:6aq8T2RcspxVOGgMrTzjWc,3
1974,spotify:artist:17xleTMStusKOyQrNuK3sQ,spotify:artist:2N4isf5pypyuDVpBofqEN8,3
1975,spotify:artist:17xleTMStusKOyQrNuK3sQ,spotify:artist:1yFJnlNMiBUBplMaOP5CMX,3
1976,spotify:artist:17xleTMStusKOyQrNuK3sQ,spotify:artist:7AvR99Z6y7N5BWF7VdY3bo,3
1977,spotify:artist:17xleTMStusKOyQrNuK3sQ,spotify:artist:4tHCrc4lQw3tYsbN8G9OW7,3
1978,spotify:artist:17xleTMStusKOyQrNuK3sQ,spotify:artist:1G1mX30GpUJqOr1QU2eBSs,3
1979,spotify:artist:17xleTMStusKOyQrNuK3sQ,spotify:artist:3hsO9B2FiSAfdBddcNKZEV,3
1980,spotify:artist:43lLY3aEg3yQz8sYhyvdn5,spotify:artist:6RxvPZHJL1V9kWWvzM0APg,3
1981,spotify:artist:43lLY3aEg3yQz8sYhyvdn5,spotify:artist:3Ps27dDfvubd75rh5A0wz9,3
1982,spotify:artist:43lLY3aEg3yQz8sYhyvdn5,spotify:artist:3RjnAn8EWb7zaLlGWVxQeP,3
1983,spotify:artist:43lLY3aEg3yQz8sYhyvdn5,spotify:artist:27ul3mOdPyXZEtI17EjCWa,3
1984,spotify:artist:43lLY3aEg3yQz8sYhyvdn5,spotify:artist:6rszfpmbyLrv6Mxjym56Uu,3
1985,spotify:artist:43lLY3aEg3yQz8sYhyvdn5,spotify:artist:7edpqbQnGU6YySpab5ItAU,3
1986,spotify:artist:43lLY3aEg3yQz8sYhyvdn5,spotify:artist:5TDVKqW9uhqGjwwwKGuma4,3
1987,spotify:artist:43lLY3aEg3yQz8sYhyvdn5,spotify:artist:7zYGAXxAaq15C9eM29M8Fj,3
1988,spotify:artist:43lLY3aEg3yQz8sYhyvdn5,spotify:artist:5JsdVATHNPE0XdMFMRoSuf,3
1989,spotify:artist:43lLY3aEg3yQz8sYhyvdn5,spotify:artist:17UkABEasVRlCcIFZ3wHb7,3
1990,spotify:artist:43lLY3aEg3yQz8sYhyvdn5,spotify:artist:6G7PZ5QfWCPDMxTJ48vYwG,3
1991,spotify:artist:43lLY3aEg3yQz8sYhyvdn5,spotify:artist:6htUPs3clIStnkvg5jimKZ,3
1992,spotify:artist:43lLY3aEg3yQz8sYhyvdn5,spotify:artist:7rZNSLWMjTbwdLNskFbzFf,3
1993,spotify:artist:43lLY3aEg3yQz8sYhyvdn5,spotify:artist:7L12TqJ0fbwtFljTbwfwRI,3
1994,spotify:artist:43lLY3aEg3yQz8sYhyvdn5,spotify:artist:7gRmesSjINzb4xXApfMV5E,3
1995,spotify:artist:43lLY3aEg3yQz8sYhyvdn5,spotify:artist:5orH1OWgjAYUX8sZ5gihTv,3
1996,spotify:artist:43lLY3aEg3yQz8sYhyvdn5,spotify:artist:7LP4hiTAVkw3Rtc1hqtLi4,3
1997,spotify:artist:43lLY3aEg3yQz8sYhyvdn5,spotify:artist:30AzZL0valZQ62OIQiFWvk,3
1998,spotify:artist:43lLY3aEg3yQz8sYhyvdn5,spotify:artist:60vX3zLcdKRXvKLITVh5Df,3
1999,spotify:artist:43lLY3aEg3yQz8sYhyvdn5,spotify:artist:2AEEnr6Le5zHzBwpnlZSmq,3
2000,spotify:artist:6aq8T2RcspxVOGgMrTzjWc,spotify:artist:1aX2dmV8XoHYCOQRxjPESG,3
2001,spotify:artist:6aq8T2RcspxVOGgMrTzjWc,spotify:artist:0EPf9vAXPdFV5Ezp1sMX8B,3
2002,spotify:artist:6aq8T2RcspxVOGgMrTzjWc,spotify:artist:1G1mX30GpUJqOr1QU2eBSs,3
2003,spotify:artist:6aq8T2RcspxVOGgMrTzjWc,spotify:artist:5KQMtyPE8DCQNUzoNqlEsE,3
2004,spotify:artist:6aq8T2RcspxVOGgMrTzjWc,spotify:artist:3LtBdgNHdH0Ix8hCFZ4NJG,3
2005,spotify:artist:6aq8T2RcspxVOGgMrTzjWc,spotify:artist:5PYuBRQMHh7nWmdV076sH9,3
2006,spotify:artist:6aq8T2RcspxVOGgMrTzjWc,spotify:artist:7vPXrGlSGukcwpaPxUfKKR,3
2007,spotify:artist:6aq8T2RcspxVOGgMrTzjWc,spotify:artist:3iUjRVvYCsMfz7tuAQtBDI,3
2008,spotify:artist:6aq8T2RcspxVOGgMrTzjWc,spotify:artist:2s79xe5F6eUQkjwjww27Fh,3
2009,spotify:artist:6aq8T2RcspxVOGgMrTzjWc,spotify:artist:2wpWOzQE5TpA0dVnh5YD08,3
2010,spotify:artist:6aq8T2RcspxVOGgMrTzjWc,spotify:artist:07h7JMfYWswTq4qpinC5q4,3
2011,spotify:artist:6aq8T2RcspxVOGgMrTzjWc,spotify:artist:7nBZYpVAH6bD0QlD7Mpil7,3
2012,spotify:artist:6aq8T2RcspxVOGgMrTzjWc,spotify:artist:7wJ9NwdRWtN92NunmXuwBk,3
2013,spotify:artist:6aq8T2RcspxVOGgMrTzjWc,spotify:artist:2DppeCnNtvrLfEobq9Pw5r,3
2014,spotify:artist:6aq8T2RcspxVOGgMrTzjWc,spotify:artist:0uAjBatvB4ubpd4kCfjmNt,3
2015,spotify:artist:6aq8T2RcspxVOGgMrTzjWc,spotify:artist:28yIUgPYZqgJoNZjeBvrHn,3
2016,spotify:artist:6aq8T2RcspxVOGgMrTzjWc,spotify:artist:5jVeqi3PNaTOajfvBa4uFn,3
2017,spotify:artist:6aq8T2RcspxVOGgMrTzjWc,spotify:artist:7GsdZ6T45uXudJ8Wsko9sB,3
2018,spotify:artist:6aq8T2RcspxVOGgMrTzjWc,spotify:artist:1mZu3rO7qSD09GdDpePHhY,3
2019,spotify:artist:6aq8T2RcspxVOGgMrTzjWc,spotify:artist:3QP0XPDwbvGivqDAaJ5f5G,3
2020,spotify:artist:3LtBdgNHdH0Ix8hCFZ4NJG,spotify:artist:5PYuBRQMHh7nWmdV076sH9,3
2021,spotify:artist:3LtBdgNHdH0Ix8hCFZ4NJG,spotify:artist:40PsC6cWe7ZQdOUTqF5JgD,3
2022,spotify:artist:3LtBdgNHdH0Ix8hCFZ4NJG,spotify:artist:0WUphJOGHE5i95IeR87hsO,3
2023,spotify:artist:3LtBdgNHdH0Ix8hCFZ4NJG,spotify:artist:1aX2dmV8XoHYCOQRxjPESG,3
2024,spotify:artist:3LtBdgNHdH0Ix8hCFZ4NJG,spotify:artist:0EPf9vAXPdFV5Ezp1sMX8B,3
2025,spotify:artist:3LtBdgNHdH0Ix8hCFZ4NJG,spotify:artist:2iVoDxX4iDDXYr2WbMucaw,3
2026,spotify:artist:3LtBdgNHdH0Ix8hCFZ4NJG,spotify:artist:1G1mX30GpUJqOr1QU2eBSs,3
2027,spotify:artist:3LtBdgNHdH0Ix8hCFZ4NJG,spotify:artist:28yIUgPYZqgJoNZjeBvrHn,3
2028,spotify:artist:3LtBdgNHdH0Ix8hCFZ4NJG,spotify:artist:0f3kLT4wvi2mFHlHJgV8Hl,3
2029,spotify:artist:3LtBdgNHdH0Ix8hCFZ4NJG,spotify:artist:2Uz58cSxlJgefDaSikxYQ7,3
2030,spotify:artist:3LtBdgNHdH0Ix8hCFZ4NJG,spotify:artist:5jVeqi3PNaTOajfvBa4uFn,3
2031,spotify:artist:3LtBdgNHdH0Ix8hCFZ4NJG,spotify:artist:3iUjRVvYCsMfz7tuAQtBDI,3
2032,spotify:artist:3LtBdgNHdH0Ix8hCFZ4NJG,spotify:artist:2s79xe5F6eUQkjwjww27Fh,3
2033,spotify:artist:3LtBdgNHdH0Ix8hCFZ4NJG,spotify:artist:2N4isf5pypyuDVpBofqEN8,3
2034,spotify:artist:3LtBdgNHdH0Ix8hCFZ4NJG,spotify:artist:07h7JMfYWswTq4qpinC5q4,3
2035,spotify:artist:3LtBdgNHdH0Ix8hCFZ4NJG,spotify:artist:2wpWOzQE5TpA0dVnh5YD08,3
2036,spotify:artist:3LtBdgNHdH0Ix8hCFZ4NJG,spotify:artist:6aq8T2RcspxVOGgMrTzjWc,3
2037,spotify:artist:3LtBdgNHdH0Ix8hCFZ4NJG,spotify:artist:0uAjBatvB4ubpd4kCfjmNt,3
2038,spotify:artist:3LtBdgNHdH0Ix8hCFZ4NJG,spotify:artist:6loBF9iQdE11WSX29fNKqY,3
2039,spotify:artist:3LtBdgNHdH0Ix8hCFZ4NJG,spotify:artist:5KQMtyPE8DCQNUzoNqlEsE,3
2040,spotify:artist:0EPf9vAXPdFV5Ezp1sMX8B,spotify:artist:1aX2dmV8XoHYCOQRxjPESG,3
2041,spotify:artist:0EPf9vAXPdFV5Ezp1sMX8B,spotify:artist:1G1mX30GpUJqOr1QU2eBSs,3
2042,spotify:artist:0EPf9vAXPdFV5Ezp1sMX8B,spotify:artist:3LtBdgNHdH0Ix8hCFZ4NJG,3
2043,spotify:artist:0EPf9vAXPdFV5Ezp1sMX8B,spotify:artist:5KQMtyPE8DCQNUzoNqlEsE,3
2044,spotify:artist:0EPf9vAXPdFV5Ezp1sMX8B,spotify:artist:6aq8T2RcspxVOGgMrTzjWc,3
2045,spotify:artist:0EPf9vAXPdFV5Ezp1sMX8B,spotify:artist:40PsC6cWe7ZQdOUTqF5JgD,3
2046,spotify:artist:0EPf9vAXPdFV5Ezp1sMX8B,spotify:artist:5PYuBRQMHh7nWmdV076sH9,3
2047,spotify:artist:0EPf9vAXPdFV5Ezp1sMX8B,spotify:artist:3iUjRVvYCsMfz7tuAQtBDI,3
2048,spotify:artist:0EPf9vAXPdFV5Ezp1sMX8B,spotify:artist:7vPXrGlSGukcwpaPxUfKKR,3
2049,spotify:artist:0EPf9vAXPdFV5Ezp1sMX8B,spotify:artist:2N4isf5pypyuDVpBofqEN8,3
2050,spotify:artist:0EPf9vAXPdFV5Ezp1sMX8B,spotify:artist:07h7JMfYWswTq4qpinC5q4,3
2051,spotify:artist:0EPf9vAXPdFV5Ezp1sMX8B,spotify:artist:28yIUgPYZqgJoNZjeBvrHn,3
2052,spotify:artist:0EPf9vAXPdFV5Ezp1sMX8B,spotify:artist:2wpWOzQE5TpA0dVnh5YD08,3
2053,spotify:artist:0EPf9vAXPdFV5Ezp1sMX8B,spotify:artist:0f3kLT4wvi2mFHlHJgV8Hl,3
2054,spotify:artist:0EPf9vAXPdFV5Ezp1sMX8B,spotify:artist:2s79xe5F6eUQkjwjww27Fh,3
2055,spotify:artist:0EPf9vAXPdFV5Ezp1sMX8B,spotify:artist:0uAjBatvB4ubpd4kCfjmNt,3
2056,spotify:artist:0EPf9vAXPdFV5Ezp1sMX8B,spotify:artist:7wJ9NwdRWtN92NunmXuwBk,3
2057,spotify:artist:0EPf9vAXPdFV5Ezp1sMX8B,spotify:artist:36pk438TUUMdX59j1zbvTu,3
2058,spotify:artist:0EPf9vAXPdFV5Ezp1sMX8B,spotify:artist:6SXZyMIzYNNfZ3NFQc3vtv,3
2059,spotify:artist:0EPf9vAXPdFV5Ezp1sMX8B,spotify:artist:17xleTMStusKOyQrNuK3sQ,3
2060,spotify:artist:5PYuBRQMHh7nWmdV076sH9,spotify:artist:3LtBdgNHdH0Ix8hCFZ4NJG,3
2061,spotify:artist:5PYuBRQMHh7nWmdV076sH9,spotify:artist:1aX2dmV8XoHYCOQRxjPESG,3
2062,spotify:artist:5PYuBRQMHh7nWmdV076sH9,spotify:artist:2s79xe5F6eUQkjwjww27Fh,3
2063,spotify:artist:5PYuBRQMHh7nWmdV076sH9,spotify:artist:1G1mX30GpUJqOr1QU2eBSs,3
2064,spotify:artist:5PYuBRQMHh7nWmdV076sH9,spotify:artist:0WUphJOGHE5i95IeR87hsO,3
2065,spotify:artist:5PYuBRQMHh7nWmdV076sH9,spotify:artist:2Uz58cSxlJgefDaSikxYQ7,3
2066,spotify:artist:5PYuBRQMHh7nWmdV076sH9,spotify:artist:0f3kLT4wvi2mFHlHJgV8Hl,3
2067,spotify:artist:5PYuBRQMHh7nWmdV076sH9,spotify:artist:5jVeqi3PNaTOajfvBa4uFn,3
2068,spotify:artist:5PYuBRQMHh7nWmdV076sH9,spotify:artist:6loBF9iQdE11WSX29fNKqY,3
2069,spotify:artist:5PYuBRQMHh7nWmdV076sH9,spotify:artist:0EPf9vAXPdFV5Ezp1sMX8B,3
2070,spotify:artist:5PYuBRQMHh7nWmdV076sH9,spotify:artist:28yIUgPYZqgJoNZjeBvrHn,3
2071,spotify:artist:5PYuBRQMHh7nWmdV076sH9,spotify:artist:2wpWOzQE5TpA0dVnh5YD08,3
2072,spotify:artist:5PYuBRQMHh7nWmdV076sH9,spotify:artist:3iUjRVvYCsMfz7tuAQtBDI,3
2073,spotify:artist:5PYuBRQMHh7nWmdV076sH9,spotify:artist:2N4isf5pypyuDVpBofqEN8,3
2074,spotify:artist:5PYuBRQMHh7nWmdV076sH9,spotify:artist:7vPXrGlSGukcwpaPxUfKKR,3
2075,spotify:artist:5PYuBRQMHh7nWmdV076sH9,spotify:artist:07h7JMfYWswTq4qpinC5q4,3
2076,spotify:artist:5PYuBRQMHh7nWmdV076sH9,spotify:artist:7wJ9NwdRWtN92NunmXuwBk,3
2077,spotify:artist:5PYuBRQMHh7nWmdV076sH9,spotify:artist:2iVoDxX4iDDXYr2WbMucaw,3
2078,spotify:artist:5PYuBRQMHh7nWmdV076sH9,spotify:artist:6aq8T2RcspxVOGgMrTzjWc,3
2079,spotify:artist:5PYuBRQMHh7nWmdV076sH9,spotify:artist:1mZu3rO7qSD09GdDpePHhY,3
2080,spotify:artist:28yIUgPYZqgJoNZjeBvrHn,spotify:artist:3LtBdgNHdH0Ix8hCFZ4NJG,3
2081,spotify:artist:28yIUgPYZqgJoNZjeBvrHn,spotify:artist:5PYuBRQMHh7nWmdV076sH9,3
2082,spotify:artist:28yIUgPYZqgJoNZjeBvrHn,spotify:artist:1aX2dmV8XoHYCOQRxjPESG,3
2083,spotify:artist:28yIUgPYZqgJoNZjeBvrHn,spotify:artist:1G1mX30GpUJqOr1QU2eBSs,3
2084,spotify:artist:28yIUgPYZqgJoNZjeBvrHn,spotify:artist:2s79xe5F6eUQkjwjww27Fh,3
2085,spotify:artist:28yIUgPYZqgJoNZjeBvrHn,spotify:artist:2wpWOzQE5TpA0dVnh5YD08,3
2086,spotify:artist:28yIUgPYZqgJoNZjeBvrHn,spotify:artist:1mZu3rO7qSD09GdDpePHhY,3
2087,spotify:artist:28yIUgPYZqgJoNZjeBvrHn,spotify:artist:0EPf9vAXPdFV5Ezp1sMX8B,3
2088,spotify:artist:28yIUgPYZqgJoNZjeBvrHn,spotify:artist:2Uz58cSxlJgefDaSikxYQ7,3
2089,spotify:artist:28yIUgPYZqgJoNZjeBvrHn,spotify:artist:3xgj17ZsWxxU86S4qlWvOi,3
2090,spotify:artist:28yIUgPYZqgJoNZjeBvrHn,spotify:artist:0f3kLT4wvi2mFHlHJgV8Hl,3
2091,spotify:artist:28yIUgPYZqgJoNZjeBvrHn,spotify:artist:3iUjRVvYCsMfz7tuAQtBDI,3
2092,spotify:artist:28yIUgPYZqgJoNZjeBvrHn,spotify:artist:5jVeqi3PNaTOajfvBa4uFn,3
2093,spotify:artist:28yIUgPYZqgJoNZjeBvrHn,spotify:artist:0WUphJOGHE5i95IeR87hsO,3
2094,spotify:artist:28yIUgPYZqgJoNZjeBvrHn,spotify:artist:2N4isf5pypyuDVpBofqEN8,3
2095,spotify:artist:28yIUgPYZqgJoNZjeBvrHn,spotify:artist:6loBF9iQdE11WSX29fNKqY,3
2096,spotify:artist:28yIUgPYZqgJoNZjeBvrHn,spotify:artist:7wJ9NwdRWtN92NunmXuwBk,3
2097,spotify:artist:28yIUgPYZqgJoNZjeBvrHn,spotify:artist:6aq8T2RcspxVOGgMrTzjWc,3
2098,spotify:artist:28yIUgPYZqgJoNZjeBvrHn,spotify:artist:77zrvBORXcnTyysjjKRfBU,3
2099,spotify:artist:28yIUgPYZqgJoNZjeBvrHn,spotify:artist:59luKpdal8UwxcuLJNoKwS,3
2100,spotify:artist:1G1mX30GpUJqOr1QU2eBSs,spotify:artist:1XSKLwRyT1GttGP7fqr5o5,3
2101,spotify:artist:1G1mX30GpUJqOr1QU2eBSs,spotify:artist:1aX2dmV8XoHYCOQRxjPESG,3
2102,spotify:artist:1G1mX30GpUJqOr1QU2eBSs,spotify:artist:3LtBdgNHdH0Ix8hCFZ4NJG,3
2103,spotify:artist:1G1mX30GpUJqOr1QU2eBSs,spotify:artist:2wpWOzQE5TpA0dVnh5YD08,3
2104,spotify:artist:1G1mX30GpUJqOr1QU2eBSs,spotify:artist:5PYuBRQMHh7nWmdV076sH9,3
2105,spotify:artist:1G1mX30GpUJqOr1QU2eBSs,spotify:artist:7wJ9NwdRWtN92NunmXuwBk,3
2106,spotify:artist:1G1mX30GpUJqOr1QU2eBSs,spotify:artist:0EPf9vAXPdFV5Ezp1sMX8B,3
2107,spotify:artist:1G1mX30GpUJqOr1QU2eBSs,spotify:artist:2s79xe5F6eUQkjwjww27Fh,3
2108,spotify:artist:1G1mX30GpUJqOr1QU2eBSs,spotify:artist:3iUjRVvYCsMfz7tuAQtBDI,3
2109,spotify:artist:1G1mX30GpUJqOr1QU2eBSs,spotify:artist:6loBF9iQdE11WSX29fNKqY,3
2110,spotify:artist:1G1mX30GpUJqOr1QU2eBSs,spotify:artist:5jVeqi3PNaTOajfvBa4uFn,3
2111,spotify:artist:1G1mX30GpUJqOr1QU2eBSs,spotify:artist:6aq8T2RcspxVOGgMrTzjWc,3
2112,spotify:artist:1G1mX30GpUJqOr1QU2eBSs,spotify:artist:0z5DFXmhT4ZNzWElsM7V89,3
2113,spotify:artist:1G1mX30GpUJqOr1QU2eBSs,spotify:artist:0uAjBatvB4ubpd4kCfjmNt,3
2114,spotify:artist:1G1mX30GpUJqOr1QU2eBSs,spotify:artist:28yIUgPYZqgJoNZjeBvrHn,3
2115,spotify:artist:1G1mX30GpUJqOr1QU2eBSs,spotify:artist:0xliTEbFfy5HQHvsTknTkX,3
2116,spotify:artist:1G1mX30GpUJqOr1QU2eBSs,spotify:artist:5WWSL6rElJeUk3Uc1S2RyD,3
2117,spotify:artist:1G1mX30GpUJqOr1QU2eBSs,spotify:artist:1mZu3rO7qSD09GdDpePHhY,3
2118,spotify:artist:1G1mX30GpUJqOr1QU2eBSs,spotify:artist:0f3kLT4wvi2mFHlHJgV8Hl,3
2119,spotify:artist:1G1mX30GpUJqOr1QU2eBSs,spotify:artist:34PLzyi7CdXUekiLHYyqXq,3
2120,spotify:artist:2wpWOzQE5TpA0dVnh5YD08,spotify:artist:1G1mX30GpUJqOr1QU2eBSs,3
2121,spotify:artist:2wpWOzQE5TpA0dVnh5YD08,spotify:artist:1mZu3rO7qSD09GdDpePHhY,3
2122,spotify:artist:2wpWOzQE5TpA0dVnh5YD08,spotify:artist:1aX2dmV8XoHYCOQRxjPESG,3
2123,spotify:artist:2wpWOzQE5TpA0dVnh5YD08,spotify:artist:5PYuBRQMHh7nWmdV076sH9,3
2124,spotify:artist:2wpWOzQE5TpA0dVnh5YD08,spotify:artist:2s79xe5F6eUQkjwjww27Fh,3
2125,spotify:artist:2wpWOzQE5TpA0dVnh5YD08,spotify:artist:5WWSL6rElJeUk3Uc1S2RyD,3
2126,spotify:artist:2wpWOzQE5TpA0dVnh5YD08,spotify:artist:3LtBdgNHdH0Ix8hCFZ4NJG,3
2127,spotify:artist:2wpWOzQE5TpA0dVnh5YD08,spotify:artist:0f3kLT4wvi2mFHlHJgV8Hl,3
2128,spotify:artist:2wpWOzQE5TpA0dVnh5YD08,spotify:artist:5jVeqi3PNaTOajfvBa4uFn,3
2129,spotify:artist:2wpWOzQE5TpA0dVnh5YD08,spotify:artist:6loBF9iQdE11WSX29fNKqY,3
2130,spotify:artist:2wpWOzQE5TpA0dVnh5YD08,spotify:artist:17U2ImH5IyYMvjkCfPhMHT,3
2131,spotify:artist:2wpWOzQE5TpA0dVnh5YD08,spotify:artist:1XSKLwRyT1GttGP7fqr5o5,3
2132,spotify:artist:2wpWOzQE5TpA0dVnh5YD08,spotify:artist:2urZrEdsq72kx0UzfYN8Yv,3
2133,spotify:artist:2wpWOzQE5TpA0dVnh5YD08,spotify:artist:28yIUgPYZqgJoNZjeBvrHn,3
2134,spotify:artist:2wpWOzQE5TpA0dVnh5YD08,spotify:artist:6LQeBFIfD4C22RJVVjQ6S7,3
2135,spotify:artist:2wpWOzQE5TpA0dVnh5YD08,spotify:artist:6aq8T2RcspxVOGgMrTzjWc,3
2136,spotify:artist:2wpWOzQE5TpA0dVnh5YD08,spotify:artist:0EPf9vAXPdFV5Ezp1sMX8B,3
2137,spotify:artist:2wpWOzQE5TpA0dVnh5YD08,spotify:artist:20p5D2KrE8CGuOjHtxsyTp,3
2138,spotify:artist:2wpWOzQE5TpA0dVnh5YD08,spotify:artist:7wJ9NwdRWtN92NunmXuwBk,3
2139,spotify:artist:2wpWOzQE5TpA0dVnh5YD08,spotify:artist:7kCL98rPFsNKjAHDmWrMac,3
2140,spotify:artist:3iUjRVvYCsMfz7tuAQtBDI,spotify:artist:3LtBdgNHdH0Ix8hCFZ4NJG,3
2141,spotify:artist:3iUjRVvYCsMfz7tuAQtBDI,spotify:artist:1aX2dmV8XoHYCOQRxjPESG,3
2142,spotify:artist:3iUjRVvYCsMfz7tuAQtBDI,spotify:artist:1G1mX30GpUJqOr1QU2eBSs,3
2143,spotify:artist:3iUjRVvYCsMfz7tuAQtBDI,spotify:artist:5PYuBRQMHh7nWmdV076sH9,3
2144,spotify:artist:3iUjRVvYCsMfz7tuAQtBDI,spotify:artist:5KQMtyPE8DCQNUzoNqlEsE,3
2145,spotify:artist:3iUjRVvYCsMfz7tuAQtBDI,spotify:artist:0EPf9vAXPdFV5Ezp1sMX8B,3
2146,spotify:artist:3iUjRVvYCsMfz7tuAQtBDI,spotify:artist:7vPXrGlSGukcwpaPxUfKKR,3
2147,spotify:artist:3iUjRVvYCsMfz7tuAQtBDI,spotify:artist:7wJ9NwdRWtN92NunmXuwBk,3
2148,spotify:artist:3iUjRVvYCsMfz7tuAQtBDI,spotify:artist:6aq8T2RcspxVOGgMrTzjWc,3
2149,spotify:artist:3iUjRVvYCsMfz7tuAQtBDI,spotify:artist:0uAjBatvB4ubpd4kCfjmNt,3
2150,spotify:artist:3iUjRVvYCsMfz7tuAQtBDI,spotify:artist:36pk438TUUMdX59j1zbvTu,3
2151,spotify:artist:3iUjRVvYCsMfz7tuAQtBDI,spotify:artist:2s79xe5F6eUQkjwjww27Fh,3
2152,spotify:artist:3iUjRVvYCsMfz7tuAQtBDI,spotify:artist:0WUphJOGHE5i95IeR87hsO,3
2153,spotify:artist:3iUjRVvYCsMfz7tuAQtBDI,spotify:artist:28yIUgPYZqgJoNZjeBvrHn,3
2154,spotify:artist:3iUjRVvYCsMfz7tuAQtBDI,spotify:artist:2N4isf5pypyuDVpBofqEN8,3
2155,spotify:artist:3iUjRVvYCsMfz7tuAQtBDI,spotify:artist:2wpWOzQE5TpA0dVnh5YD08,3
2156,spotify:artist:3iUjRVvYCsMfz7tuAQtBDI,spotify:artist:2Uz58cSxlJgefDaSikxYQ7,3
2157,spotify:artist:3iUjRVvYCsMfz7tuAQtBDI,spotify:artist:1mZu3rO7qSD09GdDpePHhY,3
2158,spotify:artist:3iUjRVvYCsMfz7tuAQtBDI,spotify:artist:6loBF9iQdE11WSX29fNKqY,3
2159,spotify:artist:3iUjRVvYCsMfz7tuAQtBDI,spotify:artist:6hN9F0iuULZYWXppob22Aj,3
2160,spotify:artist:1aX2dmV8XoHYCOQRxjPESG,spotify:artist:1G1mX30GpUJqOr1QU2eBSs,3
2161,spotify:artist:1aX2dmV8XoHYCOQRxjPESG,spotify:artist:5PYuBRQMHh7nWmdV076sH9,3
2162,spotify:artist:1aX2dmV8XoHYCOQRxjPESG,spotify:artist:3LtBdgNHdH0Ix8hCFZ4NJG,3
2163,spotify:artist:1aX2dmV8XoHYCOQRxjPESG,spotify:artist:2s79xe5F6eUQkjwjww27Fh,3
2164,spotify:artist:1aX2dmV8XoHYCOQRxjPESG,spotify:artist:0EPf9vAXPdFV5Ezp1sMX8B,3
2165,spotify:artist:1aX2dmV8XoHYCOQRxjPESG,spotify:artist:3iUjRVvYCsMfz7tuAQtBDI,3
2166,spotify:artist:1aX2dmV8XoHYCOQRxjPESG,spotify:artist:2wpWOzQE5TpA0dVnh5YD08,3
2167,spotify:artist:1aX2dmV8XoHYCOQRxjPESG,spotify:artist:6aq8T2RcspxVOGgMrTzjWc,3
2168,spotify:artist:1aX2dmV8XoHYCOQRxjPESG,spotify:artist:5KQMtyPE8DCQNUzoNqlEsE,3
2169,spotify:artist:1aX2dmV8XoHYCOQRxjPESG,spotify:artist:5jVeqi3PNaTOajfvBa4uFn,3
2170,spotify:artist:1aX2dmV8XoHYCOQRxjPESG,spotify:artist:7wJ9NwdRWtN92NunmXuwBk,3
2171,spotify:artist:1aX2dmV8XoHYCOQRxjPESG,spotify:artist:0uAjBatvB4ubpd4kCfjmNt,3
2172,spotify:artist:1aX2dmV8XoHYCOQRxjPESG,spotify:artist:28yIUgPYZqgJoNZjeBvrHn,3
2173,spotify:artist:1aX2dmV8XoHYCOQRxjPESG,spotify:artist:1mZu3rO7qSD09GdDpePHhY,3
2174,spotify:artist:1aX2dmV8XoHYCOQRxjPESG,spotify:artist:6loBF9iQdE11WSX29fNKqY,3
2175,spotify:artist:1aX2dmV8XoHYCOQRxjPESG,spotify:artist:7vPXrGlSGukcwpaPxUfKKR,3
2176,spotify:artist:1aX2dmV8XoHYCOQRxjPESG,spotify:artist:2Uz58cSxlJgefDaSikxYQ7,3
2177,spotify:artist:1aX2dmV8XoHYCOQRxjPESG,spotify:artist:0f3kLT4wvi2mFHlHJgV8Hl,3
2178,spotify:artist:1aX2dmV8XoHYCOQRxjPESG,spotify:artist:2urZrEdsq72kx0UzfYN8Yv,3
2179,spotify:artist:1aX2dmV8XoHYCOQRxjPESG,spotify:artist:0WUphJOGHE5i95IeR87hsO,3
2180,spotify:artist:2N4isf5pypyuDVpBofqEN8,spotify:artist:0f3kLT4wvi2mFHlHJgV8Hl,3
2181,spotify:artist:2N4isf5pypyuDVpBofqEN8,spotify:artist:3LtBdgNHdH0Ix8hCFZ4NJG,3
2182,spotify:artist:2N4isf5pypyuDVpBofqEN8,spotify:artist:5PYuBRQMHh7nWmdV076sH9,3
2183,spotify:artist:2N4isf5pypyuDVpBofqEN8,spotify:artist:7kCL98rPFsNKjAHDmWrMac,3
2184,spotify:artist:2N4isf5pypyuDVpBofqEN8,spotify:artist:6loBF9iQdE11WSX29fNKqY,3
2185,spotify:artist:2N4isf5pypyuDVpBofqEN8,spotify:artist:2s79xe5F6eUQkjwjww27Fh,3
2186,spotify:artist:2N4isf5pypyuDVpBofqEN8,spotify:artist:0WUphJOGHE5i95IeR87hsO,3
2187,spotify:artist:2N4isf5pypyuDVpBofqEN8,spotify:artist:5jVeqi3PNaTOajfvBa4uFn,3
2188,spotify:artist:2N4isf5pypyuDVpBofqEN8,spotify:artist:1aX2dmV8XoHYCOQRxjPESG,3
2189,spotify:artist:2N4isf5pypyuDVpBofqEN8,spotify:artist:1G1mX30GpUJqOr1QU2eBSs,3
2190,spotify:artist:2N4isf5pypyuDVpBofqEN8,spotify:artist:0EPf9vAXPdFV5Ezp1sMX8B,3
2191,spotify:artist:2N4isf5pypyuDVpBofqEN8,spotify:artist:40PsC6cWe7ZQdOUTqF5JgD,3
2192,spotify:artist:2N4isf5pypyuDVpBofqEN8,spotify:artist:3iUjRVvYCsMfz7tuAQtBDI,3
2193,spotify:artist:2N4isf5pypyuDVpBofqEN8,spotify:artist:28yIUgPYZqgJoNZjeBvrHn,3
2194,spotify:artist:2N4isf5pypyuDVpBofqEN8,spotify:artist:1n0pe6Cx9pCNvXYkX9TTLX,3
2195,spotify:artist:2N4isf5pypyuDVpBofqEN8,spotify:artist:2Uz58cSxlJgefDaSikxYQ7,3
2196,spotify:artist:2N4isf5pypyuDVpBofqEN8,spotify:artist:1mZu3rO7qSD09GdDpePHhY,3
2197,spotify:artist:2N4isf5pypyuDVpBofqEN8,spotify:artist:2wpWOzQE5TpA0dVnh5YD08,3
2198,spotify:artist:2N4isf5pypyuDVpBofqEN8,spotify:artist:2urZrEdsq72kx0UzfYN8Yv,3
2199,spotify:artist:2N4isf5pypyuDVpBofqEN8,spotify:artist:17xleTMStusKOyQrNuK3sQ,3
2200,spotify:artist:7vPXrGlSGukcwpaPxUfKKR,spotify:artist:7GsdZ6T45uXudJ8Wsko9sB,3
2201,spotify:artist:7vPXrGlSGukcwpaPxUfKKR,spotify:artist:5KQMtyPE8DCQNUzoNqlEsE,3
2202,spotify:artist:7vPXrGlSGukcwpaPxUfKKR,spotify:artist:6SXZyMIzYNNfZ3NFQc3vtv,3
2203,spotify:artist:7vPXrGlSGukcwpaPxUfKKR,spotify:artist:0EPf9vAXPdFV5Ezp1sMX8B,3
2204,spotify:artist:7vPXrGlSGukcwpaPxUfKKR,spotify:artist:3iUjRVvYCsMfz7tuAQtBDI,3
2205,spotify:artist:7vPXrGlSGukcwpaPxUfKKR,spotify:artist:5PYuBRQMHh7nWmdV076sH9,3
2206,spotify:artist:7vPXrGlSGukcwpaPxUfKKR,spotify:artist:6aq8T2RcspxVOGgMrTzjWc,3
2207,spotify:artist:7vPXrGlSGukcwpaPxUfKKR,spotify:artist:3LtBdgNHdH0Ix8hCFZ4NJG,3
2208,spotify:artist:7vPXrGlSGukcwpaPxUfKKR,spotify:artist:1aX2dmV8XoHYCOQRxjPESG,3
2209,spotify:artist:7vPXrGlSGukcwpaPxUfKKR,spotify:artist:07h7JMfYWswTq4qpinC5q4,3
2210,spotify:artist:7vPXrGlSGukcwpaPxUfKKR,spotify:artist:0WUphJOGHE5i95IeR87hsO,3
2211,spotify:artist:7vPXrGlSGukcwpaPxUfKKR,spotify:artist:7cKtqv9cYVlOwnuCFH95ce,3
2212,spotify:artist:7vPXrGlSGukcwpaPxUfKKR,spotify:artist:2Uz58cSxlJgefDaSikxYQ7,3
2213,spotify:artist:7vPXrGlSGukcwpaPxUfKKR,spotify:artist:36pk438TUUMdX59j1zbvTu,3
2214,spotify:artist:7vPXrGlSGukcwpaPxUfKKR,spotify:artist:59luKpdal8UwxcuLJNoKwS,3
2215,spotify:artist:7vPXrGlSGukcwpaPxUfKKR,spotify:artist:7pwjGKaqnfkvS7eQbHaqyH,3
2216,spotify:artist:7vPXrGlSGukcwpaPxUfKKR,spotify:artist:2DppeCnNtvrLfEobq9Pw5r,3
2217,spotify:artist:7vPXrGlSGukcwpaPxUfKKR,spotify:artist:0O0lrN34wrcuBenkqlEDZe,3
2218,spotify:artist:7vPXrGlSGukcwpaPxUfKKR,spotify:artist:4AIo9dEYhuS3AtwhhKgA0M,3
2219,spotify:artist:7vPXrGlSGukcwpaPxUfKKR,spotify:artist:7Fo8TAyGJr4VmhE68QamMf,3
2220,spotify:artist:7GsdZ6T45uXudJ8Wsko9sB,spotify:artist:7vPXrGlSGukcwpaPxUfKKR,3
2221,spotify:artist:7GsdZ6T45uXudJ8Wsko9sB,spotify:artist:3lfdlzSM4wkcFEwvXyzthk,3
2222,spotify:artist:7GsdZ6T45uXudJ8Wsko9sB,spotify:artist:4AIo9dEYhuS3AtwhhKgA0M,3
2223,spotify:artist:7GsdZ6T45uXudJ8Wsko9sB,spotify:artist:59luKpdal8UwxcuLJNoKwS,3
2224,spotify:artist:7GsdZ6T45uXudJ8Wsko9sB,spotify:artist:07h7JMfYWswTq4qpinC5q4,3
2225,spotify:artist:7GsdZ6T45uXudJ8Wsko9sB,spotify:artist:6DGm4gCBslJFLh9cxFvQTp,3
2226,spotify:artist:7GsdZ6T45uXudJ8Wsko9sB,spotify:artist:4VuMnSnoTGrma3a79UhfMs,3
2227,spotify:artist:7GsdZ6T45uXudJ8Wsko9sB,spotify:artist:6SXZyMIzYNNfZ3NFQc3vtv,3
2228,spotify:artist:7GsdZ6T45uXudJ8Wsko9sB,spotify:artist:5PYuBRQMHh7nWmdV076sH9,3
2229,spotify:artist:7GsdZ6T45uXudJ8Wsko9sB,spotify:artist:36pk438TUUMdX59j1zbvTu,3
2230,spotify:artist:7GsdZ6T45uXudJ8Wsko9sB,spotify:artist:3LtBdgNHdH0Ix8hCFZ4NJG,3
2231,spotify:artist:7GsdZ6T45uXudJ8Wsko9sB,spotify:artist:0EPf9vAXPdFV5Ezp1sMX8B,3
2232,spotify:artist:7GsdZ6T45uXudJ8Wsko9sB,spotify:artist:7pwjGKaqnfkvS7eQbHaqyH,3
2233,spotify:artist:7GsdZ6T45uXudJ8Wsko9sB,spotify:artist:2vygNfdnPBXah21ZrqhxYk,3
2234,spotify:artist:7GsdZ6T45uXudJ8Wsko9sB,spotify:artist:6aq8T2RcspxVOGgMrTzjWc,3
2235,spotify:artist:7GsdZ6T45uXudJ8Wsko9sB,spotify:artist:0uAnwMXg0tsGQsOdVwudkb,3
2236,spotify:artist:7GsdZ6T45uXudJ8Wsko9sB,spotify:artist:6imyM8T1Xbe8v2iZe41dR7,3
2237,spotify:artist:7GsdZ6T45uXudJ8Wsko9sB,spotify:artist:0WUphJOGHE5i95IeR87hsO,3
2238,spotify:artist:7GsdZ6T45uXudJ8Wsko9sB,spotify:artist:6TR7TYiDiS5okigndyMIpK,3
2239,spotify:artist:7GsdZ6T45uXudJ8Wsko9sB,spotify:artist:7sbwBqdkynNUDgiWU3TQ5J,3
2240,spotify:artist:2s79xe5F6eUQkjwjww27Fh,spotify:artist:5PYuBRQMHh7nWmdV076sH9,3
2241,spotify:artist:2s79xe5F6eUQkjwjww27Fh,spotify:artist:1aX2dmV8XoHYCOQRxjPESG,3
2242,spotify:artist:2s79xe5F6eUQkjwjww27Fh,spotify:artist:5jVeqi3PNaTOajfvBa4uFn,3
2243,spotify:artist:2s79xe5F6eUQkjwjww27Fh,spotify:artist:6loBF9iQdE11WSX29fNKqY,3
2244,spotify:artist:2s79xe5F6eUQkjwjww27Fh,spotify:artist:0f3kLT4wvi2mFHlHJgV8Hl,3
2245,spotify:artist:2s79xe5F6eUQkjwjww27Fh,spotify:artist:0WUphJOGHE5i95IeR87hsO,3
2246,spotify:artist:2s79xe5F6eUQkjwjww27Fh,spotify:artist:2urZrEdsq72kx0UzfYN8Yv,3
2247,spotify:artist:2s79xe5F6eUQkjwjww27Fh,spotify:artist:3LtBdgNHdH0Ix8hCFZ4NJG,3
2248,spotify:artist:2s79xe5F6eUQkjwjww27Fh,spotify:artist:1mZu3rO7qSD09GdDpePHhY,3
2249,spotify:artist:2s79xe5F6eUQkjwjww27Fh,spotify:artist:2Uz58cSxlJgefDaSikxYQ7,3
2250,spotify:artist:2s79xe5F6eUQkjwjww27Fh,spotify:artist:2wpWOzQE5TpA0dVnh5YD08,3
2251,spotify:artist:2s79xe5F6eUQkjwjww27Fh,spotify:artist:1G1mX30GpUJqOr1QU2eBSs,3
2252,spotify:artist:2s79xe5F6eUQkjwjww27Fh,spotify:artist:3C6chBmZ9wzisBhoh8G2nK,3
2253,spotify:artist:2s79xe5F6eUQkjwjww27Fh,spotify:artist:7kCL98rPFsNKjAHDmWrMac,3
2254,spotify:artist:2s79xe5F6eUQkjwjww27Fh,spotify:artist:0lZoBs4Pzo7R89JM9lxwoT,3
2255,spotify:artist:2s79xe5F6eUQkjwjww27Fh,spotify:artist:0uAjBatvB4ubpd4kCfjmNt,3
2256,spotify:artist:2s79xe5F6eUQkjwjww27Fh,spotify:artist:28yIUgPYZqgJoNZjeBvrHn,3
2257,spotify:artist:2s79xe5F6eUQkjwjww27Fh,spotify:artist:0EPf9vAXPdFV5Ezp1sMX8B,3
2258,spotify:artist:2s79xe5F6eUQkjwjww27Fh,spotify:artist:3iUjRVvYCsMfz7tuAQtBDI,3
2259,spotify:artist:2s79xe5F6eUQkjwjww27Fh,spotify:artist:59luKpdal8UwxcuLJNoKwS,3
2260,spotify:artist:5KQMtyPE8DCQNUzoNqlEsE,spotify:artist:0EPf9vAXPdFV5Ezp1sMX8B,3
2261,spotify:artist:5KQMtyPE8DCQNUzoNqlEsE,spotify:artist:7vPXrGlSGukcwpaPxUfKKR,3
2262,spotify:artist:5KQMtyPE8DCQNUzoNqlEsE,spotify:artist:3LtBdgNHdH0Ix8hCFZ4NJG,3
2263,spotify:artist:5KQMtyPE8DCQNUzoNqlEsE,spotify:artist:6SXZyMIzYNNfZ3NFQc3vtv,3
2264,spotify:artist:5KQMtyPE8DCQNUzoNqlEsE,spotify:artist:3iUjRVvYCsMfz7tuAQtBDI,3
2265,spotify:artist:5KQMtyPE8DCQNUzoNqlEsE,spotify:artist:1aX2dmV8XoHYCOQRxjPESG,3
2266,spotify:artist:5KQMtyPE8DCQNUzoNqlEsE,spotify:artist:6aq8T2RcspxVOGgMrTzjWc,3
2267,spotify:artist:5KQMtyPE8DCQNUzoNqlEsE,spotify:artist:5PYuBRQMHh7nWmdV076sH9,3
2268,spotify:artist:5KQMtyPE8DCQNUzoNqlEsE,spotify:artist:4yNCQkdoCZc8CAip7SR0C9,3
2269,spotify:artist:5KQMtyPE8DCQNUzoNqlEsE,spotify:artist:2Uz58cSxlJgefDaSikxYQ7,3
2270,spotify:artist:5KQMtyPE8DCQNUzoNqlEsE,spotify:artist:36pk438TUUMdX59j1zbvTu,3
2271,spotify:artist:5KQMtyPE8DCQNUzoNqlEsE,spotify:artist:7pwjGKaqnfkvS7eQbHaqyH,3
2272,spotify:artist:5KQMtyPE8DCQNUzoNqlEsE,spotify:artist:09mvgMBvJkxarNIDGdwPWg,3
2273,spotify:artist:5KQMtyPE8DCQNUzoNqlEsE,spotify:artist:0O0lrN34wrcuBenkqlEDZe,3
2274,spotify:artist:5KQMtyPE8DCQNUzoNqlEsE,spotify:artist:5IRIVOsIjIch3u8UfWdnBd,3
2275,spotify:artist:5KQMtyPE8DCQNUzoNqlEsE,spotify:artist:2DppeCnNtvrLfEobq9Pw5r,3
2276,spotify:artist:5KQMtyPE8DCQNUzoNqlEsE,spotify:artist:0UKfenbZb15sqhfPC6zbt3,3
2277,spotify:artist:5KQMtyPE8DCQNUzoNqlEsE,spotify:artist:0uAjBatvB4ubpd4kCfjmNt,3
2278,spotify:artist:5KQMtyPE8DCQNUzoNqlEsE,spotify:artist:3QP0XPDwbvGivqDAaJ5f5G,3
2279,spotify:artist:5KQMtyPE8DCQNUzoNqlEsE,spotify:artist:2kS4yz85MaZlxp2VaS3BEe,3
2280,spotify:artist:4xAp8DM4iDR67SRodGv4dM,spotify:artist:75XeVX3ggxZzH9lS2UTNJa,3
2281,spotify:artist:4xAp8DM4iDR67SRodGv4dM,spotify:artist:26K835MEHI621LFChKL16Z,3
2282,spotify:artist:4xAp8DM4iDR67SRodGv4dM,spotify:artist:5aBEGOeWQCJfptic9xyaAb,3
2283,spotify:artist:4xAp8DM4iDR67SRodGv4dM,spotify:artist:5IRIVOsIjIch3u8UfWdnBd,3
2284,spotify:artist:4xAp8DM4iDR67SRodGv4dM,spotify:artist:7GsdZ6T45uXudJ8Wsko9sB,3
2285,spotify:artist:4xAp8DM4iDR67SRodGv4dM,spotify:artist:6aq8T2RcspxVOGgMrTzjWc,3
2286,spotify:artist:4xAp8DM4iDR67SRodGv4dM,spotify:artist:7vPXrGlSGukcwpaPxUfKKR,3
2287,spotify:artist:4xAp8DM4iDR67SRodGv4dM,spotify:artist:30JExXexrTakSa79ce2mn8,3
2288,spotify:artist:4xAp8DM4iDR67SRodGv4dM,spotify:artist:1yFJnlNMiBUBplMaOP5CMX,3
2289,spotify:artist:4xAp8DM4iDR67SRodGv4dM,spotify:artist:3tiiwyBskzJAqYXZev7OjF,3
2290,spotify:artist:4xAp8DM4iDR67SRodGv4dM,spotify:artist:7nBZYpVAH6bD0QlD7Mpil7,3
2291,spotify:artist:4xAp8DM4iDR67SRodGv4dM,spotify:artist:0EPf9vAXPdFV5Ezp1sMX8B,3
2292,spotify:artist:4xAp8DM4iDR67SRodGv4dM,spotify:artist:4xymX6VDkZXYtx15QNfV9o,3
2293,spotify:artist:4xAp8DM4iDR67SRodGv4dM,spotify:artist:6SXZyMIzYNNfZ3NFQc3vtv,3
2294,spotify:artist:4xAp8DM4iDR67SRodGv4dM,spotify:artist:15gVFNyge3HjNyFM2uA1cR,3
2295,spotify:artist:4xAp8DM4iDR67SRodGv4dM,spotify:artist:2kS4yz85MaZlxp2VaS3BEe,3
2296,spotify:artist:4xAp8DM4iDR67SRodGv4dM,spotify:artist:36pk438TUUMdX59j1zbvTu,3
2297,spotify:artist:4xAp8DM4iDR67SRodGv4dM,spotify:artist:1n65zfwYIj5kKEtNgxUlWb,3
2298,spotify:artist:4xAp8DM4iDR67SRodGv4dM,spotify:artist:5bQ4kqxuAV7tBI7dSs3sB1,3
2299,spotify:artist:4xAp8DM4iDR67SRodGv4dM,spotify:artist:0WkypWGtWi9gAlB6aIKESl,3
2300,spotify:artist:36pk438TUUMdX59j1zbvTu,spotify:artist:3iUjRVvYCsMfz7tuAQtBDI,3
2301,spotify:artist:36pk438TUUMdX59j1zbvTu,spotify:artist:3LtBdgNHdH0Ix8hCFZ4NJG,3
2302,spotify:artist:36pk438TUUMdX59j1zbvTu,spotify:artist:6SXZyMIzYNNfZ3NFQc3vtv,3
2303,spotify:artist:36pk438TUUMdX59j1zbvTu,spotify:artist:0EPf9vAXPdFV5Ezp1sMX8B,3
2304,spotify:artist:36pk438TUUMdX59j1zbvTu,spotify:artist:7vPXrGlSGukcwpaPxUfKKR,3
2305,spotify:artist:36pk438TUUMdX59j1zbvTu,spotify:artist:5KQMtyPE8DCQNUzoNqlEsE,3
2306,spotify:artist:36pk438TUUMdX59j1zbvTu,spotify:artist:2RcvmCViumRYdDso9zifzN,3
2307,spotify:artist:36pk438TUUMdX59j1zbvTu,spotify:artist:5PYuBRQMHh7nWmdV076sH9,3
2308,spotify:artist:36pk438TUUMdX59j1zbvTu,spotify:artist:7GsdZ6T45uXudJ8Wsko9sB,3
2309,spotify:artist:36pk438TUUMdX59j1zbvTu,spotify:artist:2iVoDxX4iDDXYr2WbMucaw,3
2310,spotify:artist:36pk438TUUMdX59j1zbvTu,spotify:artist:4yNCQkdoCZc8CAip7SR0C9,3
2311,spotify:artist:36pk438TUUMdX59j1zbvTu,spotify:artist:5IRIVOsIjIch3u8UfWdnBd,3
2312,spotify:artist:36pk438TUUMdX59j1zbvTu,spotify:artist:40PsC6cWe7ZQdOUTqF5JgD,3
2313,spotify:artist:36pk438TUUMdX59j1zbvTu,spotify:artist:7r2lG8Ui6vGHAgsKlE8Hd8,3
2314,spotify:artist:36pk438TUUMdX59j1zbvTu,spotify:artist:2Uz58cSxlJgefDaSikxYQ7,3
2315,spotify:artist:36pk438TUUMdX59j1zbvTu,spotify:artist:0WUphJOGHE5i95IeR87hsO,3
2316,spotify:artist:36pk438TUUMdX59j1zbvTu,spotify:artist:2oyWkw7sq99yqj12hVUHtw,3
2317,spotify:artist:36pk438TUUMdX59j1zbvTu,spotify:artist:6aq8T2RcspxVOGgMrTzjWc,3
2318,spotify:artist:36pk438TUUMdX59j1zbvTu,spotify:artist:1aX2dmV8XoHYCOQRxjPESG,3
2319,spotify:artist:36pk438TUUMdX59j1zbvTu,spotify:artist:2N4isf5pypyuDVpBofqEN8,3
2320,spotify:artist:7pwjGKaqnfkvS7eQbHaqyH,spotify:artist:6SXZyMIzYNNfZ3NFQc3vtv,3
2321,spotify:artist:7pwjGKaqnfkvS7eQbHaqyH,spotify:artist:7vPXrGlSGukcwpaPxUfKKR,3
2322,spotify:artist:7pwjGKaqnfkvS7eQbHaqyH,spotify:artist:5KQMtyPE8DCQNUzoNqlEsE,3
2323,spotify:artist:7pwjGKaqnfkvS7eQbHaqyH,spotify:artist:0UKfenbZb15sqhfPC6zbt3,3
2324,spotify:artist:7pwjGKaqnfkvS7eQbHaqyH,spotify:artist:7GsdZ6T45uXudJ8Wsko9sB,3
2325,spotify:artist:7pwjGKaqnfkvS7eQbHaqyH,spotify:artist:3LtBdgNHdH0Ix8hCFZ4NJG,3
2326,spotify:artist:7pwjGKaqnfkvS7eQbHaqyH,spotify:artist:0EPf9vAXPdFV5Ezp1sMX8B,3
2327,spotify:artist:7pwjGKaqnfkvS7eQbHaqyH,spotify:artist:5PYuBRQMHh7nWmdV076sH9,3
2328,spotify:artist:7pwjGKaqnfkvS7eQbHaqyH,spotify:artist:3iUjRVvYCsMfz7tuAQtBDI,3
2329,spotify:artist:7pwjGKaqnfkvS7eQbHaqyH,spotify:artist:07h7JMfYWswTq4qpinC5q4,3
2330,spotify:artist:7pwjGKaqnfkvS7eQbHaqyH,spotify:artist:2DppeCnNtvrLfEobq9Pw5r,3
2331,spotify:artist:7pwjGKaqnfkvS7eQbHaqyH,spotify:artist:4VuMnSnoTGrma3a79UhfMs,3
2332,spotify:artist:7pwjGKaqnfkvS7eQbHaqyH,spotify:artist:0RUEHcBiENFEqxgicqS2ig,3
2333,spotify:artist:7pwjGKaqnfkvS7eQbHaqyH,spotify:artist:2qT62DYO8Ajb276vUJmvhz,3
2334,spotify:artist:7pwjGKaqnfkvS7eQbHaqyH,spotify:artist:4AIo9dEYhuS3AtwhhKgA0M,3
2335,spotify:artist:7pwjGKaqnfkvS7eQbHaqyH,spotify:artist:3fhOTtm0LBJ3Ojn4hIljLo,3
2336,spotify:artist:7pwjGKaqnfkvS7eQbHaqyH,spotify:artist:6zPcUezmkw9aGjoRlBxYxw,3
2337,spotify:artist:7pwjGKaqnfkvS7eQbHaqyH,spotify:artist:36pk438TUUMdX59j1zbvTu,3
2338,spotify:artist:7pwjGKaqnfkvS7eQbHaqyH,spotify:artist:2Uz58cSxlJgefDaSikxYQ7,3
2339,spotify:artist:7pwjGKaqnfkvS7eQbHaqyH,spotify:artist:5sMku8iI6FH3ypZTErz4kv,3
2340,spotify:artist:0WUphJOGHE5i95IeR87hsO,spotify:artist:5PYuBRQMHh7nWmdV076sH9,3
2341,spotify:artist:0WUphJOGHE5i95IeR87hsO,spotify:artist:3LtBdgNHdH0Ix8hCFZ4NJG,3
2342,spotify:artist:0WUphJOGHE5i95IeR87hsO,spotify:artist:2s79xe5F6eUQkjwjww27Fh,3
2343,spotify:artist:0WUphJOGHE5i95IeR87hsO,spotify:artist:2Uz58cSxlJgefDaSikxYQ7,3
2344,spotify:artist:0WUphJOGHE5i95IeR87hsO,spotify:artist:59luKpdal8UwxcuLJNoKwS,3
2345,spotify:artist:0WUphJOGHE5i95IeR87hsO,spotify:artist:2DmyIp3IBWUwRukba22G3n,3
2346,spotify:artist:0WUphJOGHE5i95IeR87hsO,spotify:artist:07h7JMfYWswTq4qpinC5q4,3
2347,spotify:artist:0WUphJOGHE5i95IeR87hsO,spotify:artist:2iVoDxX4iDDXYr2WbMucaw,3
2348,spotify:artist:0WUphJOGHE5i95IeR87hsO,spotify:artist:0f3kLT4wvi2mFHlHJgV8Hl,3
2349,spotify:artist:0WUphJOGHE5i95IeR87hsO,spotify:artist:56RZYoZM05z29KIlNlAAQX,3
2350,spotify:artist:0WUphJOGHE5i95IeR87hsO,spotify:artist:1aX2dmV8XoHYCOQRxjPESG,3
2351,spotify:artist:0WUphJOGHE5i95IeR87hsO,spotify:artist:5jVeqi3PNaTOajfvBa4uFn,3
2352,spotify:artist:0WUphJOGHE5i95IeR87hsO,spotify:artist:06Rbwc8jaQ1d5fDPZiasE0,3
2353,spotify:artist:0WUphJOGHE5i95IeR87hsO,spotify:artist:6loBF9iQdE11WSX29fNKqY,3
2354,spotify:artist:0WUphJOGHE5i95IeR87hsO,spotify:artist:7vPXrGlSGukcwpaPxUfKKR,3
2355,spotify:artist:0WUphJOGHE5i95IeR87hsO,spotify:artist:28yIUgPYZqgJoNZjeBvrHn,3
2356,spotify:artist:0WUphJOGHE5i95IeR87hsO,spotify:artist:39afGThIZjTTMH5enuLXYI,3
2357,spotify:artist:0WUphJOGHE5i95IeR87hsO,spotify:artist:4w3QqrcmBv8dasemwBXmxf,3
2358,spotify:artist:0WUphJOGHE5i95IeR87hsO,spotify:artist:3iUjRVvYCsMfz7tuAQtBDI,3
2359,spotify:artist:0WUphJOGHE5i95IeR87hsO,spotify:artist:2N4isf5pypyuDVpBofqEN8,3
2360,spotify:artist:46h3caIKtqPlEfRHuSdibg,spotify:artist:3xYNGCooNIzKMAtJYKSOyq,3
2361,spotify:artist:46h3caIKtqPlEfRHuSdibg,spotify:artist:5E704N5StxMVKpalhaJ5L3,3
2362,spotify:artist:46h3caIKtqPlEfRHuSdibg,spotify:artist:0N3oP3Si8ihzFUrU6kITZ8,3
2363,spotify:artist:46h3caIKtqPlEfRHuSdibg,spotify:artist:28yIUgPYZqgJoNZjeBvrHn,3
2364,spotify:artist:46h3caIKtqPlEfRHuSdibg,spotify:artist:3LtBdgNHdH0Ix8hCFZ4NJG,3
2365,spotify:artist:46h3caIKtqPlEfRHuSdibg,spotify:artist:5PYuBRQMHh7nWmdV076sH9,3
2366,spotify:artist:46h3caIKtqPlEfRHuSdibg,spotify:artist:0rMScAC6pl5e5tF5zrwjdI,3
2367,spotify:artist:46h3caIKtqPlEfRHuSdibg,spotify:artist:7nBZYpVAH6bD0QlD7Mpil7,3
2368,spotify:artist:46h3caIKtqPlEfRHuSdibg,spotify:artist:1aX2dmV8XoHYCOQRxjPESG,3
2369,spotify:artist:46h3caIKtqPlEfRHuSdibg,spotify:artist:1N2FgBLehaq77UEdJhCt7f,3
2370,spotify:artist:46h3caIKtqPlEfRHuSdibg,spotify:artist:2s79xe5F6eUQkjwjww27Fh,3
2371,spotify:artist:46h3caIKtqPlEfRHuSdibg,spotify:artist:1G1mX30GpUJqOr1QU2eBSs,3
2372,spotify:artist:46h3caIKtqPlEfRHuSdibg,spotify:artist:7hFdUW64G4iU1tz46ITRfN,3
2373,spotify:artist:46h3caIKtqPlEfRHuSdibg,spotify:artist:0EPf9vAXPdFV5Ezp1sMX8B,3
2374,spotify:artist:46h3caIKtqPlEfRHuSdibg,spotify:artist:0WUphJOGHE5i95IeR87hsO,3
2375,spotify:artist:46h3caIKtqPlEfRHuSdibg,spotify:artist:3lN1TG4RIoaJCff6Ck9KUR,3
2376,spotify:artist:46h3caIKtqPlEfRHuSdibg,spotify:artist:0roeI3yPusDWwWRzAqTopw,3
2377,spotify:artist:46h3caIKtqPlEfRHuSdibg,spotify:artist:339DNkQkuhHKEcHw6oK8f0,3
2378,spotify:artist:46h3caIKtqPlEfRHuSdibg,spotify:artist:77zrvBORXcnTyysjjKRfBU,3
2379,spotify:artist:46h3caIKtqPlEfRHuSdibg,spotify:artist:2ycnb8Er79LoH2AsR5ldjh,3
2380,spotify:artist:7wJ9NwdRWtN92NunmXuwBk,spotify:artist:1G1mX30GpUJqOr1QU2eBSs,3
2381,spotify:artist:7wJ9NwdRWtN92NunmXuwBk,spotify:artist:1aX2dmV8XoHYCOQRxjPESG,3
2382,spotify:artist:7wJ9NwdRWtN92NunmXuwBk,spotify:artist:5PYuBRQMHh7nWmdV076sH9,3
2383,spotify:artist:7wJ9NwdRWtN92NunmXuwBk,spotify:artist:3LtBdgNHdH0Ix8hCFZ4NJG,3
2384,spotify:artist:7wJ9NwdRWtN92NunmXuwBk,spotify:artist:0uAjBatvB4ubpd4kCfjmNt,3
2385,spotify:artist:7wJ9NwdRWtN92NunmXuwBk,spotify:artist:3iUjRVvYCsMfz7tuAQtBDI,3
2386,spotify:artist:7wJ9NwdRWtN92NunmXuwBk,spotify:artist:5jVeqi3PNaTOajfvBa4uFn,3
2387,spotify:artist:7wJ9NwdRWtN92NunmXuwBk,spotify:artist:2s79xe5F6eUQkjwjww27Fh,3
2388,spotify:artist:7wJ9NwdRWtN92NunmXuwBk,spotify:artist:1XSKLwRyT1GttGP7fqr5o5,3
2389,spotify:artist:7wJ9NwdRWtN92NunmXuwBk,spotify:artist:2wpWOzQE5TpA0dVnh5YD08,3
2390,spotify:artist:7wJ9NwdRWtN92NunmXuwBk,spotify:artist:0EPf9vAXPdFV5Ezp1sMX8B,3
2391,spotify:artist:7wJ9NwdRWtN92NunmXuwBk,spotify:artist:6loBF9iQdE11WSX29fNKqY,3
2392,spotify:artist:7wJ9NwdRWtN92NunmXuwBk,spotify:artist:6aq8T2RcspxVOGgMrTzjWc,3
2393,spotify:artist:7wJ9NwdRWtN92NunmXuwBk,spotify:artist:0WUphJOGHE5i95IeR87hsO,3
2394,spotify:artist:7wJ9NwdRWtN92NunmXuwBk,spotify:artist:28yIUgPYZqgJoNZjeBvrHn,3
2395,spotify:artist:7wJ9NwdRWtN92NunmXuwBk,spotify:artist:5KQMtyPE8DCQNUzoNqlEsE,3
2396,spotify:artist:7wJ9NwdRWtN92NunmXuwBk,spotify:artist:2urZrEdsq72kx0UzfYN8Yv,3
2397,spotify:artist:7wJ9NwdRWtN92NunmXuwBk,spotify:artist:7vPXrGlSGukcwpaPxUfKKR,3
2398,spotify:artist:7wJ9NwdRWtN92NunmXuwBk,spotify:artist:6hN9F0iuULZYWXppob22Aj,3
2399,spotify:artist:7wJ9NwdRWtN92NunmXuwBk,spotify:artist:3C6chBmZ9wzisBhoh8G2nK,3
2400,spotify:artist:7c9qP8ZMGFTZKCqJphxQX2,spotify:artist:0lTzPzaJID2ijKztXSkWfH,3
2401,spotify:artist:7c9qP8ZMGFTZKCqJphxQX2,spotify:artist:0hmHLCGFE0UcxBgr3rLaoi,3
2402,spotify:artist:7c9qP8ZMGFTZKCqJphxQX2,spotify:artist:63sO5Q3yMhnwKnm7RuzeNn,3
2403,spotify:artist:7c9qP8ZMGFTZKCqJphxQX2,spotify:artist:02TVzdrw3UJqIBTo2Rp2sR,3
2404,spotify:artist:7c9qP8ZMGFTZKCqJphxQX2,spotify:artist:2UKGuGLvM4j4qbxaGslLWT,3
2405,spotify:artist:7c9qP8ZMGFTZKCqJphxQX2,spotify:artist:1pvXfAzVXH0OB4X8QyWj0E,3
2406,spotify:artist:7c9qP8ZMGFTZKCqJphxQX2,spotify:artist:6fhkIAXBjXBaUf4UFjxibI,3
2407,spotify:artist:7c9qP8ZMGFTZKCqJphxQX2,spotify:artist:6lWRTt7KIsFeuwixhbgnTe,3
2408,spotify:artist:7c9qP8ZMGFTZKCqJphxQX2,spotify:artist:3ytMiTBG7TnAOsA3Ql7eAs,3
2409,spotify:artist:7c9qP8ZMGFTZKCqJphxQX2,spotify:artist:4zgn0gvu50QzZuA9gIdSke,3
2410,spotify:artist:7c9qP8ZMGFTZKCqJphxQX2,spotify:artist:2yizBY9nAmEASrD7JpSMAf,3
2411,spotify:artist:7c9qP8ZMGFTZKCqJphxQX2,spotify:artist:0T64jSsNTBy9Hg7ESia56D,3
2412,spotify:artist:7c9qP8ZMGFTZKCqJphxQX2,spotify:artist:2uKj5KsQWGyVwsXzpKXeBY,3
2413,spotify:artist:7c9qP8ZMGFTZKCqJphxQX2,spotify:artist:3alLVmjCpZjimiuKWZfzBb,3
2414,spotify:artist:7c9qP8ZMGFTZKCqJphxQX2,spotify:artist:1peNOv8TAlb3Lu1IqaNf56,3
2415,spotify:artist:7c9qP8ZMGFTZKCqJphxQX2,spotify:artist:7vc2Qv2rutj6XuJXklysRh,3
2416,spotify:artist:7c9qP8ZMGFTZKCqJphxQX2,spotify:artist:5bj2pIzyYR99GUinn9fKAN,3
2417,spotify:artist:7c9qP8ZMGFTZKCqJphxQX2,spotify:artist:2TQU7rRFno0VVx1d4pevd9,3
2418,spotify:artist:7c9qP8ZMGFTZKCqJphxQX2,spotify:artist:34SgyDEDqVlahIQRDttgCn,3
2419,spotify:artist:7c9qP8ZMGFTZKCqJphxQX2,spotify:artist:2ehAgWXRXKHKEbwS1SlUB4,3
2420,spotify:artist:0b4fqBfmPf9WoS1LVVKU7M,spotify:artist:0lTzPzaJID2ijKztXSkWfH,3
2421,spotify:artist:0b4fqBfmPf9WoS1LVVKU7M,spotify:artist:4VBE57XRAgh2itDY4qserd,3
2422,spotify:artist:0b4fqBfmPf9WoS1LVVKU7M,spotify:artist:2UKGuGLvM4j4qbxaGslLWT,3
2423,spotify:artist:0b4fqBfmPf9WoS1LVVKU7M,spotify:artist:1pvXfAzVXH0OB4X8QyWj0E,3
2424,spotify:artist:0b4fqBfmPf9WoS1LVVKU7M,spotify:artist:7c9qP8ZMGFTZKCqJphxQX2,3
2425,spotify:artist:0b4fqBfmPf9WoS1LVVKU7M,spotify:artist:5bj2pIzyYR99GUinn9fKAN,3
2426,spotify:artist:0b4fqBfmPf9WoS1LVVKU7M,spotify:artist:3alLVmjCpZjimiuKWZfzBb,3
2427,spotify:artist:0b4fqBfmPf9WoS1LVVKU7M,spotify:artist:7dKZSx2WewbqFuYzRR7Kf8,3
2428,spotify:artist:0b4fqBfmPf9WoS1LVVKU7M,spotify:artist:62R7sjKBPI2KuSgsHGP5ep,3
2429,spotify:artist:0b4fqBfmPf9WoS1LVVKU7M,spotify:artist:15UG6iTPrEmK1Lwm9VmMnB,3
2430,spotify:artist:0b4fqBfmPf9WoS1LVVKU7M,spotify:artist:3ytMiTBG7TnAOsA3Ql7eAs,3
2431,spotify:artist:0b4fqBfmPf9WoS1LVVKU7M,spotify:artist:0QDX6XPKMtHL54pzj5VG9T,3
2432,spotify:artist:0b4fqBfmPf9WoS1LVVKU7M,spotify:artist:340ctNAVP8b6lK0zSVjqCF,3
2433,spotify:artist:0b4fqBfmPf9WoS1LVVKU7M,spotify:artist:2yizBY9nAmEASrD7JpSMAf,3
2434,spotify:artist:0b4fqBfmPf9WoS1LVVKU7M,spotify:artist:5XnP676dN3L7JaeM4gvd9C,3
2435,spotify:artist:0b4fqBfmPf9WoS1LVVKU7M,spotify:artist:3drpM2KT4ZPS6Iusn4BUOY,3
2436,spotify:artist:0b4fqBfmPf9WoS1LVVKU7M,spotify:artist:58bow5nUiEheB4uxuIiaXJ,3
2437,spotify:artist:0b4fqBfmPf9WoS1LVVKU7M,spotify:artist:1peNOv8TAlb3Lu1IqaNf56,3
2438,spotify:artist:0b4fqBfmPf9WoS1LVVKU7M,spotify:artist:0hmHLCGFE0UcxBgr3rLaoi,3
2439,spotify:artist:0b4fqBfmPf9WoS1LVVKU7M,spotify:artist:2ehAgWXRXKHKEbwS1SlUB4,3
2440,spotify:artist:0lTzPzaJID2ijKztXSkWfH,spotify:artist:7c9qP8ZMGFTZKCqJphxQX2,3
2441,spotify:artist:0lTzPzaJID2ijKztXSkWfH,spotify:artist:2UKGuGLvM4j4qbxaGslLWT,3
2442,spotify:artist:0lTzPzaJID2ijKztXSkWfH,spotify:artist:2TQU7rRFno0VVx1d4pevd9,3
2443,spotify:artist:0lTzPzaJID2ijKztXSkWfH,spotify:artist:6fhkIAXBjXBaUf4UFjxibI,3
2444,spotify:artist:0lTzPzaJID2ijKztXSkWfH,spotify:artist:2yizBY9nAmEASrD7JpSMAf,3
2445,spotify:artist:0lTzPzaJID2ijKztXSkWfH,spotify:artist:1KXxnta4AThJEAyG9h6l91,3
2446,spotify:artist:0lTzPzaJID2ijKztXSkWfH,spotify:artist:1pvXfAzVXH0OB4X8QyWj0E,3
2447,spotify:artist:0lTzPzaJID2ijKztXSkWfH,spotify:artist:340ctNAVP8b6lK0zSVjqCF,3
2448,spotify:artist:0lTzPzaJID2ijKztXSkWfH,spotify:artist:02TVzdrw3UJqIBTo2Rp2sR,3
2449,spotify:artist:0lTzPzaJID2ijKztXSkWfH,spotify:artist:5bj2pIzyYR99GUinn9fKAN,3
2450,spotify:artist:0lTzPzaJID2ijKztXSkWfH,spotify:artist:3ytMiTBG7TnAOsA3Ql7eAs,3
2451,spotify:artist:0lTzPzaJID2ijKztXSkWfH,spotify:artist:0hmHLCGFE0UcxBgr3rLaoi,3
2452,spotify:artist:0lTzPzaJID2ijKztXSkWfH,spotify:artist:2Ynst7DZrEJnlaMM41ZCxd,3
2453,spotify:artist:0lTzPzaJID2ijKztXSkWfH,spotify:artist:3alLVmjCpZjimiuKWZfzBb,3
2454,spotify:artist:0lTzPzaJID2ijKztXSkWfH,spotify:artist:0T64jSsNTBy9Hg7ESia56D,3
2455,spotify:artist:0lTzPzaJID2ijKztXSkWfH,spotify:artist:63sO5Q3yMhnwKnm7RuzeNn,3
2456,spotify:artist:0lTzPzaJID2ijKztXSkWfH,spotify:artist:3drpM2KT4ZPS6Iusn4BUOY,3
2457,spotify:artist:0lTzPzaJID2ijKztXSkWfH,spotify:artist:7vc2Qv2rutj6XuJXklysRh,3
2458,spotify:artist:0lTzPzaJID2ijKztXSkWfH,spotify:artist:7hA1LNd4lisPMV7RLmxvg7,3
2459,spotify:artist:0lTzPzaJID2ijKztXSkWfH,spotify:artist:6lWRTt7KIsFeuwixhbgnTe,3
2460,spotify:artist:5bj2pIzyYR99GUinn9fKAN,spotify:artist:3alLVmjCpZjimiuKWZfzBb,3
2461,spotify:artist:5bj2pIzyYR99GUinn9fKAN,spotify:artist:0lTzPzaJID2ijKztXSkWfH,3
2462,spotify:artist:5bj2pIzyYR99GUinn9fKAN,spotify:artist:2Ynst7DZrEJnlaMM41ZCxd,3
2463,spotify:artist:5bj2pIzyYR99GUinn9fKAN,spotify:artist:34SgyDEDqVlahIQRDttgCn,3
2464,spotify:artist:5bj2pIzyYR99GUinn9fKAN,spotify:artist:2uKj5KsQWGyVwsXzpKXeBY,3
2465,spotify:artist:5bj2pIzyYR99GUinn9fKAN,spotify:artist:2UKGuGLvM4j4qbxaGslLWT,3
2466,spotify:artist:5bj2pIzyYR99GUinn9fKAN,spotify:artist:1jr0mAgIhKtTeKTZwk0HjF,3
2467,spotify:artist:5bj2pIzyYR99GUinn9fKAN,spotify:artist:2vJ1aFdCPa1wYLqrlTvKuY,3
2468,spotify:artist:5bj2pIzyYR99GUinn9fKAN,spotify:artist:7c9qP8ZMGFTZKCqJphxQX2,3
2469,spotify:artist:5bj2pIzyYR99GUinn9fKAN,spotify:artist:1ioFubkyRW98rgJuAaQHUV,3
2470,spotify:artist:5bj2pIzyYR99GUinn9fKAN,spotify:artist:7jnDSK1hbbcZdjapo2bHzY,3
2471,spotify:artist:5bj2pIzyYR99GUinn9fKAN,spotify:artist:3ytMiTBG7TnAOsA3Ql7eAs,3
2472,spotify:artist:5bj2pIzyYR99GUinn9fKAN,spotify:artist:0hmHLCGFE0UcxBgr3rLaoi,3
2473,spotify:artist:5bj2pIzyYR99GUinn9fKAN,spotify:artist:1pvXfAzVXH0OB4X8QyWj0E,3
2474,spotify:artist:5bj2pIzyYR99GUinn9fKAN,spotify:artist:2yizBY9nAmEASrD7JpSMAf,3
2475,spotify:artist:5bj2pIzyYR99GUinn9fKAN,spotify:artist:3drpM2KT4ZPS6Iusn4BUOY,3
2476,spotify:artist:5bj2pIzyYR99GUinn9fKAN,spotify:artist:0Wn7tfH4rhaWTn8aMqSgh6,3
2477,spotify:artist:5bj2pIzyYR99GUinn9fKAN,spotify:artist:6A6B4fkbxVlQtNASPk5e2e,3
2478,spotify:artist:5bj2pIzyYR99GUinn9fKAN,spotify:artist:63sO5Q3yMhnwKnm7RuzeNn,3
2479,spotify:artist:5bj2pIzyYR99GUinn9fKAN,spotify:artist:4m2iq2WEoxSFvOZd130HIQ,3
2480,spotify:artist:3ytMiTBG7TnAOsA3Ql7eAs,spotify:artist:7c9qP8ZMGFTZKCqJphxQX2,3
2481,spotify:artist:3ytMiTBG7TnAOsA3Ql7eAs,spotify:artist:02TVzdrw3UJqIBTo2Rp2sR,3
2482,spotify:artist:3ytMiTBG7TnAOsA3Ql7eAs,spotify:artist:0lTzPzaJID2ijKztXSkWfH,3
2483,spotify:artist:3ytMiTBG7TnAOsA3Ql7eAs,spotify:artist:2uKj5KsQWGyVwsXzpKXeBY,3
2484,spotify:artist:3ytMiTBG7TnAOsA3Ql7eAs,spotify:artist:2vJ1aFdCPa1wYLqrlTvKuY,3
2485,spotify:artist:3ytMiTBG7TnAOsA3Ql7eAs,spotify:artist:3drpM2KT4ZPS6Iusn4BUOY,3
2486,spotify:artist:3ytMiTBG7TnAOsA3Ql7eAs,spotify:artist:0hmHLCGFE0UcxBgr3rLaoi,3
2487,spotify:artist:3ytMiTBG7TnAOsA3Ql7eAs,spotify:artist:4m2iq2WEoxSFvOZd130HIQ,3
2488,spotify:artist:3ytMiTBG7TnAOsA3Ql7eAs,spotify:artist:1peNOv8TAlb3Lu1IqaNf56,3
2489,spotify:artist:3ytMiTBG7TnAOsA3Ql7eAs,spotify:artist:63sO5Q3yMhnwKnm7RuzeNn,3
2490,spotify:artist:3ytMiTBG7TnAOsA3Ql7eAs,spotify:artist:3alLVmjCpZjimiuKWZfzBb,3
2491,spotify:artist:3ytMiTBG7TnAOsA3Ql7eAs,spotify:artist:6lWRTt7KIsFeuwixhbgnTe,3
2492,spotify:artist:3ytMiTBG7TnAOsA3Ql7eAs,spotify:artist:34SgyDEDqVlahIQRDttgCn,3
2493,spotify:artist:3ytMiTBG7TnAOsA3Ql7eAs,spotify:artist:2jbPowmJ5OQ9c4HxLjLkZZ,3
2494,spotify:artist:3ytMiTBG7TnAOsA3Ql7eAs,spotify:artist:3fCxdiR6eGEUVGruslnovV,3
2495,spotify:artist:3ytMiTBG7TnAOsA3Ql7eAs,spotify:artist:1ioFubkyRW98rgJuAaQHUV,3
2496,spotify:artist:3ytMiTBG7TnAOsA3Ql7eAs,spotify:artist:5bj2pIzyYR99GUinn9fKAN,3
2497,spotify:artist:3ytMiTBG7TnAOsA3Ql7eAs,spotify:artist:1jr0mAgIhKtTeKTZwk0HjF,3
2498,spotify:artist:3ytMiTBG7TnAOsA3Ql7eAs,spotify:artist:2UKGuGLvM4j4qbxaGslLWT,3
2499,spotify:artist:3ytMiTBG7TnAOsA3Ql7eAs,spotify:artist:0T64jSsNTBy9Hg7ESia56D,3
2500,spotify:artist:3alLVmjCpZjimiuKWZfzBb,spotify:artist:2uKj5KsQWGyVwsXzpKXeBY,3
2501,spotify:artist:3alLVmjCpZjimiuKWZfzBb,spotify:artist:2Ynst7DZrEJnlaMM41ZCxd,3
2502,spotify:artist:3alLVmjCpZjimiuKWZfzBb,spotify:artist:0lTzPzaJID2ijKztXSkWfH,3
2503,spotify:artist:3alLVmjCpZjimiuKWZfzBb,spotify:artist:5bj2pIzyYR99GUinn9fKAN,3
2504,spotify:artist:3alLVmjCpZjimiuKWZfzBb,spotify:artist:7c9qP8ZMGFTZKCqJphxQX2,3
2505,spotify:artist:3alLVmjCpZjimiuKWZfzBb,spotify:artist:2vJ1aFdCPa1wYLqrlTvKuY,3
2506,spotify:artist:3alLVmjCpZjimiuKWZfzBb,spotify:artist:63sO5Q3yMhnwKnm7RuzeNn,3
2507,spotify:artist:3alLVmjCpZjimiuKWZfzBb,spotify:artist:0hmHLCGFE0UcxBgr3rLaoi,3
2508,spotify:artist:3alLVmjCpZjimiuKWZfzBb,spotify:artist:7jnDSK1hbbcZdjapo2bHzY,3
2509,spotify:artist:3alLVmjCpZjimiuKWZfzBb,spotify:artist:2UKGuGLvM4j4qbxaGslLWT,3
2510,spotify:artist:3alLVmjCpZjimiuKWZfzBb,spotify:artist:1pvXfAzVXH0OB4X8QyWj0E,3
2511,spotify:artist:3alLVmjCpZjimiuKWZfzBb,spotify:artist:3ytMiTBG7TnAOsA3Ql7eAs,3
2512,spotify:artist:3alLVmjCpZjimiuKWZfzBb,spotify:artist:6lWRTt7KIsFeuwixhbgnTe,3
2513,spotify:artist:3alLVmjCpZjimiuKWZfzBb,spotify:artist:1jr0mAgIhKtTeKTZwk0HjF,3
2514,spotify:artist:3alLVmjCpZjimiuKWZfzBb,spotify:artist:1PVE74Pf9ejCjOzdxlsHC6,3
2515,spotify:artist:3alLVmjCpZjimiuKWZfzBb,spotify:artist:34SgyDEDqVlahIQRDttgCn,3
2516,spotify:artist:3alLVmjCpZjimiuKWZfzBb,spotify:artist:0Wn7tfH4rhaWTn8aMqSgh6,3
2517,spotify:artist:3alLVmjCpZjimiuKWZfzBb,spotify:artist:1ioFubkyRW98rgJuAaQHUV,3
2518,spotify:artist:3alLVmjCpZjimiuKWZfzBb,spotify:artist:6GoZ2axiSqX91WzMrvJfWk,3
2519,spotify:artist:3alLVmjCpZjimiuKWZfzBb,spotify:artist:7MignPwWd7ZxlPi54KtLpp,3
2520,spotify:artist:57Zd5sXL7SD1anPMHPGlWJ,spotify:artist:5fsXYQUwkoVQRl6p6yrxGp,3
2521,spotify:artist:57Zd5sXL7SD1anPMHPGlWJ,spotify:artist:1YAHO7WRjwTfDtxzbEZiBa,3
2522,spotify:artist:57Zd5sXL7SD1anPMHPGlWJ,spotify:artist:2cbf8lSm29egE3KU2CYeTA,3
2523,spotify:artist:57Zd5sXL7SD1anPMHPGlWJ,spotify:artist:7EUf0mAPglMBZYb4jd3H6Q,3
2524,spotify:artist:57Zd5sXL7SD1anPMHPGlWJ,spotify:artist:3Hmfaw0SGZ6YBlH9ZkcUvC,3
2525,spotify:artist:57Zd5sXL7SD1anPMHPGlWJ,spotify:artist:6x4uYvAJ2NWtuvS1FNEWMX,3
2526,spotify:artist:57Zd5sXL7SD1anPMHPGlWJ,spotify:artist:4VBE57XRAgh2itDY4qserd,3
2527,spotify:artist:57Zd5sXL7SD1anPMHPGlWJ,spotify:artist:29PytivCV6OIJcJIkquSXM,3
2528,spotify:artist:57Zd5sXL7SD1anPMHPGlWJ,spotify:artist:74MPnMOXUP0AhdXjgMiBpK,3
2529,spotify:artist:57Zd5sXL7SD1anPMHPGlWJ,spotify:artist:4m2iq2WEoxSFvOZd130HIQ,3
2530,spotify:artist:57Zd5sXL7SD1anPMHPGlWJ,spotify:artist:34SgyDEDqVlahIQRDttgCn,3
2531,spotify:artist:57Zd5sXL7SD1anPMHPGlWJ,spotify:artist:4RDILcwzht7ytmigDk9ySj,3
2532,spotify:artist:57Zd5sXL7SD1anPMHPGlWJ,spotify:artist:6P28L8pwo2aaqT3Pxtebjw,3
2533,spotify:artist:57Zd5sXL7SD1anPMHPGlWJ,spotify:artist:3IFYlF6lfO4Y8M2Hh9H0jB,3
2534,spotify:artist:57Zd5sXL7SD1anPMHPGlWJ,spotify:artist:7dKZSx2WewbqFuYzRR7Kf8,3
2535,spotify:artist:57Zd5sXL7SD1anPMHPGlWJ,spotify:artist:2vJ1aFdCPa1wYLqrlTvKuY,3
2536,spotify:artist:57Zd5sXL7SD1anPMHPGlWJ,spotify:artist:4xWiOvKfnFvX7YhJ5nPFVo,3
2537,spotify:artist:57Zd5sXL7SD1anPMHPGlWJ,spotify:artist:7c9qP8ZMGFTZKCqJphxQX2,3
2538,spotify:artist:57Zd5sXL7SD1anPMHPGlWJ,spotify:artist:63sO5Q3yMhnwKnm7RuzeNn,3
2539,spotify:artist:57Zd5sXL7SD1anPMHPGlWJ,spotify:artist:0FDO0siwgVeDs40rqwS2mK,3
2540,spotify:artist:0hmHLCGFE0UcxBgr3rLaoi,spotify:artist:63sO5Q3yMhnwKnm7RuzeNn,3
2541,spotify:artist:0hmHLCGFE0UcxBgr3rLaoi,spotify:artist:7c9qP8ZMGFTZKCqJphxQX2,3
2542,spotify:artist:0hmHLCGFE0UcxBgr3rLaoi,spotify:artist:02TVzdrw3UJqIBTo2Rp2sR,3
2543,spotify:artist:0hmHLCGFE0UcxBgr3rLaoi,spotify:artist:1jr0mAgIhKtTeKTZwk0HjF,3
2544,spotify:artist:0hmHLCGFE0UcxBgr3rLaoi,spotify:artist:34SgyDEDqVlahIQRDttgCn,3
2545,spotify:artist:0hmHLCGFE0UcxBgr3rLaoi,spotify:artist:2uKj5KsQWGyVwsXzpKXeBY,3
2546,spotify:artist:0hmHLCGFE0UcxBgr3rLaoi,spotify:artist:6lWRTt7KIsFeuwixhbgnTe,3
2547,spotify:artist:0hmHLCGFE0UcxBgr3rLaoi,spotify:artist:4zgn0gvu50QzZuA9gIdSke,3
2548,spotify:artist:0hmHLCGFE0UcxBgr3rLaoi,spotify:artist:1ioFubkyRW98rgJuAaQHUV,3
2549,spotify:artist:0hmHLCGFE0UcxBgr3rLaoi,spotify:artist:7MignPwWd7ZxlPi54KtLpp,3
2550,spotify:artist:0hmHLCGFE0UcxBgr3rLaoi,spotify:artist:3U9CI4vQwxLoAeovpgT9ZH,3
2551,spotify:artist:0hmHLCGFE0UcxBgr3rLaoi,spotify:artist:2vJ1aFdCPa1wYLqrlTvKuY,3
2552,spotify:artist:0hmHLCGFE0UcxBgr3rLaoi,spotify:artist:0lTzPzaJID2ijKztXSkWfH,3
2553,spotify:artist:0hmHLCGFE0UcxBgr3rLaoi,spotify:artist:3bEHj6WUeCJey0vLrffSQp,3
2554,spotify:artist:0hmHLCGFE0UcxBgr3rLaoi,spotify:artist:0N1TIXCk9Q9JbEPXQDclEL,3
2555,spotify:artist:0hmHLCGFE0UcxBgr3rLaoi,spotify:artist:3ytMiTBG7TnAOsA3Ql7eAs,3
2556,spotify:artist:0hmHLCGFE0UcxBgr3rLaoi,spotify:artist:0gDqh6nvSk3l7eZ4UVL3GG,3
2557,spotify:artist:0hmHLCGFE0UcxBgr3rLaoi,spotify:artist:3alLVmjCpZjimiuKWZfzBb,3
2558,spotify:artist:0hmHLCGFE0UcxBgr3rLaoi,spotify:artist:0Wn7tfH4rhaWTn8aMqSgh6,3
2559,spotify:artist:0hmHLCGFE0UcxBgr3rLaoi,spotify:artist:6A6B4fkbxVlQtNASPk5e2e,3
2560,spotify:artist:1peNOv8TAlb3Lu1IqaNf56,spotify:artist:7c9qP8ZMGFTZKCqJphxQX2,3
2561,spotify:artist:1peNOv8TAlb3Lu1IqaNf56,spotify:artist:3ytMiTBG7TnAOsA3Ql7eAs,3
2562,spotify:artist:1peNOv8TAlb3Lu1IqaNf56,spotify:artist:02TVzdrw3UJqIBTo2Rp2sR,3
2563,spotify:artist:1peNOv8TAlb3Lu1IqaNf56,spotify:artist:3drpM2KT4ZPS6Iusn4BUOY,3
2564,spotify:artist:1peNOv8TAlb3Lu1IqaNf56,spotify:artist:63sO5Q3yMhnwKnm7RuzeNn,3
2565,spotify:artist:1peNOv8TAlb3Lu1IqaNf56,spotify:artist:0lTzPzaJID2ijKztXSkWfH,3
2566,spotify:artist:1peNOv8TAlb3Lu1IqaNf56,spotify:artist:0hmHLCGFE0UcxBgr3rLaoi,3
2567,spotify:artist:1peNOv8TAlb3Lu1IqaNf56,spotify:artist:2uKj5KsQWGyVwsXzpKXeBY,3
2568,spotify:artist:1peNOv8TAlb3Lu1IqaNf56,spotify:artist:4m2iq2WEoxSFvOZd130HIQ,3
2569,spotify:artist:1peNOv8TAlb3Lu1IqaNf56,spotify:artist:2vJ1aFdCPa1wYLqrlTvKuY,3
2570,spotify:artist:1peNOv8TAlb3Lu1IqaNf56,spotify:artist:34SgyDEDqVlahIQRDttgCn,3
2571,spotify:artist:1peNOv8TAlb3Lu1IqaNf56,spotify:artist:1jr0mAgIhKtTeKTZwk0HjF,3
2572,spotify:artist:1peNOv8TAlb3Lu1IqaNf56,spotify:artist:6lWRTt7KIsFeuwixhbgnTe,3
2573,spotify:artist:1peNOv8TAlb3Lu1IqaNf56,spotify:artist:1ioFubkyRW98rgJuAaQHUV,3
2574,spotify:artist:1peNOv8TAlb3Lu1IqaNf56,spotify:artist:2jbPowmJ5OQ9c4HxLjLkZZ,3
2575,spotify:artist:1peNOv8TAlb3Lu1IqaNf56,spotify:artist:74MPnMOXUP0AhdXjgMiBpK,3
2576,spotify:artist:1peNOv8TAlb3Lu1IqaNf56,spotify:artist:4RDILcwzht7ytmigDk9ySj,3
2577,spotify:artist:1peNOv8TAlb3Lu1IqaNf56,spotify:artist:0gDqh6nvSk3l7eZ4UVL3GG,3
2578,spotify:artist:1peNOv8TAlb3Lu1IqaNf56,spotify:artist:5bj2pIzyYR99GUinn9fKAN,3
2579,spotify:artist:1peNOv8TAlb3Lu1IqaNf56,spotify:artist:3fCxdiR6eGEUVGruslnovV,3
2580,spotify:artist:4RDILcwzht7ytmigDk9ySj,spotify:artist:7EUf0mAPglMBZYb4jd3H6Q,3
2581,spotify:artist:4RDILcwzht7ytmigDk9ySj,spotify:artist:0mDQIgKwYkiFfvI2CberhR,3
2582,spotify:artist:4RDILcwzht7ytmigDk9ySj,spotify:artist:4m2iq2WEoxSFvOZd130HIQ,3
2583,spotify:artist:4RDILcwzht7ytmigDk9ySj,spotify:artist:63sO5Q3yMhnwKnm7RuzeNn,3
2584,spotify:artist:4RDILcwzht7ytmigDk9ySj,spotify:artist:34SgyDEDqVlahIQRDttgCn,3
2585,spotify:artist:4RDILcwzht7ytmigDk9ySj,spotify:artist:1jr0mAgIhKtTeKTZwk0HjF,3
2586,spotify:artist:4RDILcwzht7ytmigDk9ySj,spotify:artist:74MPnMOXUP0AhdXjgMiBpK,3
2587,spotify:artist:4RDILcwzht7ytmigDk9ySj,spotify:artist:3Hmfaw0SGZ6YBlH9ZkcUvC,3
2588,spotify:artist:4RDILcwzht7ytmigDk9ySj,spotify:artist:6A6B4fkbxVlQtNASPk5e2e,3
2589,spotify:artist:4RDILcwzht7ytmigDk9ySj,spotify:artist:0hmHLCGFE0UcxBgr3rLaoi,3
2590,spotify:artist:4RDILcwzht7ytmigDk9ySj,spotify:artist:6hwrqqoXR0zZalLtIuUQPk,3
2591,spotify:artist:4RDILcwzht7ytmigDk9ySj,spotify:artist:1ioFubkyRW98rgJuAaQHUV,3
2592,spotify:artist:4RDILcwzht7ytmigDk9ySj,spotify:artist:3bEHj6WUeCJey0vLrffSQp,3
2593,spotify:artist:4RDILcwzht7ytmigDk9ySj,spotify:artist:6vBfGWeXYiBmWUrmhOmOMP,3
2594,spotify:artist:4RDILcwzht7ytmigDk9ySj,spotify:artist:1peNOv8TAlb3Lu1IqaNf56,3
2595,spotify:artist:4RDILcwzht7ytmigDk9ySj,spotify:artist:6P28L8pwo2aaqT3Pxtebjw,3
2596,spotify:artist:4RDILcwzht7ytmigDk9ySj,spotify:artist:4zgn0gvu50QzZuA9gIdSke,3
2597,spotify:artist:4RDILcwzht7ytmigDk9ySj,spotify:artist:2cbf8lSm29egE3KU2CYeTA,3
2598,spotify:artist:4RDILcwzht7ytmigDk9ySj,spotify:artist:0gDqh6nvSk3l7eZ4UVL3GG,3
2599,spotify:artist:4RDILcwzht7ytmigDk9ySj,spotify:artist:1TlayDixkhMb8CbDXwKcyP,3
2600,spotify:artist:3Hmfaw0SGZ6YBlH9ZkcUvC,spotify:artist:7EUf0mAPglMBZYb4jd3H6Q,3
2601,spotify:artist:3Hmfaw0SGZ6YBlH9ZkcUvC,spotify:artist:2cbf8lSm29egE3KU2CYeTA,3
2602,spotify:artist:3Hmfaw0SGZ6YBlH9ZkcUvC,spotify:artist:74MPnMOXUP0AhdXjgMiBpK,3
2603,spotify:artist:3Hmfaw0SGZ6YBlH9ZkcUvC,spotify:artist:34SgyDEDqVlahIQRDttgCn,3
2604,spotify:artist:3Hmfaw0SGZ6YBlH9ZkcUvC,spotify:artist:4m2iq2WEoxSFvOZd130HIQ,3
2605,spotify:artist:3Hmfaw0SGZ6YBlH9ZkcUvC,spotify:artist:4RDILcwzht7ytmigDk9ySj,3
2606,spotify:artist:3Hmfaw0SGZ6YBlH9ZkcUvC,spotify:artist:57Zd5sXL7SD1anPMHPGlWJ,3
2607,spotify:artist:3Hmfaw0SGZ6YBlH9ZkcUvC,spotify:artist:2tV7JtO7IVYj7aMXs42geu,3
2608,spotify:artist:3Hmfaw0SGZ6YBlH9ZkcUvC,spotify:artist:4lFCDNyiIImAICBmonhoEu,3
2609,spotify:artist:3Hmfaw0SGZ6YBlH9ZkcUvC,spotify:artist:1jr0mAgIhKtTeKTZwk0HjF,3
2610,spotify:artist:3Hmfaw0SGZ6YBlH9ZkcUvC,spotify:artist:1ioFubkyRW98rgJuAaQHUV,3
2611,spotify:artist:3Hmfaw0SGZ6YBlH9ZkcUvC,spotify:artist:0FDO0siwgVeDs40rqwS2mK,3
2612,spotify:artist:3Hmfaw0SGZ6YBlH9ZkcUvC,spotify:artist:5fsXYQUwkoVQRl6p6yrxGp,3
2613,spotify:artist:3Hmfaw0SGZ6YBlH9ZkcUvC,spotify:artist:64PIeisw79uNk8zv5CrCyS,3
2614,spotify:artist:3Hmfaw0SGZ6YBlH9ZkcUvC,spotify:artist:4VBE57XRAgh2itDY4qserd,3
2615,spotify:artist:3Hmfaw0SGZ6YBlH9ZkcUvC,spotify:artist:6P28L8pwo2aaqT3Pxtebjw,3
2616,spotify:artist:3Hmfaw0SGZ6YBlH9ZkcUvC,spotify:artist:65eh0xb6XcODyhL6DGIu0e,3
2617,spotify:artist:3Hmfaw0SGZ6YBlH9ZkcUvC,spotify:artist:0JA9lPlwRqMIx21WTi9pOj,3
2618,spotify:artist:3Hmfaw0SGZ6YBlH9ZkcUvC,spotify:artist:63sO5Q3yMhnwKnm7RuzeNn,3
2619,spotify:artist:3Hmfaw0SGZ6YBlH9ZkcUvC,spotify:artist:4xWiOvKfnFvX7YhJ5nPFVo,3
2620,spotify:artist:34SgyDEDqVlahIQRDttgCn,spotify:artist:1jr0mAgIhKtTeKTZwk0HjF,3
2621,spotify:artist:34SgyDEDqVlahIQRDttgCn,spotify:artist:6A6B4fkbxVlQtNASPk5e2e,3
2622,spotify:artist:34SgyDEDqVlahIQRDttgCn,spotify:artist:63sO5Q3yMhnwKnm7RuzeNn,3
2623,spotify:artist:34SgyDEDqVlahIQRDttgCn,spotify:artist:2vJ1aFdCPa1wYLqrlTvKuY,3
2624,spotify:artist:34SgyDEDqVlahIQRDttgCn,spotify:artist:0hmHLCGFE0UcxBgr3rLaoi,3
2625,spotify:artist:34SgyDEDqVlahIQRDttgCn,spotify:artist:1ioFubkyRW98rgJuAaQHUV,3
2626,spotify:artist:34SgyDEDqVlahIQRDttgCn,spotify:artist:2uKj5KsQWGyVwsXzpKXeBY,3
2627,spotify:artist:34SgyDEDqVlahIQRDttgCn,spotify:artist:7oXqKY12gSK5Q37dWZYWT0,3
2628,spotify:artist:34SgyDEDqVlahIQRDttgCn,spotify:artist:3bEHj6WUeCJey0vLrffSQp,3
2629,spotify:artist:34SgyDEDqVlahIQRDttgCn,spotify:artist:5bj2pIzyYR99GUinn9fKAN,3
2630,spotify:artist:34SgyDEDqVlahIQRDttgCn,spotify:artist:0N1TIXCk9Q9JbEPXQDclEL,3
2631,spotify:artist:34SgyDEDqVlahIQRDttgCn,spotify:artist:2Gw5aCeNK9o0PmsNuSirW0,3
2632,spotify:artist:34SgyDEDqVlahIQRDttgCn,spotify:artist:6vBfGWeXYiBmWUrmhOmOMP,3
2633,spotify:artist:34SgyDEDqVlahIQRDttgCn,spotify:artist:0Wn7tfH4rhaWTn8aMqSgh6,3
2634,spotify:artist:34SgyDEDqVlahIQRDttgCn,spotify:artist:7MignPwWd7ZxlPi54KtLpp,3
2635,spotify:artist:34SgyDEDqVlahIQRDttgCn,spotify:artist:1PVE74Pf9ejCjOzdxlsHC6,3
2636,spotify:artist:34SgyDEDqVlahIQRDttgCn,spotify:artist:7grmT5tV1tUKfCjPhZgW3h,3
2637,spotify:artist:34SgyDEDqVlahIQRDttgCn,spotify:artist:78wqzhHzbh3i6N1uCrKSt4,3
2638,spotify:artist:34SgyDEDqVlahIQRDttgCn,spotify:artist:3alLVmjCpZjimiuKWZfzBb,3
2639,spotify:artist:34SgyDEDqVlahIQRDttgCn,spotify:artist:4m2iq2WEoxSFvOZd130HIQ,3
2640,spotify:artist:63sO5Q3yMhnwKnm7RuzeNn,spotify:artist:4zgn0gvu50QzZuA9gIdSke,3
2641,spotify:artist:63sO5Q3yMhnwKnm7RuzeNn,spotify:artist:2z3yrAbHD0DtfQ3pd8hjVZ,3
2642,spotify:artist:63sO5Q3yMhnwKnm7RuzeNn,spotify:artist:3U9CI4vQwxLoAeovpgT9ZH,3
2643,spotify:artist:63sO5Q3yMhnwKnm7RuzeNn,spotify:artist:6lWRTt7KIsFeuwixhbgnTe,3
2644,spotify:artist:63sO5Q3yMhnwKnm7RuzeNn,spotify:artist:0hmHLCGFE0UcxBgr3rLaoi,3
2645,spotify:artist:63sO5Q3yMhnwKnm7RuzeNn,spotify:artist:0Wjkexp7T0lPejob6dcCvw,3
2646,spotify:artist:63sO5Q3yMhnwKnm7RuzeNn,spotify:artist:1PVE74Pf9ejCjOzdxlsHC6,3
2647,spotify:artist:63sO5Q3yMhnwKnm7RuzeNn,spotify:artist:3bEHj6WUeCJey0vLrffSQp,3
2648,spotify:artist:63sO5Q3yMhnwKnm7RuzeNn,spotify:artist:0gDqh6nvSk3l7eZ4UVL3GG,3
2649,spotify:artist:63sO5Q3yMhnwKnm7RuzeNn,spotify:artist:7c9qP8ZMGFTZKCqJphxQX2,3
2650,spotify:artist:63sO5Q3yMhnwKnm7RuzeNn,spotify:artist:1jr0mAgIhKtTeKTZwk0HjF,3
2651,spotify:artist:63sO5Q3yMhnwKnm7RuzeNn,spotify:artist:5jbvTNkLBE4W1wQlDzHgxU,3
2652,spotify:artist:63sO5Q3yMhnwKnm7RuzeNn,spotify:artist:6vBfGWeXYiBmWUrmhOmOMP,3
2653,spotify:artist:63sO5Q3yMhnwKnm7RuzeNn,spotify:artist:78wqzhHzbh3i6N1uCrKSt4,3
2654,spotify:artist:63sO5Q3yMhnwKnm7RuzeNn,spotify:artist:0N1TIXCk9Q9JbEPXQDclEL,3
2655,spotify:artist:63sO5Q3yMhnwKnm7RuzeNn,spotify:artist:34SgyDEDqVlahIQRDttgCn,3
2656,spotify:artist:63sO5Q3yMhnwKnm7RuzeNn,spotify:artist:02TVzdrw3UJqIBTo2Rp2sR,3
2657,spotify:artist:63sO5Q3yMhnwKnm7RuzeNn,spotify:artist:6A6B4fkbxVlQtNASPk5e2e,3
2658,spotify:artist:63sO5Q3yMhnwKnm7RuzeNn,spotify:artist:1TlayDixkhMb8CbDXwKcyP,3
2659,spotify:artist:63sO5Q3yMhnwKnm7RuzeNn,spotify:artist:2uKj5KsQWGyVwsXzpKXeBY,3
2660,spotify:artist:7EUf0mAPglMBZYb4jd3H6Q,spotify:artist:3Hmfaw0SGZ6YBlH9ZkcUvC,3
2661,spotify:artist:7EUf0mAPglMBZYb4jd3H6Q,spotify:artist:64PIeisw79uNk8zv5CrCyS,3
2662,spotify:artist:7EUf0mAPglMBZYb4jd3H6Q,spotify:artist:4xWiOvKfnFvX7YhJ5nPFVo,3
2663,spotify:artist:7EUf0mAPglMBZYb4jd3H6Q,spotify:artist:4RDILcwzht7ytmigDk9ySj,3
2664,spotify:artist:7EUf0mAPglMBZYb4jd3H6Q,spotify:artist:5J3gx7aNiMsWCJAmQwrYp4,3
2665,spotify:artist:7EUf0mAPglMBZYb4jd3H6Q,spotify:artist:10snI1hNazdplpBG2jubBX,3
2666,spotify:artist:7EUf0mAPglMBZYb4jd3H6Q,spotify:artist:47kCZWMLdXx2rW5deN7yjk,3
2667,spotify:artist:7EUf0mAPglMBZYb4jd3H6Q,spotify:artist:34SgyDEDqVlahIQRDttgCn,3
2668,spotify:artist:7EUf0mAPglMBZYb4jd3H6Q,spotify:artist:2Gw5aCeNK9o0PmsNuSirW0,3
2669,spotify:artist:7EUf0mAPglMBZYb4jd3H6Q,spotify:artist:5fsXYQUwkoVQRl6p6yrxGp,3
2670,spotify:artist:7EUf0mAPglMBZYb4jd3H6Q,spotify:artist:4OXt5GLGpU84fwGoIN3pCb,3
2671,spotify:artist:7EUf0mAPglMBZYb4jd3H6Q,spotify:artist:5aINmhPWfAHvZ5qaMdBezq,3
2672,spotify:artist:7EUf0mAPglMBZYb4jd3H6Q,spotify:artist:6vBfGWeXYiBmWUrmhOmOMP,3
2673,spotify:artist:7EUf0mAPglMBZYb4jd3H6Q,spotify:artist:1jr0mAgIhKtTeKTZwk0HjF,3
2674,spotify:artist:7EUf0mAPglMBZYb4jd3H6Q,spotify:artist:63sO5Q3yMhnwKnm7RuzeNn,3
2675,spotify:artist:7EUf0mAPglMBZYb4jd3H6Q,spotify:artist:1TlayDixkhMb8CbDXwKcyP,3
2676,spotify:artist:7EUf0mAPglMBZYb4jd3H6Q,spotify:artist:2cbf8lSm29egE3KU2CYeTA,3
2677,spotify:artist:7EUf0mAPglMBZYb4jd3H6Q,spotify:artist:57Zd5sXL7SD1anPMHPGlWJ,3
2678,spotify:artist:7EUf0mAPglMBZYb4jd3H6Q,spotify:artist:0Wjkexp7T0lPejob6dcCvw,3
2679,spotify:artist:7EUf0mAPglMBZYb4jd3H6Q,spotify:artist:6TCN68dPlpAJMADKP3LmYh,3
2680,spotify:artist:6lWRTt7KIsFeuwixhbgnTe,spotify:artist:63sO5Q3yMhnwKnm7RuzeNn,3
2681,spotify:artist:6lWRTt7KIsFeuwixhbgnTe,spotify:artist:7c9qP8ZMGFTZKCqJphxQX2,3
2682,spotify:artist:6lWRTt7KIsFeuwixhbgnTe,spotify:artist:4zgn0gvu50QzZuA9gIdSke,3
2683,spotify:artist:6lWRTt7KIsFeuwixhbgnTe,spotify:artist:0Wjkexp7T0lPejob6dcCvw,3
2684,spotify:artist:6lWRTt7KIsFeuwixhbgnTe,spotify:artist:1PVE74Pf9ejCjOzdxlsHC6,3
2685,spotify:artist:6lWRTt7KIsFeuwixhbgnTe,spotify:artist:78wqzhHzbh3i6N1uCrKSt4,3
2686,spotify:artist:6lWRTt7KIsFeuwixhbgnTe,spotify:artist:0hmHLCGFE0UcxBgr3rLaoi,3
2687,spotify:artist:6lWRTt7KIsFeuwixhbgnTe,spotify:artist:3U9CI4vQwxLoAeovpgT9ZH,3
2688,spotify:artist:6lWRTt7KIsFeuwixhbgnTe,spotify:artist:2z3yrAbHD0DtfQ3pd8hjVZ,3
2689,spotify:artist:6lWRTt7KIsFeuwixhbgnTe,spotify:artist:1jr0mAgIhKtTeKTZwk0HjF,3
2690,spotify:artist:6lWRTt7KIsFeuwixhbgnTe,spotify:artist:6A6B4fkbxVlQtNASPk5e2e,3
2691,spotify:artist:6lWRTt7KIsFeuwixhbgnTe,spotify:artist:34klgn70oBHN6jHktkjyAV,3
2692,spotify:artist:6lWRTt7KIsFeuwixhbgnTe,spotify:artist:3alLVmjCpZjimiuKWZfzBb,3
2693,spotify:artist:6lWRTt7KIsFeuwixhbgnTe,spotify:artist:1TlayDixkhMb8CbDXwKcyP,3
2694,spotify:artist:6lWRTt7KIsFeuwixhbgnTe,spotify:artist:2uKj5KsQWGyVwsXzpKXeBY,3
2695,spotify:artist:6lWRTt7KIsFeuwixhbgnTe,spotify:artist:0gDqh6nvSk3l7eZ4UVL3GG,3
2696,spotify:artist:6lWRTt7KIsFeuwixhbgnTe,spotify:artist:7MignPwWd7ZxlPi54KtLpp,3
2697,spotify:artist:6lWRTt7KIsFeuwixhbgnTe,spotify:artist:2gtVnbrVpID8VrotZPOg2a,3
2698,spotify:artist:6lWRTt7KIsFeuwixhbgnTe,spotify:artist:6vBfGWeXYiBmWUrmhOmOMP,3
2699,spotify:artist:6lWRTt7KIsFeuwixhbgnTe,spotify:artist:413rPqZ1Tgx88r6uZTxZHU,3
2700,spotify:artist:1ioFubkyRW98rgJuAaQHUV,spotify:artist:34SgyDEDqVlahIQRDttgCn,3
2701,spotify:artist:1ioFubkyRW98rgJuAaQHUV,spotify:artist:63sO5Q3yMhnwKnm7RuzeNn,3
2702,spotify:artist:1ioFubkyRW98rgJuAaQHUV,spotify:artist:0hmHLCGFE0UcxBgr3rLaoi,3
2703,spotify:artist:1ioFubkyRW98rgJuAaQHUV,spotify:artist:2uKj5KsQWGyVwsXzpKXeBY,3
2704,spotify:artist:1ioFubkyRW98rgJuAaQHUV,spotify:artist:1jr0mAgIhKtTeKTZwk0HjF,3
2705,spotify:artist:1ioFubkyRW98rgJuAaQHUV,spotify:artist:7c9qP8ZMGFTZKCqJphxQX2,3
2706,spotify:artist:1ioFubkyRW98rgJuAaQHUV,spotify:artist:2vJ1aFdCPa1wYLqrlTvKuY,3
2707,spotify:artist:1ioFubkyRW98rgJuAaQHUV,spotify:artist:6lWRTt7KIsFeuwixhbgnTe,3
2708,spotify:artist:1ioFubkyRW98rgJuAaQHUV,spotify:artist:6A6B4fkbxVlQtNASPk5e2e,3
2709,spotify:artist:1ioFubkyRW98rgJuAaQHUV,spotify:artist:3bEHj6WUeCJey0vLrffSQp,3
2710,spotify:artist:1ioFubkyRW98rgJuAaQHUV,spotify:artist:5bj2pIzyYR99GUinn9fKAN,3
2711,spotify:artist:1ioFubkyRW98rgJuAaQHUV,spotify:artist:3alLVmjCpZjimiuKWZfzBb,3
2712,spotify:artist:1ioFubkyRW98rgJuAaQHUV,spotify:artist:4zgn0gvu50QzZuA9gIdSke,3
2713,spotify:artist:1ioFubkyRW98rgJuAaQHUV,spotify:artist:6vBfGWeXYiBmWUrmhOmOMP,3
2714,spotify:artist:1ioFubkyRW98rgJuAaQHUV,spotify:artist:3ytMiTBG7TnAOsA3Ql7eAs,3
2715,spotify:artist:1ioFubkyRW98rgJuAaQHUV,spotify:artist:74MPnMOXUP0AhdXjgMiBpK,3
2716,spotify:artist:1ioFubkyRW98rgJuAaQHUV,spotify:artist:7MignPwWd7ZxlPi54KtLpp,3
2717,spotify:artist:1ioFubkyRW98rgJuAaQHUV,spotify:artist:02TVzdrw3UJqIBTo2Rp2sR,3
2718,spotify:artist:1ioFubkyRW98rgJuAaQHUV,spotify:artist:4m2iq2WEoxSFvOZd130HIQ,3
2719,spotify:artist:1ioFubkyRW98rgJuAaQHUV,spotify:artist:2z3yrAbHD0DtfQ3pd8hjVZ,3
2720,spotify:artist:0H30k58Q3nJbJF5Bgjwdqj,spotify:artist:2ehAgWXRXKHKEbwS1SlUB4,3
2721,spotify:artist:0H30k58Q3nJbJF5Bgjwdqj,spotify:artist:5b7VQVpsCllH7jfcVfOrFR,3
2722,spotify:artist:0H30k58Q3nJbJF5Bgjwdqj,spotify:artist:0lTzPzaJID2ijKztXSkWfH,3
2723,spotify:artist:0H30k58Q3nJbJF5Bgjwdqj,spotify:artist:4RDILcwzht7ytmigDk9ySj,3
2724,spotify:artist:0H30k58Q3nJbJF5Bgjwdqj,spotify:artist:7c9qP8ZMGFTZKCqJphxQX2,3
2725,spotify:artist:0H30k58Q3nJbJF5Bgjwdqj,spotify:artist:1pvXfAzVXH0OB4X8QyWj0E,3
2726,spotify:artist:0H30k58Q3nJbJF5Bgjwdqj,spotify:artist:5qMxEPOCbyrJbvfugbS4HD,3
2727,spotify:artist:0H30k58Q3nJbJF5Bgjwdqj,spotify:artist:4VBE57XRAgh2itDY4qserd,3
2728,spotify:artist:0H30k58Q3nJbJF5Bgjwdqj,spotify:artist:3ytMiTBG7TnAOsA3Ql7eAs,3
2729,spotify:artist:0H30k58Q3nJbJF5Bgjwdqj,spotify:artist:6xSmMSRGkSQSWYcmU87vwG,3
2730,spotify:artist:0H30k58Q3nJbJF5Bgjwdqj,spotify:artist:1peNOv8TAlb3Lu1IqaNf56,3
2731,spotify:artist:0H30k58Q3nJbJF5Bgjwdqj,spotify:artist:1ioFubkyRW98rgJuAaQHUV,3
2732,spotify:artist:0H30k58Q3nJbJF5Bgjwdqj,spotify:artist:0FDO0siwgVeDs40rqwS2mK,3
2733,spotify:artist:0H30k58Q3nJbJF5Bgjwdqj,spotify:artist:0hmHLCGFE0UcxBgr3rLaoi,3
2734,spotify:artist:0H30k58Q3nJbJF5Bgjwdqj,spotify:artist:6lWRTt7KIsFeuwixhbgnTe,3
2735,spotify:artist:0H30k58Q3nJbJF5Bgjwdqj,spotify:artist:30BPxs3U2ThD634xBuTRNZ,3
2736,spotify:artist:0H30k58Q3nJbJF5Bgjwdqj,spotify:artist:4m2iq2WEoxSFvOZd130HIQ,3
2737,spotify:artist:0H30k58Q3nJbJF5Bgjwdqj,spotify:artist:3Hmfaw0SGZ6YBlH9ZkcUvC,3
2738,spotify:artist:0H30k58Q3nJbJF5Bgjwdqj,spotify:artist:7EUf0mAPglMBZYb4jd3H6Q,3
2739,spotify:artist:0H30k58Q3nJbJF5Bgjwdqj,spotify:artist:1jr0mAgIhKtTeKTZwk0HjF,3
2740,spotify:artist:2uKj5KsQWGyVwsXzpKXeBY,spotify:artist:3alLVmjCpZjimiuKWZfzBb,3
2741,spotify:artist:2uKj5KsQWGyVwsXzpKXeBY,spotify:artist:2vJ1aFdCPa1wYLqrlTvKuY,3
2742,spotify:artist:2uKj5KsQWGyVwsXzpKXeBY,spotify:artist:63sO5Q3yMhnwKnm7RuzeNn,3
2743,spotify:artist:2uKj5KsQWGyVwsXzpKXeBY,spotify:artist:0hmHLCGFE0UcxBgr3rLaoi,3
2744,spotify:artist:2uKj5KsQWGyVwsXzpKXeBY,spotify:artist:1jr0mAgIhKtTeKTZwk0HjF,3
2745,spotify:artist:2uKj5KsQWGyVwsXzpKXeBY,spotify:artist:34SgyDEDqVlahIQRDttgCn,3
2746,spotify:artist:2uKj5KsQWGyVwsXzpKXeBY,spotify:artist:3ytMiTBG7TnAOsA3Ql7eAs,3
2747,spotify:artist:2uKj5KsQWGyVwsXzpKXeBY,spotify:artist:7c9qP8ZMGFTZKCqJphxQX2,3
2748,spotify:artist:2uKj5KsQWGyVwsXzpKXeBY,spotify:artist:7MignPwWd7ZxlPi54KtLpp,3
2749,spotify:artist:2uKj5KsQWGyVwsXzpKXeBY,spotify:artist:5bj2pIzyYR99GUinn9fKAN,3
2750,spotify:artist:2uKj5KsQWGyVwsXzpKXeBY,spotify:artist:6lWRTt7KIsFeuwixhbgnTe,3
2751,spotify:artist:2uKj5KsQWGyVwsXzpKXeBY,spotify:artist:1ioFubkyRW98rgJuAaQHUV,3
2752,spotify:artist:2uKj5KsQWGyVwsXzpKXeBY,spotify:artist:3drpM2KT4ZPS6Iusn4BUOY,3
2753,spotify:artist:2uKj5KsQWGyVwsXzpKXeBY,spotify:artist:2Ynst7DZrEJnlaMM41ZCxd,3
2754,spotify:artist:2uKj5KsQWGyVwsXzpKXeBY,spotify:artist:02TVzdrw3UJqIBTo2Rp2sR,3
2755,spotify:artist:2uKj5KsQWGyVwsXzpKXeBY,spotify:artist:0N1TIXCk9Q9JbEPXQDclEL,3
2756,spotify:artist:2uKj5KsQWGyVwsXzpKXeBY,spotify:artist:3bEHj6WUeCJey0vLrffSQp,3
2757,spotify:artist:2uKj5KsQWGyVwsXzpKXeBY,spotify:artist:3fCxdiR6eGEUVGruslnovV,3
2758,spotify:artist:2uKj5KsQWGyVwsXzpKXeBY,spotify:artist:6A6B4fkbxVlQtNASPk5e2e,3
2759,spotify:artist:2uKj5KsQWGyVwsXzpKXeBY,spotify:artist:0lTzPzaJID2ijKztXSkWfH,3
2760,spotify:artist:3drpM2KT4ZPS6Iusn4BUOY,spotify:artist:2uKj5KsQWGyVwsXzpKXeBY,3
2761,spotify:artist:3drpM2KT4ZPS6Iusn4BUOY,spotify:artist:0lTzPzaJID2ijKztXSkWfH,3
2762,spotify:artist:3drpM2KT4ZPS6Iusn4BUOY,spotify:artist:3fCxdiR6eGEUVGruslnovV,3
2763,spotify:artist:3drpM2KT4ZPS6Iusn4BUOY,spotify:artist:3ytMiTBG7TnAOsA3Ql7eAs,3
2764,spotify:artist:3drpM2KT4ZPS6Iusn4BUOY,spotify:artist:7c9qP8ZMGFTZKCqJphxQX2,3
2765,spotify:artist:3drpM2KT4ZPS6Iusn4BUOY,spotify:artist:2yizBY9nAmEASrD7JpSMAf,3
2766,spotify:artist:3drpM2KT4ZPS6Iusn4BUOY,spotify:artist:2vJ1aFdCPa1wYLqrlTvKuY,3
2767,spotify:artist:3drpM2KT4ZPS6Iusn4BUOY,spotify:artist:2jbPowmJ5OQ9c4HxLjLkZZ,3
2768,spotify:artist:3drpM2KT4ZPS6Iusn4BUOY,spotify:artist:02TVzdrw3UJqIBTo2Rp2sR,3
2769,spotify:artist:3drpM2KT4ZPS6Iusn4BUOY,spotify:artist:0hmHLCGFE0UcxBgr3rLaoi,3
2770,spotify:artist:3drpM2KT4ZPS6Iusn4BUOY,spotify:artist:5bj2pIzyYR99GUinn9fKAN,3
2771,spotify:artist:3drpM2KT4ZPS6Iusn4BUOY,spotify:artist:34SgyDEDqVlahIQRDttgCn,3
2772,spotify:artist:3drpM2KT4ZPS6Iusn4BUOY,spotify:artist:3alLVmjCpZjimiuKWZfzBb,3
2773,spotify:artist:3drpM2KT4ZPS6Iusn4BUOY,spotify:artist:1peNOv8TAlb3Lu1IqaNf56,3
2774,spotify:artist:3drpM2KT4ZPS6Iusn4BUOY,spotify:artist:63sO5Q3yMhnwKnm7RuzeNn,3
2775,spotify:artist:3drpM2KT4ZPS6Iusn4BUOY,spotify:artist:0T64jSsNTBy9Hg7ESia56D,3
2776,spotify:artist:3drpM2KT4ZPS6Iusn4BUOY,spotify:artist:4m2iq2WEoxSFvOZd130HIQ,3
2777,spotify:artist:3drpM2KT4ZPS6Iusn4BUOY,spotify:artist:2Ynst7DZrEJnlaMM41ZCxd,3
2778,spotify:artist:3drpM2KT4ZPS6Iusn4BUOY,spotify:artist:5PmcAlEJOb2yE03GzXgXF4,3
2779,spotify:artist:3drpM2KT4ZPS6Iusn4BUOY,spotify:artist:2TQU7rRFno0VVx1d4pevd9,3
2780,spotify:artist:02TVzdrw3UJqIBTo2Rp2sR,spotify:artist:7c9qP8ZMGFTZKCqJphxQX2,3
2781,spotify:artist:02TVzdrw3UJqIBTo2Rp2sR,spotify:artist:0lTzPzaJID2ijKztXSkWfH,3
2782,spotify:artist:02TVzdrw3UJqIBTo2Rp2sR,spotify:artist:0hmHLCGFE0UcxBgr3rLaoi,3
2783,spotify:artist:02TVzdrw3UJqIBTo2Rp2sR,spotify:artist:63sO5Q3yMhnwKnm7RuzeNn,3
2784,spotify:artist:02TVzdrw3UJqIBTo2Rp2sR,spotify:artist:3ytMiTBG7TnAOsA3Ql7eAs,3
2785,spotify:artist:02TVzdrw3UJqIBTo2Rp2sR,spotify:artist:7hA1LNd4lisPMV7RLmxvg7,3
2786,spotify:artist:02TVzdrw3UJqIBTo2Rp2sR,spotify:artist:0T64jSsNTBy9Hg7ESia56D,3
2787,spotify:artist:02TVzdrw3UJqIBTo2Rp2sR,spotify:artist:2uKj5KsQWGyVwsXzpKXeBY,3
2788,spotify:artist:02TVzdrw3UJqIBTo2Rp2sR,spotify:artist:6lWRTt7KIsFeuwixhbgnTe,3
2789,spotify:artist:02TVzdrw3UJqIBTo2Rp2sR,spotify:artist:3drpM2KT4ZPS6Iusn4BUOY,3
2790,spotify:artist:02TVzdrw3UJqIBTo2Rp2sR,spotify:artist:2vJ1aFdCPa1wYLqrlTvKuY,3
2791,spotify:artist:02TVzdrw3UJqIBTo2Rp2sR,spotify:artist:34SgyDEDqVlahIQRDttgCn,3
2792,spotify:artist:02TVzdrw3UJqIBTo2Rp2sR,spotify:artist:1jr0mAgIhKtTeKTZwk0HjF,3
2793,spotify:artist:02TVzdrw3UJqIBTo2Rp2sR,spotify:artist:1peNOv8TAlb3Lu1IqaNf56,3
2794,spotify:artist:02TVzdrw3UJqIBTo2Rp2sR,spotify:artist:6fhkIAXBjXBaUf4UFjxibI,3
2795,spotify:artist:02TVzdrw3UJqIBTo2Rp2sR,spotify:artist:1ioFubkyRW98rgJuAaQHUV,3
2796,spotify:artist:02TVzdrw3UJqIBTo2Rp2sR,spotify:artist:4m2iq2WEoxSFvOZd130HIQ,3
2797,spotify:artist:02TVzdrw3UJqIBTo2Rp2sR,spotify:artist:2jbPowmJ5OQ9c4HxLjLkZZ,3
2798,spotify:artist:02TVzdrw3UJqIBTo2Rp2sR,spotify:artist:4zgn0gvu50QzZuA9gIdSke,3
2799,spotify:artist:02TVzdrw3UJqIBTo2Rp2sR,spotify:artist:5bj2pIzyYR99GUinn9fKAN,3
2800,spotify:artist:7gRmesSjINzb4xXApfMV5E,spotify:artist:7LP4hiTAVkw3Rtc1hqtLi4,3
2801,spotify:artist:7gRmesSjINzb4xXApfMV5E,spotify:artist:54w1dJI7MTjkRGNfGuu2fc,3
2802,spotify:artist:7gRmesSjINzb4xXApfMV5E,spotify:artist:3RjnAn8EWb7zaLlGWVxQeP,3
2803,spotify:artist:7gRmesSjINzb4xXApfMV5E,spotify:artist:5orH1OWgjAYUX8sZ5gihTv,3
2804,spotify:artist:7gRmesSjINzb4xXApfMV5E,spotify:artist:44h2oaMjofGcXfryCCVzhV,3
2805,spotify:artist:7gRmesSjINzb4xXApfMV5E,spotify:artist:2AEEnr6Le5zHzBwpnlZSmq,3
2806,spotify:artist:7gRmesSjINzb4xXApfMV5E,spotify:artist:7rZNSLWMjTbwdLNskFbzFf,3
2807,spotify:artist:7gRmesSjINzb4xXApfMV5E,spotify:artist:68zLhVJ5jy0fK36sV8XPPg,3
2808,spotify:artist:7gRmesSjINzb4xXApfMV5E,spotify:artist:60vX3zLcdKRXvKLITVh5Df,3
2809,spotify:artist:7gRmesSjINzb4xXApfMV5E,spotify:artist:2sYo32743hdTlnnpHKfKOI,3
2810,spotify:artist:7gRmesSjINzb4xXApfMV5E,spotify:artist:6htUPs3clIStnkvg5jimKZ,3
2811,spotify:artist:7gRmesSjINzb4xXApfMV5E,spotify:artist:2vJU4d2jRQb4zJJIQRkyDB,3
2812,spotify:artist:7gRmesSjINzb4xXApfMV5E,spotify:artist:3fWTpVNnrGmdo0jMbsRsRf,3
2813,spotify:artist:7gRmesSjINzb4xXApfMV5E,spotify:artist:1kMfh3vEY0iWX9SDVjvdsd,3
2814,spotify:artist:7gRmesSjINzb4xXApfMV5E,spotify:artist:12EtLdLfJ41vUOoVzPZIUy,3
2815,spotify:artist:7gRmesSjINzb4xXApfMV5E,spotify:artist:6XCS9JCn56Q252cMOTbeq6,3
2816,spotify:artist:7gRmesSjINzb4xXApfMV5E,spotify:artist:7edpqbQnGU6YySpab5ItAU,3
2817,spotify:artist:7gRmesSjINzb4xXApfMV5E,spotify:artist:7L12TqJ0fbwtFljTbwfwRI,3
2818,spotify:artist:7gRmesSjINzb4xXApfMV5E,spotify:artist:6JMHws5haIO6V35YNYDnDw,3
2819,spotify:artist:7gRmesSjINzb4xXApfMV5E,spotify:artist:6RxvPZHJL1V9kWWvzM0APg,3
2820,spotify:artist:7LP4hiTAVkw3Rtc1hqtLi4,spotify:artist:7gRmesSjINzb4xXApfMV5E,3
2821,spotify:artist:7LP4hiTAVkw3Rtc1hqtLi4,spotify:artist:3RjnAn8EWb7zaLlGWVxQeP,3
2822,spotify:artist:7LP4hiTAVkw3Rtc1hqtLi4,spotify:artist:44h2oaMjofGcXfryCCVzhV,3
2823,spotify:artist:7LP4hiTAVkw3Rtc1hqtLi4,spotify:artist:12EtLdLfJ41vUOoVzPZIUy,3
2824,spotify:artist:7LP4hiTAVkw3Rtc1hqtLi4,spotify:artist:7rZNSLWMjTbwdLNskFbzFf,3
2825,spotify:artist:7LP4hiTAVkw3Rtc1hqtLi4,spotify:artist:5orH1OWgjAYUX8sZ5gihTv,3
2826,spotify:artist:7LP4hiTAVkw3Rtc1hqtLi4,spotify:artist:54w1dJI7MTjkRGNfGuu2fc,3
2827,spotify:artist:7LP4hiTAVkw3Rtc1hqtLi4,spotify:artist:60vX3zLcdKRXvKLITVh5Df,3
2828,spotify:artist:7LP4hiTAVkw3Rtc1hqtLi4,spotify:artist:316rXhFeKF0yLRzn02tz5P,3
2829,spotify:artist:7LP4hiTAVkw3Rtc1hqtLi4,spotify:artist:2AEEnr6Le5zHzBwpnlZSmq,3
2830,spotify:artist:7LP4hiTAVkw3Rtc1hqtLi4,spotify:artist:6htUPs3clIStnkvg5jimKZ,3
2831,spotify:artist:7LP4hiTAVkw3Rtc1hqtLi4,spotify:artist:2sYo32743hdTlnnpHKfKOI,3
2832,spotify:artist:7LP4hiTAVkw3Rtc1hqtLi4,spotify:artist:3fWTpVNnrGmdo0jMbsRsRf,3
2833,spotify:artist:7LP4hiTAVkw3Rtc1hqtLi4,spotify:artist:68zLhVJ5jy0fK36sV8XPPg,3
2834,spotify:artist:7LP4hiTAVkw3Rtc1hqtLi4,spotify:artist:7edpqbQnGU6YySpab5ItAU,3
2835,spotify:artist:7LP4hiTAVkw3Rtc1hqtLi4,spotify:artist:6XCS9JCn56Q252cMOTbeq6,3
2836,spotify:artist:7LP4hiTAVkw3Rtc1hqtLi4,spotify:artist:17UkABEasVRlCcIFZ3wHb7,3
2837,spotify:artist:7LP4hiTAVkw3Rtc1hqtLi4,spotify:artist:1kMfh3vEY0iWX9SDVjvdsd,3
2838,spotify:artist:7LP4hiTAVkw3Rtc1hqtLi4,spotify:artist:7L12TqJ0fbwtFljTbwfwRI,3
2839,spotify:artist:7LP4hiTAVkw3Rtc1hqtLi4,spotify:artist:6JMHws5haIO6V35YNYDnDw,3
2840,spotify:artist:44h2oaMjofGcXfryCCVzhV,spotify:artist:2sYo32743hdTlnnpHKfKOI,3
2841,spotify:artist:44h2oaMjofGcXfryCCVzhV,spotify:artist:3RjnAn8EWb7zaLlGWVxQeP,3
2842,spotify:artist:44h2oaMjofGcXfryCCVzhV,spotify:artist:7gRmesSjINzb4xXApfMV5E,3
2843,spotify:artist:44h2oaMjofGcXfryCCVzhV,spotify:artist:68zLhVJ5jy0fK36sV8XPPg,3
2844,spotify:artist:44h2oaMjofGcXfryCCVzhV,spotify:artist:7LP4hiTAVkw3Rtc1hqtLi4,3
2845,spotify:artist:44h2oaMjofGcXfryCCVzhV,spotify:artist:6htUPs3clIStnkvg5jimKZ,3
2846,spotify:artist:44h2oaMjofGcXfryCCVzhV,spotify:artist:316rXhFeKF0yLRzn02tz5P,3
2847,spotify:artist:44h2oaMjofGcXfryCCVzhV,spotify:artist:54w1dJI7MTjkRGNfGuu2fc,3
2848,spotify:artist:44h2oaMjofGcXfryCCVzhV,spotify:artist:7kAuHEXKfRtGrB37YgOJe0,3
2849,spotify:artist:44h2oaMjofGcXfryCCVzhV,spotify:artist:2AEEnr6Le5zHzBwpnlZSmq,3
2850,spotify:artist:44h2oaMjofGcXfryCCVzhV,spotify:artist:1kMfh3vEY0iWX9SDVjvdsd,3
2851,spotify:artist:44h2oaMjofGcXfryCCVzhV,spotify:artist:5orH1OWgjAYUX8sZ5gihTv,3
2852,spotify:artist:44h2oaMjofGcXfryCCVzhV,spotify:artist:17UkABEasVRlCcIFZ3wHb7,3
2853,spotify:artist:44h2oaMjofGcXfryCCVzhV,spotify:artist:1NU0ZObN8L7r6QfAn6Rk26,3
2854,spotify:artist:44h2oaMjofGcXfryCCVzhV,spotify:artist:6RxvPZHJL1V9kWWvzM0APg,3
2855,spotify:artist:44h2oaMjofGcXfryCCVzhV,spotify:artist:7rZNSLWMjTbwdLNskFbzFf,3
2856,spotify:artist:44h2oaMjofGcXfryCCVzhV,spotify:artist:3SMVDdvFWAG9nMF3A2Nysw,3
2857,spotify:artist:44h2oaMjofGcXfryCCVzhV,spotify:artist:2L5veEIBHLt3J7clUe8pH4,3
2858,spotify:artist:44h2oaMjofGcXfryCCVzhV,spotify:artist:6JMHws5haIO6V35YNYDnDw,3
2859,spotify:artist:44h2oaMjofGcXfryCCVzhV,spotify:artist:6XCS9JCn56Q252cMOTbeq6,3
2860,spotify:artist:5orH1OWgjAYUX8sZ5gihTv,spotify:artist:2AEEnr6Le5zHzBwpnlZSmq,3
2861,spotify:artist:5orH1OWgjAYUX8sZ5gihTv,spotify:artist:54w1dJI7MTjkRGNfGuu2fc,3
2862,spotify:artist:5orH1OWgjAYUX8sZ5gihTv,spotify:artist:2vJU4d2jRQb4zJJIQRkyDB,3
2863,spotify:artist:5orH1OWgjAYUX8sZ5gihTv,spotify:artist:7gRmesSjINzb4xXApfMV5E,3
2864,spotify:artist:5orH1OWgjAYUX8sZ5gihTv,spotify:artist:60vX3zLcdKRXvKLITVh5Df,3
2865,spotify:artist:5orH1OWgjAYUX8sZ5gihTv,spotify:artist:3RjnAn8EWb7zaLlGWVxQeP,3
2866,spotify:artist:5orH1OWgjAYUX8sZ5gihTv,spotify:artist:7LP4hiTAVkw3Rtc1hqtLi4,3
2867,spotify:artist:5orH1OWgjAYUX8sZ5gihTv,spotify:artist:7rZNSLWMjTbwdLNskFbzFf,3
2868,spotify:artist:5orH1OWgjAYUX8sZ5gihTv,spotify:artist:0uq5PttqEjj3IH1bzwcrXF,3
2869,spotify:artist:5orH1OWgjAYUX8sZ5gihTv,spotify:artist:5TDVKqW9uhqGjwwwKGuma4,3
2870,spotify:artist:5orH1OWgjAYUX8sZ5gihTv,spotify:artist:17UkABEasVRlCcIFZ3wHb7,3
2871,spotify:artist:5orH1OWgjAYUX8sZ5gihTv,spotify:artist:12EtLdLfJ41vUOoVzPZIUy,3
2872,spotify:artist:5orH1OWgjAYUX8sZ5gihTv,spotify:artist:44h2oaMjofGcXfryCCVzhV,3
2873,spotify:artist:5orH1OWgjAYUX8sZ5gihTv,spotify:artist:6JMHws5haIO6V35YNYDnDw,3
2874,spotify:artist:5orH1OWgjAYUX8sZ5gihTv,spotify:artist:6htUPs3clIStnkvg5jimKZ,3
2875,spotify:artist:5orH1OWgjAYUX8sZ5gihTv,spotify:artist:1kMfh3vEY0iWX9SDVjvdsd,3
2876,spotify:artist:5orH1OWgjAYUX8sZ5gihTv,spotify:artist:316rXhFeKF0yLRzn02tz5P,3
2877,spotify:artist:5orH1OWgjAYUX8sZ5gihTv,spotify:artist:7L12TqJ0fbwtFljTbwfwRI,3
2878,spotify:artist:5orH1OWgjAYUX8sZ5gihTv,spotify:artist:3fWTpVNnrGmdo0jMbsRsRf,3
2879,spotify:artist:5orH1OWgjAYUX8sZ5gihTv,spotify:artist:1kM5rgJvkiDMOoKX56H6pX,3
2880,spotify:artist:2AEEnr6Le5zHzBwpnlZSmq,spotify:artist:2vJU4d2jRQb4zJJIQRkyDB,3
2881,spotify:artist:2AEEnr6Le5zHzBwpnlZSmq,spotify:artist:54w1dJI7MTjkRGNfGuu2fc,3
2882,spotify:artist:2AEEnr6Le5zHzBwpnlZSmq,spotify:artist:60vX3zLcdKRXvKLITVh5Df,3
2883,spotify:artist:2AEEnr6Le5zHzBwpnlZSmq,spotify:artist:5orH1OWgjAYUX8sZ5gihTv,3
2884,spotify:artist:2AEEnr6Le5zHzBwpnlZSmq,spotify:artist:2YoYDF80se1baOnPA7T6Pm,3
2885,spotify:artist:2AEEnr6Le5zHzBwpnlZSmq,spotify:artist:3RjnAn8EWb7zaLlGWVxQeP,3
2886,spotify:artist:2AEEnr6Le5zHzBwpnlZSmq,spotify:artist:1kMfh3vEY0iWX9SDVjvdsd,3
2887,spotify:artist:2AEEnr6Le5zHzBwpnlZSmq,spotify:artist:7LP4hiTAVkw3Rtc1hqtLi4,3
2888,spotify:artist:2AEEnr6Le5zHzBwpnlZSmq,spotify:artist:12EtLdLfJ41vUOoVzPZIUy,3
2889,spotify:artist:2AEEnr6Le5zHzBwpnlZSmq,spotify:artist:7gRmesSjINzb4xXApfMV5E,3
2890,spotify:artist:2AEEnr6Le5zHzBwpnlZSmq,spotify:artist:3fWTpVNnrGmdo0jMbsRsRf,3
2891,spotify:artist:2AEEnr6Le5zHzBwpnlZSmq,spotify:artist:5TDVKqW9uhqGjwwwKGuma4,3
2892,spotify:artist:2AEEnr6Le5zHzBwpnlZSmq,spotify:artist:44h2oaMjofGcXfryCCVzhV,3
2893,spotify:artist:2AEEnr6Le5zHzBwpnlZSmq,spotify:artist:7rZNSLWMjTbwdLNskFbzFf,3
2894,spotify:artist:2AEEnr6Le5zHzBwpnlZSmq,spotify:artist:6htUPs3clIStnkvg5jimKZ,3
2895,spotify:artist:2AEEnr6Le5zHzBwpnlZSmq,spotify:artist:2cBh5lVMg222FFuRU7EfDE,3
2896,spotify:artist:2AEEnr6Le5zHzBwpnlZSmq,spotify:artist:17UkABEasVRlCcIFZ3wHb7,3
2897,spotify:artist:2AEEnr6Le5zHzBwpnlZSmq,spotify:artist:6JMHws5haIO6V35YNYDnDw,3
2898,spotify:artist:2AEEnr6Le5zHzBwpnlZSmq,spotify:artist:6XCS9JCn56Q252cMOTbeq6,3
2899,spotify:artist:2AEEnr6Le5zHzBwpnlZSmq,spotify:artist:0uq5PttqEjj3IH1bzwcrXF,3
2900,spotify:artist:3RjnAn8EWb7zaLlGWVxQeP,spotify:artist:7LP4hiTAVkw3Rtc1hqtLi4,3
2901,spotify:artist:3RjnAn8EWb7zaLlGWVxQeP,spotify:artist:6htUPs3clIStnkvg5jimKZ,3
2902,spotify:artist:3RjnAn8EWb7zaLlGWVxQeP,spotify:artist:2vJU4d2jRQb4zJJIQRkyDB,3
2903,spotify:artist:3RjnAn8EWb7zaLlGWVxQeP,spotify:artist:7L12TqJ0fbwtFljTbwfwRI,3
2904,spotify:artist:3RjnAn8EWb7zaLlGWVxQeP,spotify:artist:2AEEnr6Le5zHzBwpnlZSmq,3
2905,spotify:artist:3RjnAn8EWb7zaLlGWVxQeP,spotify:artist:7gRmesSjINzb4xXApfMV5E,3
2906,spotify:artist:3RjnAn8EWb7zaLlGWVxQeP,spotify:artist:44h2oaMjofGcXfryCCVzhV,3
2907,spotify:artist:3RjnAn8EWb7zaLlGWVxQeP,spotify:artist:6JMHws5haIO6V35YNYDnDw,3
2908,spotify:artist:3RjnAn8EWb7zaLlGWVxQeP,spotify:artist:1kMfh3vEY0iWX9SDVjvdsd,3
2909,spotify:artist:3RjnAn8EWb7zaLlGWVxQeP,spotify:artist:54w1dJI7MTjkRGNfGuu2fc,3
2910,spotify:artist:3RjnAn8EWb7zaLlGWVxQeP,spotify:artist:6RxvPZHJL1V9kWWvzM0APg,3
2911,spotify:artist:3RjnAn8EWb7zaLlGWVxQeP,spotify:artist:7rZNSLWMjTbwdLNskFbzFf,3
2912,spotify:artist:3RjnAn8EWb7zaLlGWVxQeP,spotify:artist:1kM5rgJvkiDMOoKX56H6pX,3
2913,spotify:artist:3RjnAn8EWb7zaLlGWVxQeP,spotify:artist:6u7Xu6msBBuSXGyl60BuQF,3
2914,spotify:artist:3RjnAn8EWb7zaLlGWVxQeP,spotify:artist:17UkABEasVRlCcIFZ3wHb7,3
2915,spotify:artist:3RjnAn8EWb7zaLlGWVxQeP,spotify:artist:5orH1OWgjAYUX8sZ5gihTv,3
2916,spotify:artist:3RjnAn8EWb7zaLlGWVxQeP,spotify:artist:3Ps27dDfvubd75rh5A0wz9,3
2917,spotify:artist:3RjnAn8EWb7zaLlGWVxQeP,spotify:artist:7mu52yh5bBhhJOyVndAEZW,3
2918,spotify:artist:3RjnAn8EWb7zaLlGWVxQeP,spotify:artist:27ul3mOdPyXZEtI17EjCWa,3
2919,spotify:artist:3RjnAn8EWb7zaLlGWVxQeP,spotify:artist:72eP0W3rIhkxd0NHGg4w4u,3
2920,spotify:artist:60vX3zLcdKRXvKLITVh5Df,spotify:artist:2AEEnr6Le5zHzBwpnlZSmq,3
2921,spotify:artist:60vX3zLcdKRXvKLITVh5Df,spotify:artist:7rZNSLWMjTbwdLNskFbzFf,3
2922,spotify:artist:60vX3zLcdKRXvKLITVh5Df,spotify:artist:5orH1OWgjAYUX8sZ5gihTv,3
2923,spotify:artist:60vX3zLcdKRXvKLITVh5Df,spotify:artist:54w1dJI7MTjkRGNfGuu2fc,3
2924,spotify:artist:60vX3zLcdKRXvKLITVh5Df,spotify:artist:2vJU4d2jRQb4zJJIQRkyDB,3
2925,spotify:artist:60vX3zLcdKRXvKLITVh5Df,spotify:artist:7gRmesSjINzb4xXApfMV5E,3
2926,spotify:artist:60vX3zLcdKRXvKLITVh5Df,spotify:artist:7LP4hiTAVkw3Rtc1hqtLi4,3
2927,spotify:artist:60vX3zLcdKRXvKLITVh5Df,spotify:artist:12EtLdLfJ41vUOoVzPZIUy,3
2928,spotify:artist:60vX3zLcdKRXvKLITVh5Df,spotify:artist:0uq5PttqEjj3IH1bzwcrXF,3
2929,spotify:artist:60vX3zLcdKRXvKLITVh5Df,spotify:artist:5TDVKqW9uhqGjwwwKGuma4,3
2930,spotify:artist:60vX3zLcdKRXvKLITVh5Df,spotify:artist:3RjnAn8EWb7zaLlGWVxQeP,3
2931,spotify:artist:60vX3zLcdKRXvKLITVh5Df,spotify:artist:3fWTpVNnrGmdo0jMbsRsRf,3
2932,spotify:artist:60vX3zLcdKRXvKLITVh5Df,spotify:artist:0dlOr0VIysztGWvU1dpjmP,3
2933,spotify:artist:60vX3zLcdKRXvKLITVh5Df,spotify:artist:6JMHws5haIO6V35YNYDnDw,3
2934,spotify:artist:60vX3zLcdKRXvKLITVh5Df,spotify:artist:6XCS9JCn56Q252cMOTbeq6,3
2935,spotify:artist:60vX3zLcdKRXvKLITVh5Df,spotify:artist:7L12TqJ0fbwtFljTbwfwRI,3
2936,spotify:artist:60vX3zLcdKRXvKLITVh5Df,spotify:artist:2U6gqwyl9F33YxawnFrZG7,3
2937,spotify:artist:60vX3zLcdKRXvKLITVh5Df,spotify:artist:17UkABEasVRlCcIFZ3wHb7,3
2938,spotify:artist:60vX3zLcdKRXvKLITVh5Df,spotify:artist:6htUPs3clIStnkvg5jimKZ,3
2939,spotify:artist:60vX3zLcdKRXvKLITVh5Df,spotify:artist:15qI5w4XJFLRMwOp2VrlD5,3
2940,spotify:artist:54w1dJI7MTjkRGNfGuu2fc,spotify:artist:2vJU4d2jRQb4zJJIQRkyDB,3
2941,spotify:artist:54w1dJI7MTjkRGNfGuu2fc,spotify:artist:2AEEnr6Le5zHzBwpnlZSmq,3
2942,spotify:artist:54w1dJI7MTjkRGNfGuu2fc,spotify:artist:5orH1OWgjAYUX8sZ5gihTv,3
2943,spotify:artist:54w1dJI7MTjkRGNfGuu2fc,spotify:artist:7gRmesSjINzb4xXApfMV5E,3
2944,spotify:artist:54w1dJI7MTjkRGNfGuu2fc,spotify:artist:3RjnAn8EWb7zaLlGWVxQeP,3
2945,spotify:artist:54w1dJI7MTjkRGNfGuu2fc,spotify:artist:60vX3zLcdKRXvKLITVh5Df,3
2946,spotify:artist:54w1dJI7MTjkRGNfGuu2fc,spotify:artist:7rZNSLWMjTbwdLNskFbzFf,3
2947,spotify:artist:54w1dJI7MTjkRGNfGuu2fc,spotify:artist:7LP4hiTAVkw3Rtc1hqtLi4,3
2948,spotify:artist:54w1dJI7MTjkRGNfGuu2fc,spotify:artist:44h2oaMjofGcXfryCCVzhV,3
2949,spotify:artist:54w1dJI7MTjkRGNfGuu2fc,spotify:artist:3fWTpVNnrGmdo0jMbsRsRf,3
2950,spotify:artist:54w1dJI7MTjkRGNfGuu2fc,spotify:artist:12EtLdLfJ41vUOoVzPZIUy,3
2951,spotify:artist:54w1dJI7MTjkRGNfGuu2fc,spotify:artist:1g5PorBgjWrL60NdotRE6Q,3
2952,spotify:artist:54w1dJI7MTjkRGNfGuu2fc,spotify:artist:6htUPs3clIStnkvg5jimKZ,3
2953,spotify:artist:54w1dJI7MTjkRGNfGuu2fc,spotify:artist:0uq5PttqEjj3IH1bzwcrXF,3
2954,spotify:artist:54w1dJI7MTjkRGNfGuu2fc,spotify:artist:5TDVKqW9uhqGjwwwKGuma4,3
2955,spotify:artist:54w1dJI7MTjkRGNfGuu2fc,spotify:artist:2YoYDF80se1baOnPA7T6Pm,3
2956,spotify:artist:54w1dJI7MTjkRGNfGuu2fc,spotify:artist:6JMHws5haIO6V35YNYDnDw,3
2957,spotify:artist:54w1dJI7MTjkRGNfGuu2fc,spotify:artist:4LUOGNccPSilRIm4Jcflg2,3
2958,spotify:artist:54w1dJI7MTjkRGNfGuu2fc,spotify:artist:17UkABEasVRlCcIFZ3wHb7,3
2959,spotify:artist:54w1dJI7MTjkRGNfGuu2fc,spotify:artist:7L12TqJ0fbwtFljTbwfwRI,3
2960,spotify:artist:6htUPs3clIStnkvg5jimKZ,spotify:artist:316rXhFeKF0yLRzn02tz5P,3
2961,spotify:artist:6htUPs3clIStnkvg5jimKZ,spotify:artist:1kMfh3vEY0iWX9SDVjvdsd,3
2962,spotify:artist:6htUPs3clIStnkvg5jimKZ,spotify:artist:3RjnAn8EWb7zaLlGWVxQeP,3
2963,spotify:artist:6htUPs3clIStnkvg5jimKZ,spotify:artist:2sYo32743hdTlnnpHKfKOI,3
2964,spotify:artist:6htUPs3clIStnkvg5jimKZ,spotify:artist:6RxvPZHJL1V9kWWvzM0APg,3
2965,spotify:artist:6htUPs3clIStnkvg5jimKZ,spotify:artist:44h2oaMjofGcXfryCCVzhV,3
2966,spotify:artist:6htUPs3clIStnkvg5jimKZ,spotify:artist:17UkABEasVRlCcIFZ3wHb7,3
2967,spotify:artist:6htUPs3clIStnkvg5jimKZ,spotify:artist:3Ps27dDfvubd75rh5A0wz9,3
2968,spotify:artist:6htUPs3clIStnkvg5jimKZ,spotify:artist:7gRmesSjINzb4xXApfMV5E,3
2969,spotify:artist:6htUPs3clIStnkvg5jimKZ,spotify:artist:7LP4hiTAVkw3Rtc1hqtLi4,3
2970,spotify:artist:6htUPs3clIStnkvg5jimKZ,spotify:artist:7L12TqJ0fbwtFljTbwfwRI,3
2971,spotify:artist:6htUPs3clIStnkvg5jimKZ,spotify:artist:7kAuHEXKfRtGrB37YgOJe0,3
2972,spotify:artist:6htUPs3clIStnkvg5jimKZ,spotify:artist:7rZNSLWMjTbwdLNskFbzFf,3
2973,spotify:artist:6htUPs3clIStnkvg5jimKZ,spotify:artist:6JMHws5haIO6V35YNYDnDw,3
2974,spotify:artist:6htUPs3clIStnkvg5jimKZ,spotify:artist:68zLhVJ5jy0fK36sV8XPPg,3
2975,spotify:artist:6htUPs3clIStnkvg5jimKZ,spotify:artist:3SMVDdvFWAG9nMF3A2Nysw,3
2976,spotify:artist:6htUPs3clIStnkvg5jimKZ,spotify:artist:5orH1OWgjAYUX8sZ5gihTv,3
2977,spotify:artist:6htUPs3clIStnkvg5jimKZ,spotify:artist:54w1dJI7MTjkRGNfGuu2fc,3
2978,spotify:artist:6htUPs3clIStnkvg5jimKZ,spotify:artist:1kM5rgJvkiDMOoKX56H6pX,3
2979,spotify:artist:6htUPs3clIStnkvg5jimKZ,spotify:artist:55lBhGBhCmUzgSJzv2aubP,3
2980,spotify:artist:17UkABEasVRlCcIFZ3wHb7,spotify:artist:3RjnAn8EWb7zaLlGWVxQeP,3
2981,spotify:artist:17UkABEasVRlCcIFZ3wHb7,spotify:artist:316rXhFeKF0yLRzn02tz5P,3
2982,spotify:artist:17UkABEasVRlCcIFZ3wHb7,spotify:artist:1kMfh3vEY0iWX9SDVjvdsd,3
2983,spotify:artist:17UkABEasVRlCcIFZ3wHb7,spotify:artist:6JMHws5haIO6V35YNYDnDw,3
2984,spotify:artist:17UkABEasVRlCcIFZ3wHb7,spotify:artist:1kM5rgJvkiDMOoKX56H6pX,3
2985,spotify:artist:17UkABEasVRlCcIFZ3wHb7,spotify:artist:7L12TqJ0fbwtFljTbwfwRI,3
2986,spotify:artist:17UkABEasVRlCcIFZ3wHb7,spotify:artist:6htUPs3clIStnkvg5jimKZ,3
2987,spotify:artist:17UkABEasVRlCcIFZ3wHb7,spotify:artist:2sYo32743hdTlnnpHKfKOI,3
2988,spotify:artist:17UkABEasVRlCcIFZ3wHb7,spotify:artist:7rZNSLWMjTbwdLNskFbzFf,3
2989,spotify:artist:17UkABEasVRlCcIFZ3wHb7,spotify:artist:72eP0W3rIhkxd0NHGg4w4u,3
2990,spotify:artist:17UkABEasVRlCcIFZ3wHb7,spotify:artist:12EtLdLfJ41vUOoVzPZIUy,3
2991,spotify:artist:17UkABEasVRlCcIFZ3wHb7,spotify:artist:5orH1OWgjAYUX8sZ5gihTv,3
2992,spotify:artist:17UkABEasVRlCcIFZ3wHb7,spotify:artist:7LP4hiTAVkw3Rtc1hqtLi4,3
2993,spotify:artist:17UkABEasVRlCcIFZ3wHb7,spotify:artist:6RxvPZHJL1V9kWWvzM0APg,3
2994,spotify:artist:17UkABEasVRlCcIFZ3wHb7,spotify:artist:2AEEnr6Le5zHzBwpnlZSmq,3
2995,spotify:artist:17UkABEasVRlCcIFZ3wHb7,spotify:artist:6rEzedK7cKWjeQWdAYvWVG,3
2996,spotify:artist:17UkABEasVRlCcIFZ3wHb7,spotify:artist:27ul3mOdPyXZEtI17EjCWa,3
2997,spotify:artist:17UkABEasVRlCcIFZ3wHb7,spotify:artist:3H7pODXycF821OnRyAw2VT,3
2998,spotify:artist:17UkABEasVRlCcIFZ3wHb7,spotify:artist:5lPsVvHVDr6R5mDxRUXdOs,3
2999,spotify:artist:17UkABEasVRlCcIFZ3wHb7,spotify:artist:2U6gqwyl9F33YxawnFrZG7,3
3000,spotify:artist:2cBh5lVMg222FFuRU7EfDE,spotify:artist:2AEEnr6Le5zHzBwpnlZSmq,3
3001,spotify:artist:2cBh5lVMg222FFuRU7EfDE,spotify:artist:7zt6Af78CalxaPDqORfw8L,3
3002,spotify:artist:2cBh5lVMg222FFuRU7EfDE,spotify:artist:7LP4hiTAVkw3Rtc1hqtLi4,3
3003,spotify:artist:2cBh5lVMg222FFuRU7EfDE,spotify:artist:5orH1OWgjAYUX8sZ5gihTv,3
3004,spotify:artist:2cBh5lVMg222FFuRU7EfDE,spotify:artist:12EtLdLfJ41vUOoVzPZIUy,3
3005,spotify:artist:2cBh5lVMg222FFuRU7EfDE,spotify:artist:6XCS9JCn56Q252cMOTbeq6,3
3006,spotify:artist:2cBh5lVMg222FFuRU7EfDE,spotify:artist:7gRmesSjINzb4xXApfMV5E,3
3007,spotify:artist:2cBh5lVMg222FFuRU7EfDE,spotify:artist:60vX3zLcdKRXvKLITVh5Df,3
3008,spotify:artist:2cBh5lVMg222FFuRU7EfDE,spotify:artist:7rZNSLWMjTbwdLNskFbzFf,3
3009,spotify:artist:2cBh5lVMg222FFuRU7EfDE,spotify:artist:5TDVKqW9uhqGjwwwKGuma4,3
3010,spotify:artist:2cBh5lVMg222FFuRU7EfDE,spotify:artist:48I6TLnfZjyLXTqBtQvhgZ,3
3011,spotify:artist:2cBh5lVMg222FFuRU7EfDE,spotify:artist:4RVnAU35WRWra6OZ3CbbMA,3
3012,spotify:artist:2cBh5lVMg222FFuRU7EfDE,spotify:artist:3RjnAn8EWb7zaLlGWVxQeP,3
3013,spotify:artist:2cBh5lVMg222FFuRU7EfDE,spotify:artist:6htUPs3clIStnkvg5jimKZ,3
3014,spotify:artist:2cBh5lVMg222FFuRU7EfDE,spotify:artist:0MoXIHcFwhIWnFgBfdvQ30,3
3015,spotify:artist:2cBh5lVMg222FFuRU7EfDE,spotify:artist:2U6gqwyl9F33YxawnFrZG7,3
3016,spotify:artist:2cBh5lVMg222FFuRU7EfDE,spotify:artist:49H2dQUNhIlso7VNkS8nFR,3
3017,spotify:artist:2cBh5lVMg222FFuRU7EfDE,spotify:artist:17UkABEasVRlCcIFZ3wHb7,3
3018,spotify:artist:2cBh5lVMg222FFuRU7EfDE,spotify:artist:3fWTpVNnrGmdo0jMbsRsRf,3
3019,spotify:artist:2cBh5lVMg222FFuRU7EfDE,spotify:artist:0dlOr0VIysztGWvU1dpjmP,3
3020,spotify:artist:3fWTpVNnrGmdo0jMbsRsRf,spotify:artist:12EtLdLfJ41vUOoVzPZIUy,3
3021,spotify:artist:3fWTpVNnrGmdo0jMbsRsRf,spotify:artist:1iAIMKbNptAohP5KbxuGR0,3
3022,spotify:artist:3fWTpVNnrGmdo0jMbsRsRf,spotify:artist:5jLwURKdEPDvuYnac74s9c,3
3023,spotify:artist:3fWTpVNnrGmdo0jMbsRsRf,spotify:artist:48I6TLnfZjyLXTqBtQvhgZ,3
3024,spotify:artist:3fWTpVNnrGmdo0jMbsRsRf,spotify:artist:15qI5w4XJFLRMwOp2VrlD5,3
3025,spotify:artist:3fWTpVNnrGmdo0jMbsRsRf,spotify:artist:7LP4hiTAVkw3Rtc1hqtLi4,3
3026,spotify:artist:3fWTpVNnrGmdo0jMbsRsRf,spotify:artist:7gRmesSjINzb4xXApfMV5E,3
3027,spotify:artist:3fWTpVNnrGmdo0jMbsRsRf,spotify:artist:7rZNSLWMjTbwdLNskFbzFf,3
3028,spotify:artist:3fWTpVNnrGmdo0jMbsRsRf,spotify:artist:54w1dJI7MTjkRGNfGuu2fc,3
3029,spotify:artist:3fWTpVNnrGmdo0jMbsRsRf,spotify:artist:37mtx80nMDETlbsq2eFCzc,3
3030,spotify:artist:3fWTpVNnrGmdo0jMbsRsRf,spotify:artist:1g5PorBgjWrL60NdotRE6Q,3
3031,spotify:artist:3fWTpVNnrGmdo0jMbsRsRf,spotify:artist:3y0bEcp7VJdtbEnm5ljiuj,3
3032,spotify:artist:3fWTpVNnrGmdo0jMbsRsRf,spotify:artist:60vX3zLcdKRXvKLITVh5Df,3
3033,spotify:artist:3fWTpVNnrGmdo0jMbsRsRf,spotify:artist:7edpqbQnGU6YySpab5ItAU,3
3034,spotify:artist:3fWTpVNnrGmdo0jMbsRsRf,spotify:artist:44h2oaMjofGcXfryCCVzhV,3
3035,spotify:artist:3fWTpVNnrGmdo0jMbsRsRf,spotify:artist:64ztpmb5SbsqgXBMnvZ4dc,3
3036,spotify:artist:3fWTpVNnrGmdo0jMbsRsRf,spotify:artist:3EBRANWwnViQuBrImN61Z1,3
3037,spotify:artist:3fWTpVNnrGmdo0jMbsRsRf,spotify:artist:2AEEnr6Le5zHzBwpnlZSmq,3
3038,spotify:artist:3fWTpVNnrGmdo0jMbsRsRf,spotify:artist:5LmYIx9kSWBJOWbP4xAxb1,3
3039,spotify:artist:3fWTpVNnrGmdo0jMbsRsRf,spotify:artist:47JGkxNqNe2VcvWqxriKMh,3
3040,spotify:artist:12EtLdLfJ41vUOoVzPZIUy,spotify:artist:7rZNSLWMjTbwdLNskFbzFf,3
3041,spotify:artist:12EtLdLfJ41vUOoVzPZIUy,spotify:artist:7LP4hiTAVkw3Rtc1hqtLi4,3
3042,spotify:artist:12EtLdLfJ41vUOoVzPZIUy,spotify:artist:3fWTpVNnrGmdo0jMbsRsRf,3
3043,spotify:artist:12EtLdLfJ41vUOoVzPZIUy,spotify:artist:2AEEnr6Le5zHzBwpnlZSmq,3
3044,spotify:artist:12EtLdLfJ41vUOoVzPZIUy,spotify:artist:15qI5w4XJFLRMwOp2VrlD5,3
3045,spotify:artist:12EtLdLfJ41vUOoVzPZIUy,spotify:artist:60vX3zLcdKRXvKLITVh5Df,3
3046,spotify:artist:12EtLdLfJ41vUOoVzPZIUy,spotify:artist:5orH1OWgjAYUX8sZ5gihTv,3
3047,spotify:artist:12EtLdLfJ41vUOoVzPZIUy,spotify:artist:17UkABEasVRlCcIFZ3wHb7,3
3048,spotify:artist:12EtLdLfJ41vUOoVzPZIUy,spotify:artist:0uq5PttqEjj3IH1bzwcrXF,3
3049,spotify:artist:12EtLdLfJ41vUOoVzPZIUy,spotify:artist:6JMHws5haIO6V35YNYDnDw,3
3050,spotify:artist:12EtLdLfJ41vUOoVzPZIUy,spotify:artist:1kM5rgJvkiDMOoKX56H6pX,3
3051,spotify:artist:12EtLdLfJ41vUOoVzPZIUy,spotify:artist:3RjnAn8EWb7zaLlGWVxQeP,3
3052,spotify:artist:12EtLdLfJ41vUOoVzPZIUy,spotify:artist:5TDVKqW9uhqGjwwwKGuma4,3
3053,spotify:artist:12EtLdLfJ41vUOoVzPZIUy,spotify:artist:5jLwURKdEPDvuYnac74s9c,3
3054,spotify:artist:12EtLdLfJ41vUOoVzPZIUy,spotify:artist:2U6gqwyl9F33YxawnFrZG7,3
3055,spotify:artist:12EtLdLfJ41vUOoVzPZIUy,spotify:artist:7gRmesSjINzb4xXApfMV5E,3
3056,spotify:artist:12EtLdLfJ41vUOoVzPZIUy,spotify:artist:6htUPs3clIStnkvg5jimKZ,3
3057,spotify:artist:12EtLdLfJ41vUOoVzPZIUy,spotify:artist:316rXhFeKF0yLRzn02tz5P,3
3058,spotify:artist:12EtLdLfJ41vUOoVzPZIUy,spotify:artist:48I6TLnfZjyLXTqBtQvhgZ,3
3059,spotify:artist:12EtLdLfJ41vUOoVzPZIUy,spotify:artist:6yZoNdsPrYLviaEOOzbZt8,3
3060,spotify:artist:27ul3mOdPyXZEtI17EjCWa,spotify:artist:6RxvPZHJL1V9kWWvzM0APg,3
3061,spotify:artist:27ul3mOdPyXZEtI17EjCWa,spotify:artist:3Ps27dDfvubd75rh5A0wz9,3
3062,spotify:artist:27ul3mOdPyXZEtI17EjCWa,spotify:artist:3RjnAn8EWb7zaLlGWVxQeP,3
3063,spotify:artist:27ul3mOdPyXZEtI17EjCWa,spotify:artist:1kMfh3vEY0iWX9SDVjvdsd,3
3064,spotify:artist:27ul3mOdPyXZEtI17EjCWa,spotify:artist:2sYo32743hdTlnnpHKfKOI,3
3065,spotify:artist:27ul3mOdPyXZEtI17EjCWa,spotify:artist:17UkABEasVRlCcIFZ3wHb7,3
3066,spotify:artist:27ul3mOdPyXZEtI17EjCWa,spotify:artist:3H7pODXycF821OnRyAw2VT,3
3067,spotify:artist:27ul3mOdPyXZEtI17EjCWa,spotify:artist:7zYGAXxAaq15C9eM29M8Fj,3
3068,spotify:artist:27ul3mOdPyXZEtI17EjCWa,spotify:artist:6htUPs3clIStnkvg5jimKZ,3
3069,spotify:artist:27ul3mOdPyXZEtI17EjCWa,spotify:artist:43lLY3aEg3yQz8sYhyvdn5,3
3070,spotify:artist:27ul3mOdPyXZEtI17EjCWa,spotify:artist:3SMVDdvFWAG9nMF3A2Nysw,3
3071,spotify:artist:27ul3mOdPyXZEtI17EjCWa,spotify:artist:44h2oaMjofGcXfryCCVzhV,3
3072,spotify:artist:27ul3mOdPyXZEtI17EjCWa,spotify:artist:7gRmesSjINzb4xXApfMV5E,3
3073,spotify:artist:27ul3mOdPyXZEtI17EjCWa,spotify:artist:7L12TqJ0fbwtFljTbwfwRI,3
3074,spotify:artist:27ul3mOdPyXZEtI17EjCWa,spotify:artist:316rXhFeKF0yLRzn02tz5P,3
3075,spotify:artist:27ul3mOdPyXZEtI17EjCWa,spotify:artist:095aE5NoWPQE5pOYuNJXJD,3
3076,spotify:artist:27ul3mOdPyXZEtI17EjCWa,spotify:artist:5orH1OWgjAYUX8sZ5gihTv,3
3077,spotify:artist:27ul3mOdPyXZEtI17EjCWa,spotify:artist:6G7PZ5QfWCPDMxTJ48vYwG,3
3078,spotify:artist:27ul3mOdPyXZEtI17EjCWa,spotify:artist:2AEEnr6Le5zHzBwpnlZSmq,3
3079,spotify:artist:27ul3mOdPyXZEtI17EjCWa,spotify:artist:7kAuHEXKfRtGrB37YgOJe0,3
3080,spotify:artist:7zt6Af78CalxaPDqORfw8L,spotify:artist:0MoXIHcFwhIWnFgBfdvQ30,3
3081,spotify:artist:7zt6Af78CalxaPDqORfw8L,spotify:artist:4GLJPBj5Cdr9AgLKvLWM4n,3
3082,spotify:artist:7zt6Af78CalxaPDqORfw8L,spotify:artist:7edpqbQnGU6YySpab5ItAU,3
3083,spotify:artist:7zt6Af78CalxaPDqORfw8L,spotify:artist:2fkmfYw1KeOiDLA6MHDwU8,3
3084,spotify:artist:7zt6Af78CalxaPDqORfw8L,spotify:artist:2cBh5lVMg222FFuRU7EfDE,3
3085,spotify:artist:7zt6Af78CalxaPDqORfw8L,spotify:artist:5BKsn7SCN2XmbF7apdCpRS,3
3086,spotify:artist:7zt6Af78CalxaPDqORfw8L,spotify:artist:5TfnQ0Ai1cEbKY5katFK14,3
3087,spotify:artist:7zt6Af78CalxaPDqORfw8L,spotify:artist:2LXK0SdlBu84dqUshKZcrB,3
3088,spotify:artist:7zt6Af78CalxaPDqORfw8L,spotify:artist:0H0rBbf7vHXO3qh50Wap7y,3
3089,spotify:artist:7zt6Af78CalxaPDqORfw8L,spotify:artist:7LP4hiTAVkw3Rtc1hqtLi4,3
3090,spotify:artist:7zt6Af78CalxaPDqORfw8L,spotify:artist:1iAIMKbNptAohP5KbxuGR0,3
3091,spotify:artist:7zt6Af78CalxaPDqORfw8L,spotify:artist:39ZHUueufhIdbW4yu9uODG,3
3092,spotify:artist:7zt6Af78CalxaPDqORfw8L,spotify:artist:48I6TLnfZjyLXTqBtQvhgZ,3
3093,spotify:artist:7zt6Af78CalxaPDqORfw8L,spotify:artist:25bvQC4jyyFUce6jbzNlwb,3
3094,spotify:artist:7zt6Af78CalxaPDqORfw8L,spotify:artist:6XCS9JCn56Q252cMOTbeq6,3
3095,spotify:artist:7zt6Af78CalxaPDqORfw8L,spotify:artist:0WbqAlM1WvfUD6dF7omThd,3
3096,spotify:artist:7zt6Af78CalxaPDqORfw8L,spotify:artist:3qwabfaWewpfli7hMNM3O8,3
3097,spotify:artist:7zt6Af78CalxaPDqORfw8L,spotify:artist:7gRmesSjINzb4xXApfMV5E,3
3098,spotify:artist:7zt6Af78CalxaPDqORfw8L,spotify:artist:6UE7nl9mha6s8z0wFQFIZ2,3
3099,spotify:artist:7zt6Af78CalxaPDqORfw8L,spotify:artist:3Kt34aALAZu5GUd3WRqsrZ,3
3100,spotify:artist:7edpqbQnGU6YySpab5ItAU,spotify:artist:1g5PorBgjWrL60NdotRE6Q,3
3101,spotify:artist:7edpqbQnGU6YySpab5ItAU,spotify:artist:7rZNSLWMjTbwdLNskFbzFf,3
3102,spotify:artist:7edpqbQnGU6YySpab5ItAU,spotify:artist:7LP4hiTAVkw3Rtc1hqtLi4,3
3103,spotify:artist:7edpqbQnGU6YySpab5ItAU,spotify:artist:7zt6Af78CalxaPDqORfw8L,3
3104,spotify:artist:7edpqbQnGU6YySpab5ItAU,spotify:artist:7gRmesSjINzb4xXApfMV5E,3
3105,spotify:artist:7edpqbQnGU6YySpab5ItAU,spotify:artist:4LUOGNccPSilRIm4Jcflg2,3
3106,spotify:artist:7edpqbQnGU6YySpab5ItAU,spotify:artist:3fWTpVNnrGmdo0jMbsRsRf,3
3107,spotify:artist:7edpqbQnGU6YySpab5ItAU,spotify:artist:12EtLdLfJ41vUOoVzPZIUy,3
3108,spotify:artist:7edpqbQnGU6YySpab5ItAU,spotify:artist:1iAIMKbNptAohP5KbxuGR0,3
3109,spotify:artist:7edpqbQnGU6YySpab5ItAU,spotify:artist:60vX3zLcdKRXvKLITVh5Df,3
3110,spotify:artist:7edpqbQnGU6YySpab5ItAU,spotify:artist:5TDVKqW9uhqGjwwwKGuma4,3
3111,spotify:artist:7edpqbQnGU6YySpab5ItAU,spotify:artist:48I6TLnfZjyLXTqBtQvhgZ,3
3112,spotify:artist:7edpqbQnGU6YySpab5ItAU,spotify:artist:5v2GEv1pQaCp6oeOQROdKE,3
3113,spotify:artist:7edpqbQnGU6YySpab5ItAU,spotify:artist:54w1dJI7MTjkRGNfGuu2fc,3
3114,spotify:artist:7edpqbQnGU6YySpab5ItAU,spotify:artist:6XCS9JCn56Q252cMOTbeq6,3
3115,spotify:artist:7edpqbQnGU6YySpab5ItAU,spotify:artist:5orH1OWgjAYUX8sZ5gihTv,3
3116,spotify:artist:7edpqbQnGU6YySpab5ItAU,spotify:artist:2AEEnr6Le5zHzBwpnlZSmq,3
3117,spotify:artist:7edpqbQnGU6YySpab5ItAU,spotify:artist:44h2oaMjofGcXfryCCVzhV,3
3118,spotify:artist:7edpqbQnGU6YySpab5ItAU,spotify:artist:6htUPs3clIStnkvg5jimKZ,3
3119,spotify:artist:7edpqbQnGU6YySpab5ItAU,spotify:artist:3RjnAn8EWb7zaLlGWVxQeP,3
3120,spotify:artist:7rZNSLWMjTbwdLNskFbzFf,spotify:artist:12EtLdLfJ41vUOoVzPZIUy,3
3121,spotify:artist:7rZNSLWMjTbwdLNskFbzFf,spotify:artist:15qI5w4XJFLRMwOp2VrlD5,3
3122,spotify:artist:7rZNSLWMjTbwdLNskFbzFf,spotify:artist:5TDVKqW9uhqGjwwwKGuma4,3
3123,spotify:artist:7rZNSLWMjTbwdLNskFbzFf,spotify:artist:6JMHws5haIO6V35YNYDnDw,3
3124,spotify:artist:7rZNSLWMjTbwdLNskFbzFf,spotify:artist:60vX3zLcdKRXvKLITVh5Df,3
3125,spotify:artist:7rZNSLWMjTbwdLNskFbzFf,spotify:artist:1g5PorBgjWrL60NdotRE6Q,3
3126,spotify:artist:7rZNSLWMjTbwdLNskFbzFf,spotify:artist:3f5W9NEwkc1SAIPFuumcaf,3
3127,spotify:artist:7rZNSLWMjTbwdLNskFbzFf,spotify:artist:5orH1OWgjAYUX8sZ5gihTv,3
3128,spotify:artist:7rZNSLWMjTbwdLNskFbzFf,spotify:artist:7LP4hiTAVkw3Rtc1hqtLi4,3
3129,spotify:artist:7rZNSLWMjTbwdLNskFbzFf,spotify:artist:7L12TqJ0fbwtFljTbwfwRI,3
3130,spotify:artist:7rZNSLWMjTbwdLNskFbzFf,spotify:artist:1kM5rgJvkiDMOoKX56H6pX,3
3131,spotify:artist:7rZNSLWMjTbwdLNskFbzFf,spotify:artist:3RjnAn8EWb7zaLlGWVxQeP,3
3132,spotify:artist:7rZNSLWMjTbwdLNskFbzFf,spotify:artist:6htUPs3clIStnkvg5jimKZ,3
3133,spotify:artist:7rZNSLWMjTbwdLNskFbzFf,spotify:artist:17UkABEasVRlCcIFZ3wHb7,3
3134,spotify:artist:7rZNSLWMjTbwdLNskFbzFf,spotify:artist:5jLwURKdEPDvuYnac74s9c,3
3135,spotify:artist:7rZNSLWMjTbwdLNskFbzFf,spotify:artist:6csA2rxNLkQJXeEa7lyGXn,3
3136,spotify:artist:7rZNSLWMjTbwdLNskFbzFf,spotify:artist:0uq5PttqEjj3IH1bzwcrXF,3
3137,spotify:artist:7rZNSLWMjTbwdLNskFbzFf,spotify:artist:2AEEnr6Le5zHzBwpnlZSmq,3
3138,spotify:artist:7rZNSLWMjTbwdLNskFbzFf,spotify:artist:2U6gqwyl9F33YxawnFrZG7,3
3139,spotify:artist:7rZNSLWMjTbwdLNskFbzFf,spotify:artist:6yZoNdsPrYLviaEOOzbZt8,3
3140,spotify:artist:25tu0d8Po5c4IVXsZnXUU8,spotify:artist:1RfiRshRC2YlSG4Y1zNkAE,3
3141,spotify:artist:25tu0d8Po5c4IVXsZnXUU8,spotify:artist:0lHoDF96DNKSIcIpcOfMnq,3
3142,spotify:artist:25tu0d8Po5c4IVXsZnXUU8,spotify:artist:2dCQKsTjB762AhtIACbAQA,3
3143,spotify:artist:25tu0d8Po5c4IVXsZnXUU8,spotify:artist:2sYo32743hdTlnnpHKfKOI,3
3144,spotify:artist:25tu0d8Po5c4IVXsZnXUU8,spotify:artist:34ugek7kTxRhRSsT1d9Yer,3
3145,spotify:artist:25tu0d8Po5c4IVXsZnXUU8,spotify:artist:2uhEmRPgI5Ppg2T3o8VP31,3
3146,spotify:artist:25tu0d8Po5c4IVXsZnXUU8,spotify:artist:6tsRo8ErXzpHk3tQeH6GBW,3
3147,spotify:artist:25tu0d8Po5c4IVXsZnXUU8,spotify:artist:2vRfKzjQYJQd67X8x49MOh,3
3148,spotify:artist:25tu0d8Po5c4IVXsZnXUU8,spotify:artist:6XCS9JCn56Q252cMOTbeq6,3
3149,spotify:artist:25tu0d8Po5c4IVXsZnXUU8,spotify:artist:26T6b8maqEVltcmE4kSDUl,3
3150,spotify:artist:25tu0d8Po5c4IVXsZnXUU8,spotify:artist:6KgTJuysc3qA0LFObFU023,3
3151,spotify:artist:25tu0d8Po5c4IVXsZnXUU8,spotify:artist:2wnJCxpnKAagrdBJAvaDrQ,3
3152,spotify:artist:25tu0d8Po5c4IVXsZnXUU8,spotify:artist:27ul3mOdPyXZEtI17EjCWa,3
3153,spotify:artist:25tu0d8Po5c4IVXsZnXUU8,spotify:artist:2DBUvfaQpIKeONNYmUjbWv,3
3154,spotify:artist:25tu0d8Po5c4IVXsZnXUU8,spotify:artist:2zVsfeSyFbCey7rq7PasHp,3
3155,spotify:artist:25tu0d8Po5c4IVXsZnXUU8,spotify:artist:17UkABEasVRlCcIFZ3wHb7,3
3156,spotify:artist:25tu0d8Po5c4IVXsZnXUU8,spotify:artist:1QYMj6ouUhi6yis1HE8M68,3
3157,spotify:artist:25tu0d8Po5c4IVXsZnXUU8,spotify:artist:6RxvPZHJL1V9kWWvzM0APg,3
3158,spotify:artist:25tu0d8Po5c4IVXsZnXUU8,spotify:artist:3RjnAn8EWb7zaLlGWVxQeP,3
3159,spotify:artist:25tu0d8Po5c4IVXsZnXUU8,spotify:artist:0NPwkUJRrRiWYdHpLXBkxg,3
3160,spotify:artist:5TDVKqW9uhqGjwwwKGuma4,spotify:artist:7rZNSLWMjTbwdLNskFbzFf,3
3161,spotify:artist:5TDVKqW9uhqGjwwwKGuma4,spotify:artist:0uq5PttqEjj3IH1bzwcrXF,3
3162,spotify:artist:5TDVKqW9uhqGjwwwKGuma4,spotify:artist:2AEEnr6Le5zHzBwpnlZSmq,3
3163,spotify:artist:5TDVKqW9uhqGjwwwKGuma4,spotify:artist:5orH1OWgjAYUX8sZ5gihTv,3
3164,spotify:artist:5TDVKqW9uhqGjwwwKGuma4,spotify:artist:3RjnAn8EWb7zaLlGWVxQeP,3
3165,spotify:artist:5TDVKqW9uhqGjwwwKGuma4,spotify:artist:60vX3zLcdKRXvKLITVh5Df,3
3166,spotify:artist:5TDVKqW9uhqGjwwwKGuma4,spotify:artist:7L12TqJ0fbwtFljTbwfwRI,3
3167,spotify:artist:5TDVKqW9uhqGjwwwKGuma4,spotify:artist:6JMHws5haIO6V35YNYDnDw,3
3168,spotify:artist:5TDVKqW9uhqGjwwwKGuma4,spotify:artist:12EtLdLfJ41vUOoVzPZIUy,3
3169,spotify:artist:5TDVKqW9uhqGjwwwKGuma4,spotify:artist:54w1dJI7MTjkRGNfGuu2fc,3
3170,spotify:artist:5TDVKqW9uhqGjwwwKGuma4,spotify:artist:1kM5rgJvkiDMOoKX56H6pX,3
3171,spotify:artist:5TDVKqW9uhqGjwwwKGuma4,spotify:artist:17UkABEasVRlCcIFZ3wHb7,3
3172,spotify:artist:5TDVKqW9uhqGjwwwKGuma4,spotify:artist:2U6gqwyl9F33YxawnFrZG7,3
3173,spotify:artist:5TDVKqW9uhqGjwwwKGuma4,spotify:artist:1g5PorBgjWrL60NdotRE6Q,3
3174,spotify:artist:5TDVKqW9uhqGjwwwKGuma4,spotify:artist:6htUPs3clIStnkvg5jimKZ,3
3175,spotify:artist:5TDVKqW9uhqGjwwwKGuma4,spotify:artist:7LP4hiTAVkw3Rtc1hqtLi4,3
3176,spotify:artist:5TDVKqW9uhqGjwwwKGuma4,spotify:artist:3f5W9NEwkc1SAIPFuumcaf,3
3177,spotify:artist:5TDVKqW9uhqGjwwwKGuma4,spotify:artist:7gRmesSjINzb4xXApfMV5E,3
3178,spotify:artist:5TDVKqW9uhqGjwwwKGuma4,spotify:artist:2vJU4d2jRQb4zJJIQRkyDB,3
3179,spotify:artist:5TDVKqW9uhqGjwwwKGuma4,spotify:artist:6rEzedK7cKWjeQWdAYvWVG,3
3180,spotify:artist:48I6TLnfZjyLXTqBtQvhgZ,spotify:artist:1iAIMKbNptAohP5KbxuGR0,3
3181,spotify:artist:48I6TLnfZjyLXTqBtQvhgZ,spotify:artist:3y0bEcp7VJdtbEnm5ljiuj,3
3182,spotify:artist:48I6TLnfZjyLXTqBtQvhgZ,spotify:artist:3fWTpVNnrGmdo0jMbsRsRf,3
3183,spotify:artist:48I6TLnfZjyLXTqBtQvhgZ,spotify:artist:6wdvERzX4CUCOXu6hSS95x,3
3184,spotify:artist:48I6TLnfZjyLXTqBtQvhgZ,spotify:artist:12EtLdLfJ41vUOoVzPZIUy,3
3185,spotify:artist:48I6TLnfZjyLXTqBtQvhgZ,spotify:artist:7edpqbQnGU6YySpab5ItAU,3
3186,spotify:artist:48I6TLnfZjyLXTqBtQvhgZ,spotify:artist:2fkmfYw1KeOiDLA6MHDwU8,3
3187,spotify:artist:48I6TLnfZjyLXTqBtQvhgZ,spotify:artist:7LP4hiTAVkw3Rtc1hqtLi4,3
3188,spotify:artist:48I6TLnfZjyLXTqBtQvhgZ,spotify:artist:3EBRANWwnViQuBrImN61Z1,3
3189,spotify:artist:48I6TLnfZjyLXTqBtQvhgZ,spotify:artist:0MoXIHcFwhIWnFgBfdvQ30,3
3190,spotify:artist:48I6TLnfZjyLXTqBtQvhgZ,spotify:artist:15qI5w4XJFLRMwOp2VrlD5,3
3191,spotify:artist:48I6TLnfZjyLXTqBtQvhgZ,spotify:artist:5jLwURKdEPDvuYnac74s9c,3
3192,spotify:artist:48I6TLnfZjyLXTqBtQvhgZ,spotify:artist:7zt6Af78CalxaPDqORfw8L,3
3193,spotify:artist:48I6TLnfZjyLXTqBtQvhgZ,spotify:artist:40xbWSB4JPdOkRyuTDy1oP,3
3194,spotify:artist:48I6TLnfZjyLXTqBtQvhgZ,spotify:artist:60vX3zLcdKRXvKLITVh5Df,3
3195,spotify:artist:48I6TLnfZjyLXTqBtQvhgZ,spotify:artist:1iL8p9yzijWY1XnqVgHF5P,3
3196,spotify:artist:48I6TLnfZjyLXTqBtQvhgZ,spotify:artist:7rZNSLWMjTbwdLNskFbzFf,3
3197,spotify:artist:48I6TLnfZjyLXTqBtQvhgZ,spotify:artist:7pyhre5oEEFMqcgMEvJY7q,3
3198,spotify:artist:48I6TLnfZjyLXTqBtQvhgZ,spotify:artist:37mtx80nMDETlbsq2eFCzc,3
3199,spotify:artist:48I6TLnfZjyLXTqBtQvhgZ,spotify:artist:1g5PorBgjWrL60NdotRE6Q,3
3200,spotify:artist:3alLVmjCpZjimiuKWZfzBb,spotify:artist:2uKj5KsQWGyVwsXzpKXeBY,3
3201,spotify:artist:3alLVmjCpZjimiuKWZfzBb,spotify:artist:2Ynst7DZrEJnlaMM41ZCxd,3
3202,spotify:artist:3alLVmjCpZjimiuKWZfzBb,spotify:artist:0lTzPzaJID2ijKztXSkWfH,3
3203,spotify:artist:3alLVmjCpZjimiuKWZfzBb,spotify:artist:5bj2pIzyYR99GUinn9fKAN,3
3204,spotify:artist:3alLVmjCpZjimiuKWZfzBb,spotify:artist:7c9qP8ZMGFTZKCqJphxQX2,3
3205,spotify:artist:3alLVmjCpZjimiuKWZfzBb,spotify:artist:2vJ1aFdCPa1wYLqrlTvKuY,3
3206,spotify:artist:3alLVmjCpZjimiuKWZfzBb,spotify:artist:63sO5Q3yMhnwKnm7RuzeNn,3
3207,spotify:artist:3alLVmjCpZjimiuKWZfzBb,spotify:artist:0hmHLCGFE0UcxBgr3rLaoi,3
3208,spotify:artist:3alLVmjCpZjimiuKWZfzBb,spotify:artist:7jnDSK1hbbcZdjapo2bHzY,3
3209,spotify:artist:3alLVmjCpZjimiuKWZfzBb,spotify:artist:2UKGuGLvM4j4qbxaGslLWT,3
3210,spotify:artist:3alLVmjCpZjimiuKWZfzBb,spotify:artist:1pvXfAzVXH0OB4X8QyWj0E,3
3211,spotify:artist:3alLVmjCpZjimiuKWZfzBb,spotify:artist:3ytMiTBG7TnAOsA3Ql7eAs,3
3212,spotify:artist:3alLVmjCpZjimiuKWZfzBb,spotify:artist:6lWRTt7KIsFeuwixhbgnTe,3
3213,spotify:artist:3alLVmjCpZjimiuKWZfzBb,spotify:artist:1jr0mAgIhKtTeKTZwk0HjF,3
3214,spotify:artist:3alLVmjCpZjimiuKWZfzBb,spotify:artist:1PVE74Pf9ejCjOzdxlsHC6,3
3215,spotify:artist:3alLVmjCpZjimiuKWZfzBb,spotify:artist:34SgyDEDqVlahIQRDttgCn,3
3216,spotify:artist:3alLVmjCpZjimiuKWZfzBb,spotify:artist:0Wn7tfH4rhaWTn8aMqSgh6,3
3217,spotify:artist:3alLVmjCpZjimiuKWZfzBb,spotify:artist:1ioFubkyRW98rgJuAaQHUV,3
3218,spotify:artist:3alLVmjCpZjimiuKWZfzBb,spotify:artist:6GoZ2axiSqX91WzMrvJfWk,3
3219,spotify:artist:3alLVmjCpZjimiuKWZfzBb,spotify:artist:7MignPwWd7ZxlPi54KtLpp,3
3220,spotify:artist:3fCxdiR6eGEUVGruslnovV,spotify:artist:3drpM2KT4ZPS6Iusn4BUOY,3
3221,spotify:artist:3fCxdiR6eGEUVGruslnovV,spotify:artist:2yizBY9nAmEASrD7JpSMAf,3
3222,spotify:artist:3fCxdiR6eGEUVGruslnovV,spotify:artist:2vJ1aFdCPa1wYLqrlTvKuY,3
3223,spotify:artist:3fCxdiR6eGEUVGruslnovV,spotify:artist:2uKj5KsQWGyVwsXzpKXeBY,3
3224,spotify:artist:3fCxdiR6eGEUVGruslnovV,spotify:artist:3ytMiTBG7TnAOsA3Ql7eAs,3
3225,spotify:artist:3fCxdiR6eGEUVGruslnovV,spotify:artist:0lTzPzaJID2ijKztXSkWfH,3
3226,spotify:artist:3fCxdiR6eGEUVGruslnovV,spotify:artist:4NJgceXSpz4dpCNEBOhzHc,3
3227,spotify:artist:3fCxdiR6eGEUVGruslnovV,spotify:artist:6BDiO1I42GxlebVRu5g47r,3
3228,spotify:artist:3fCxdiR6eGEUVGruslnovV,spotify:artist:3alLVmjCpZjimiuKWZfzBb,3
3229,spotify:artist:3fCxdiR6eGEUVGruslnovV,spotify:artist:7c9qP8ZMGFTZKCqJphxQX2,3
3230,spotify:artist:3fCxdiR6eGEUVGruslnovV,spotify:artist:4JhoDNmtC04dhypl3bBxcV,3
3231,spotify:artist:3fCxdiR6eGEUVGruslnovV,spotify:artist:1peNOv8TAlb3Lu1IqaNf56,3
3232,spotify:artist:3fCxdiR6eGEUVGruslnovV,spotify:artist:2jbPowmJ5OQ9c4HxLjLkZZ,3
3233,spotify:artist:3fCxdiR6eGEUVGruslnovV,spotify:artist:2TQU7rRFno0VVx1d4pevd9,3
3234,spotify:artist:3fCxdiR6eGEUVGruslnovV,spotify:artist:7DHglFER2ajzSXJvNRwHJl,3
3235,spotify:artist:3fCxdiR6eGEUVGruslnovV,spotify:artist:4m2iq2WEoxSFvOZd130HIQ,3
3236,spotify:artist:3fCxdiR6eGEUVGruslnovV,spotify:artist:5bj2pIzyYR99GUinn9fKAN,3
3237,spotify:artist:3fCxdiR6eGEUVGruslnovV,spotify:artist:34SgyDEDqVlahIQRDttgCn,3
3238,spotify:artist:3fCxdiR6eGEUVGruslnovV,spotify:artist:2Ynst7DZrEJnlaMM41ZCxd,3
3239,spotify:artist:3fCxdiR6eGEUVGruslnovV,spotify:artist:02TVzdrw3UJqIBTo2Rp2sR,3
3240,spotify:artist:3drpM2KT4ZPS6Iusn4BUOY,spotify:artist:2uKj5KsQWGyVwsXzpKXeBY,3
3241,spotify:artist:3drpM2KT4ZPS6Iusn4BUOY,spotify:artist:0lTzPzaJID2ijKztXSkWfH,3
3242,spotify:artist:3drpM2KT4ZPS6Iusn4BUOY,spotify:artist:3fCxdiR6eGEUVGruslnovV,3
3243,spotify:artist:3drpM2KT4ZPS6Iusn4BUOY,spotify:artist:3ytMiTBG7TnAOsA3Ql7eAs,3
3244,spotify:artist:3drpM2KT4ZPS6Iusn4BUOY,spotify:artist:7c9qP8ZMGFTZKCqJphxQX2,3
3245,spotify:artist:3drpM2KT4ZPS6Iusn4BUOY,spotify:artist:2yizBY9nAmEASrD7JpSMAf,3
3246,spotify:artist:3drpM2KT4ZPS6Iusn4BUOY,spotify:artist:2vJ1aFdCPa1wYLqrlTvKuY,3
3247,spotify:artist:3drpM2KT4ZPS6Iusn4BUOY,spotify:artist:2jbPowmJ5OQ9c4HxLjLkZZ,3
3248,spotify:artist:3drpM2KT4ZPS6Iusn4BUOY,spotify:artist:02TVzdrw3UJqIBTo2Rp2sR,3
3249,spotify:artist:3drpM2KT4ZPS6Iusn4BUOY,spotify:artist:0hmHLCGFE0UcxBgr3rLaoi,3
3250,spotify:artist:3drpM2KT4ZPS6Iusn4BUOY,spotify:artist:5bj2pIzyYR99GUinn9fKAN,3
3251,spotify:artist:3drpM2KT4ZPS6Iusn4BUOY,spotify:artist:34SgyDEDqVlahIQRDttgCn,3
3252,spotify:artist:3drpM2KT4ZPS6Iusn4BUOY,spotify:artist:3alLVmjCpZjimiuKWZfzBb,3
3253,spotify:artist:3drpM2KT4ZPS6Iusn4BUOY,spotify:artist:1peNOv8TAlb3Lu1IqaNf56,3
3254,spotify:artist:3drpM2KT4ZPS6Iusn4BUOY,spotify:artist:63sO5Q3yMhnwKnm7RuzeNn,3
3255,spotify:artist:3drpM2KT4ZPS6Iusn4BUOY,spotify:artist:0T64jSsNTBy9Hg7ESia56D,3
3256,spotify:artist:3drpM2KT4ZPS6Iusn4BUOY,spotify:artist:4m2iq2WEoxSFvOZd130HIQ,3
3257,spotify:artist:3drpM2KT4ZPS6Iusn4BUOY,spotify:artist:2Ynst7DZrEJnlaMM41ZCxd,3
3258,spotify:artist:3drpM2KT4ZPS6Iusn4BUOY,spotify:artist:5PmcAlEJOb2yE03GzXgXF4,3
3259,spotify:artist:3drpM2KT4ZPS6Iusn4BUOY,spotify:artist:2TQU7rRFno0VVx1d4pevd9,3
3260,spotify:artist:3ytMiTBG7TnAOsA3Ql7eAs,spotify:artist:7c9qP8ZMGFTZKCqJphxQX2,3
3261,spotify:artist:3ytMiTBG7TnAOsA3Ql7eAs,spotify:artist:02TVzdrw3UJqIBTo2Rp2sR,3
3262,spotify:artist:3ytMiTBG7TnAOsA3Ql7eAs,spotify:artist:0lTzPzaJID2ijKztXSkWfH,3
3263,spotify:artist:3ytMiTBG7TnAOsA3Ql7eAs,spotify:artist:2uKj5KsQWGyVwsXzpKXeBY,3
3264,spotify:artist:3ytMiTBG7TnAOsA3Ql7eAs,spotify:artist:2vJ1aFdCPa1wYLqrlTvKuY,3
3265,spotify:artist:3ytMiTBG7TnAOsA3Ql7eAs,spotify:artist:3drpM2KT4ZPS6Iusn4BUOY,3
3266,spotify:artist:3ytMiTBG7TnAOsA3Ql7eAs,spotify:artist:0hmHLCGFE0UcxBgr3rLaoi,3
3267,spotify:artist:3ytMiTBG7TnAOsA3Ql7eAs,spotify:artist:4m2iq2WEoxSFvOZd130HIQ,3
3268,spotify:artist:3ytMiTBG7TnAOsA3Ql7eAs,spotify:artist:1peNOv8TAlb3Lu1IqaNf56,3
3269,spotify:artist:3ytMiTBG7TnAOsA3Ql7eAs,spotify:artist:63sO5Q3yMhnwKnm7RuzeNn,3
3270,spotify:artist:3ytMiTBG7TnAOsA3Ql7eAs,spotify:artist:3alLVmjCpZjimiuKWZfzBb,3
3271,spotify:artist:3ytMiTBG7TnAOsA3Ql7eAs,spotify:artist:6lWRTt7KIsFeuwixhbgnTe,3
3272,spotify:artist:3ytMiTBG7TnAOsA3Ql7eAs,spotify:artist:34SgyDEDqVlahIQRDttgCn,3
3273,spotify:artist:3ytMiTBG7TnAOsA3Ql7eAs,spotify:artist:2jbPowmJ5OQ9c4HxLjLkZZ,3
3274,spotify:artist:3ytMiTBG7TnAOsA3Ql7eAs,spotify:artist:3fCxdiR6eGEUVGruslnovV,3
3275,spotify:artist:3ytMiTBG7TnAOsA3Ql7eAs,spotify:artist:1ioFubkyRW98rgJuAaQHUV,3
3276,spotify:artist:3ytMiTBG7TnAOsA3Ql7eAs,spotify:artist:5bj2pIzyYR99GUinn9fKAN,3
3277,spotify:artist:3ytMiTBG7TnAOsA3Ql7eAs,spotify:artist:1jr0mAgIhKtTeKTZwk0HjF,3
3278,spotify:artist:3ytMiTBG7TnAOsA3Ql7eAs,spotify:artist:2UKGuGLvM4j4qbxaGslLWT,3
3279,spotify:artist:3ytMiTBG7TnAOsA3Ql7eAs,spotify:artist:0T64jSsNTBy9Hg7ESia56D,3
3280,spotify:artist:2uKj5KsQWGyVwsXzpKXeBY,spotify:artist:3alLVmjCpZjimiuKWZfzBb,3
3281,spotify:artist:2uKj5KsQWGyVwsXzpKXeBY,spotify:artist:2vJ1aFdCPa1wYLqrlTvKuY,3
3282,spotify:artist:2uKj5KsQWGyVwsXzpKXeBY,spotify:artist:63sO5Q3yMhnwKnm7RuzeNn,3
3283,spotify:artist:2uKj5KsQWGyVwsXzpKXeBY,spotify:artist:0hmHLCGFE0UcxBgr3rLaoi,3
3284,spotify:artist:2uKj5KsQWGyVwsXzpKXeBY,spotify:artist:1jr0mAgIhKtTeKTZwk0HjF,3
3285,spotify:artist:2uKj5KsQWGyVwsXzpKXeBY,spotify:artist:34SgyDEDqVlahIQRDttgCn,3
3286,spotify:artist:2uKj5KsQWGyVwsXzpKXeBY,spotify:artist:3ytMiTBG7TnAOsA3Ql7eAs,3
3287,spotify:artist:2uKj5KsQWGyVwsXzpKXeBY,spotify:artist:7c9qP8ZMGFTZKCqJphxQX2,3
3288,spotify:artist:2uKj5KsQWGyVwsXzpKXeBY,spotify:artist:7MignPwWd7ZxlPi54KtLpp,3
3289,spotify:artist:2uKj5KsQWGyVwsXzpKXeBY,spotify:artist:5bj2pIzyYR99GUinn9fKAN,3
3290,spotify:artist:2uKj5KsQWGyVwsXzpKXeBY,spotify:artist:6lWRTt7KIsFeuwixhbgnTe,3
3291,spotify:artist:2uKj5KsQWGyVwsXzpKXeBY,spotify:artist:1ioFubkyRW98rgJuAaQHUV,3
3292,spotify:artist:2uKj5KsQWGyVwsXzpKXeBY,spotify:artist:3drpM2KT4ZPS6Iusn4BUOY,3
3293,spotify:artist:2uKj5KsQWGyVwsXzpKXeBY,spotify:artist:2Ynst7DZrEJnlaMM41ZCxd,3
3294,spotify:artist:2uKj5KsQWGyVwsXzpKXeBY,spotify:artist:02TVzdrw3UJqIBTo2Rp2sR,3
3295,spotify:artist:2uKj5KsQWGyVwsXzpKXeBY,spotify:artist:0N1TIXCk9Q9JbEPXQDclEL,3
3296,spotify:artist:2uKj5KsQWGyVwsXzpKXeBY,spotify:artist:3bEHj6WUeCJey0vLrffSQp,3
3297,spotify:artist:2uKj5KsQWGyVwsXzpKXeBY,spotify:artist:3fCxdiR6eGEUVGruslnovV,3
3298,spotify:artist:2uKj5KsQWGyVwsXzpKXeBY,spotify:artist:6A6B4fkbxVlQtNASPk5e2e,3
3299,spotify:artist:2uKj5KsQWGyVwsXzpKXeBY,spotify:artist:0lTzPzaJID2ijKztXSkWfH,3
3300,spotify:artist:2vJ1aFdCPa1wYLqrlTvKuY,spotify:artist:2uKj5KsQWGyVwsXzpKXeBY,3
3301,spotify:artist:2vJ1aFdCPa1wYLqrlTvKuY,spotify:artist:1jr0mAgIhKtTeKTZwk0HjF,3
3302,spotify:artist:2vJ1aFdCPa1wYLqrlTvKuY,spotify:artist:3alLVmjCpZjimiuKWZfzBb,3
3303,spotify:artist:2vJ1aFdCPa1wYLqrlTvKuY,spotify:artist:34SgyDEDqVlahIQRDttgCn,3
3304,spotify:artist:2vJ1aFdCPa1wYLqrlTvKuY,spotify:artist:63sO5Q3yMhnwKnm7RuzeNn,3
3305,spotify:artist:2vJ1aFdCPa1wYLqrlTvKuY,spotify:artist:3ytMiTBG7TnAOsA3Ql7eAs,3
3306,spotify:artist:2vJ1aFdCPa1wYLqrlTvKuY,spotify:artist:0hmHLCGFE0UcxBgr3rLaoi,3
3307,spotify:artist:2vJ1aFdCPa1wYLqrlTvKuY,spotify:artist:5bj2pIzyYR99GUinn9fKAN,3
3308,spotify:artist:2vJ1aFdCPa1wYLqrlTvKuY,spotify:artist:3fCxdiR6eGEUVGruslnovV,3
3309,spotify:artist:2vJ1aFdCPa1wYLqrlTvKuY,spotify:artist:3drpM2KT4ZPS6Iusn4BUOY,3
3310,spotify:artist:2vJ1aFdCPa1wYLqrlTvKuY,spotify:artist:2Ynst7DZrEJnlaMM41ZCxd,3
3311,spotify:artist:2vJ1aFdCPa1wYLqrlTvKuY,spotify:artist:02TVzdrw3UJqIBTo2Rp2sR,3
3312,spotify:artist:2vJ1aFdCPa1wYLqrlTvKuY,spotify:artist:1ioFubkyRW98rgJuAaQHUV,3
3313,spotify:artist:2vJ1aFdCPa1wYLqrlTvKuY,spotify:artist:6lWRTt7KIsFeuwixhbgnTe,3
3314,spotify:artist:2vJ1aFdCPa1wYLqrlTvKuY,spotify:artist:4m2iq2WEoxSFvOZd130HIQ,3
3315,spotify:artist:2vJ1aFdCPa1wYLqrlTvKuY,spotify:artist:7c9qP8ZMGFTZKCqJphxQX2,3
3316,spotify:artist:2vJ1aFdCPa1wYLqrlTvKuY,spotify:artist:6A6B4fkbxVlQtNASPk5e2e,3
3317,spotify:artist:2vJ1aFdCPa1wYLqrlTvKuY,spotify:artist:3bEHj6WUeCJey0vLrffSQp,3
3318,spotify:artist:2vJ1aFdCPa1wYLqrlTvKuY,spotify:artist:7MignPwWd7ZxlPi54KtLpp,3
3319,spotify:artist:2vJ1aFdCPa1wYLqrlTvKuY,spotify:artist:4NJgceXSpz4dpCNEBOhzHc,3
3320,spotify:artist:34SgyDEDqVlahIQRDttgCn,spotify:artist:1jr0mAgIhKtTeKTZwk0HjF,3
3321,spotify:artist:34SgyDEDqVlahIQRDttgCn,spotify:artist:6A6B4fkbxVlQtNASPk5e2e,3
3322,spotify:artist:34SgyDEDqVlahIQRDttgCn,spotify:artist:63sO5Q3yMhnwKnm7RuzeNn,3
3323,spotify:artist:34SgyDEDqVlahIQRDttgCn,spotify:artist:2vJ1aFdCPa1wYLqrlTvKuY,3
3324,spotify:artist:34SgyDEDqVlahIQRDttgCn,spotify:artist:0hmHLCGFE0UcxBgr3rLaoi,3
3325,spotify:artist:34SgyDEDqVlahIQRDttgCn,spotify:artist:1ioFubkyRW98rgJuAaQHUV,3
3326,spotify:artist:34SgyDEDqVlahIQRDttgCn,spotify:artist:2uKj5KsQWGyVwsXzpKXeBY,3
3327,spotify:artist:34SgyDEDqVlahIQRDttgCn,spotify:artist:7oXqKY12gSK5Q37dWZYWT0,3
3328,spotify:artist:34SgyDEDqVlahIQRDttgCn,spotify:artist:3bEHj6WUeCJey0vLrffSQp,3
3329,spotify:artist:34SgyDEDqVlahIQRDttgCn,spotify:artist:5bj2pIzyYR99GUinn9fKAN,3
3330,spotify:artist:34SgyDEDqVlahIQRDttgCn,spotify:artist:0N1TIXCk9Q9JbEPXQDclEL,3
3331,spotify:artist:34SgyDEDqVlahIQRDttgCn,spotify:artist:2Gw5aCeNK9o0PmsNuSirW0,3
3332,spotify:artist:34SgyDEDqVlahIQRDttgCn,spotify:artist:6vBfGWeXYiBmWUrmhOmOMP,3
3333,spotify:artist:34SgyDEDqVlahIQRDttgCn,spotify:artist:0Wn7tfH4rhaWTn8aMqSgh6,3
3334,spotify:artist:34SgyDEDqVlahIQRDttgCn,spotify:artist:7MignPwWd7ZxlPi54KtLpp,3
3335,spotify:artist:34SgyDEDqVlahIQRDttgCn,spotify:artist:1PVE74Pf9ejCjOzdxlsHC6,3
3336,spotify:artist:34SgyDEDqVlahIQRDttgCn,spotify:artist:7grmT5tV1tUKfCjPhZgW3h,3
3337,spotify:artist:34SgyDEDqVlahIQRDttgCn,spotify:artist:78wqzhHzbh3i6N1uCrKSt4,3
3338,spotify:artist:34SgyDEDqVlahIQRDttgCn,spotify:artist:3alLVmjCpZjimiuKWZfzBb,3
3339,spotify:artist:34SgyDEDqVlahIQRDttgCn,spotify:artist:4m2iq2WEoxSFvOZd130HIQ,3
3340,spotify:artist:2Ynst7DZrEJnlaMM41ZCxd,spotify:artist:3alLVmjCpZjimiuKWZfzBb,3
3341,spotify:artist:2Ynst7DZrEJnlaMM41ZCxd,spotify:artist:1PVE74Pf9ejCjOzdxlsHC6,3
3342,spotify:artist:2Ynst7DZrEJnlaMM41ZCxd,spotify:artist:1jr0mAgIhKtTeKTZwk0HjF,3
3343,spotify:artist:2Ynst7DZrEJnlaMM41ZCxd,spotify:artist:34SgyDEDqVlahIQRDttgCn,3
3344,spotify:artist:2Ynst7DZrEJnlaMM41ZCxd,spotify:artist:6GoZ2axiSqX91WzMrvJfWk,3
3345,spotify:artist:2Ynst7DZrEJnlaMM41ZCxd,spotify:artist:0Wn7tfH4rhaWTn8aMqSgh6,3
3346,spotify:artist:2Ynst7DZrEJnlaMM41ZCxd,spotify:artist:2vJ1aFdCPa1wYLqrlTvKuY,3
3347,spotify:artist:2Ynst7DZrEJnlaMM41ZCxd,spotify:artist:5bj2pIzyYR99GUinn9fKAN,3
3348,spotify:artist:2Ynst7DZrEJnlaMM41ZCxd,spotify:artist:2uKj5KsQWGyVwsXzpKXeBY,3
3349,spotify:artist:2Ynst7DZrEJnlaMM41ZCxd,spotify:artist:0N1TIXCk9Q9JbEPXQDclEL,3
3350,spotify:artist:2Ynst7DZrEJnlaMM41ZCxd,spotify:artist:2pMVWkucVS130nJx59uAEa,3
3351,spotify:artist:2Ynst7DZrEJnlaMM41ZCxd,spotify:artist:1ysmkH7bwM193VEqdtwgfn,3
3352,spotify:artist:2Ynst7DZrEJnlaMM41ZCxd,spotify:artist:7jnDSK1hbbcZdjapo2bHzY,3
3353,spotify:artist:2Ynst7DZrEJnlaMM41ZCxd,spotify:artist:7oXqKY12gSK5Q37dWZYWT0,3
3354,spotify:artist:2Ynst7DZrEJnlaMM41ZCxd,spotify:artist:0hmHLCGFE0UcxBgr3rLaoi,3
3355,spotify:artist:2Ynst7DZrEJnlaMM41ZCxd,spotify:artist:3mOsjj1MhocRVwOejIZlTi,3
3356,spotify:artist:2Ynst7DZrEJnlaMM41ZCxd,spotify:artist:6A6B4fkbxVlQtNASPk5e2e,3
3357,spotify:artist:2Ynst7DZrEJnlaMM41ZCxd,spotify:artist:3qUrABCNqnkb5gc2YmPVzP,3
3358,spotify:artist:2Ynst7DZrEJnlaMM41ZCxd,spotify:artist:6qDVOAIlTaSd7HuVtkfce1,3
3359,spotify:artist:2Ynst7DZrEJnlaMM41ZCxd,spotify:artist:1uvhwixGrZkuT2gpQQWgYb,3
3360,spotify:artist:5bj2pIzyYR99GUinn9fKAN,spotify:artist:3alLVmjCpZjimiuKWZfzBb,3
3361,spotify:artist:5bj2pIzyYR99GUinn9fKAN,spotify:artist:0lTzPzaJID2ijKztXSkWfH,3
3362,spotify:artist:5bj2pIzyYR99GUinn9fKAN,spotify:artist:2Ynst7DZrEJnlaMM41ZCxd,3
3363,spotify:artist:5bj2pIzyYR99GUinn9fKAN,spotify:artist:34SgyDEDqVlahIQRDttgCn,3
3364,spotify:artist:5bj2pIzyYR99GUinn9fKAN,spotify:artist:2uKj5KsQWGyVwsXzpKXeBY,3
3365,spotify:artist:5bj2pIzyYR99GUinn9fKAN,spotify:artist:2UKGuGLvM4j4qbxaGslLWT,3
3366,spotify:artist:5bj2pIzyYR99GUinn9fKAN,spotify:artist:1jr0mAgIhKtTeKTZwk0HjF,3
3367,spotify:artist:5bj2pIzyYR99GUinn9fKAN,spotify:artist:2vJ1aFdCPa1wYLqrlTvKuY,3
3368,spotify:artist:5bj2pIzyYR99GUinn9fKAN,spotify:artist:7c9qP8ZMGFTZKCqJphxQX2,3
3369,spotify:artist:5bj2pIzyYR99GUinn9fKAN,spotify:artist:1ioFubkyRW98rgJuAaQHUV,3
3370,spotify:artist:5bj2pIzyYR99GUinn9fKAN,spotify:artist:7jnDSK1hbbcZdjapo2bHzY,3
3371,spotify:artist:5bj2pIzyYR99GUinn9fKAN,spotify:artist:3ytMiTBG7TnAOsA3Ql7eAs,3
3372,spotify:artist:5bj2pIzyYR99GUinn9fKAN,spotify:artist:0hmHLCGFE0UcxBgr3rLaoi,3
3373,spotify:artist:5bj2pIzyYR99GUinn9fKAN,spotify:artist:1pvXfAzVXH0OB4X8QyWj0E,3
3374,spotify:artist:5bj2pIzyYR99GUinn9fKAN,spotify:artist:2yizBY9nAmEASrD7JpSMAf,3
3375,spotify:artist:5bj2pIzyYR99GUinn9fKAN,spotify:artist:3drpM2KT4ZPS6Iusn4BUOY,3
3376,spotify:artist:5bj2pIzyYR99GUinn9fKAN,spotify:artist:0Wn7tfH4rhaWTn8aMqSgh6,3
3377,spotify:artist:5bj2pIzyYR99GUinn9fKAN,spotify:artist:6A6B4fkbxVlQtNASPk5e2e,3
3378,spotify:artist:5bj2pIzyYR99GUinn9fKAN,spotify:artist:63sO5Q3yMhnwKnm7RuzeNn,3
3379,spotify:artist:5bj2pIzyYR99GUinn9fKAN,spotify:artist:4m2iq2WEoxSFvOZd130HIQ,3
3380,spotify:artist:1jr0mAgIhKtTeKTZwk0HjF,spotify:artist:34SgyDEDqVlahIQRDttgCn,3
3381,spotify:artist:1jr0mAgIhKtTeKTZwk0HjF,spotify:artist:6A6B4fkbxVlQtNASPk5e2e,3
3382,spotify:artist:1jr0mAgIhKtTeKTZwk0HjF,spotify:artist:0N1TIXCk9Q9JbEPXQDclEL,3
3383,spotify:artist:1jr0mAgIhKtTeKTZwk0HjF,spotify:artist:63sO5Q3yMhnwKnm7RuzeNn,3
3384,spotify:artist:1jr0mAgIhKtTeKTZwk0HjF,spotify:artist:2vJ1aFdCPa1wYLqrlTvKuY,3
3385,spotify:artist:1jr0mAgIhKtTeKTZwk0HjF,spotify:artist:7oXqKY12gSK5Q37dWZYWT0,3
3386,spotify:artist:1jr0mAgIhKtTeKTZwk0HjF,spotify:artist:0hmHLCGFE0UcxBgr3rLaoi,3
3387,spotify:artist:1jr0mAgIhKtTeKTZwk0HjF,spotify:artist:1PVE74Pf9ejCjOzdxlsHC6,3
3388,spotify:artist:1jr0mAgIhKtTeKTZwk0HjF,spotify:artist:2Gw5aCeNK9o0PmsNuSirW0,3
3389,spotify:artist:1jr0mAgIhKtTeKTZwk0HjF,spotify:artist:3bEHj6WUeCJey0vLrffSQp,3
3390,spotify:artist:1jr0mAgIhKtTeKTZwk0HjF,spotify:artist:6vBfGWeXYiBmWUrmhOmOMP,3
3391,spotify:artist:1jr0mAgIhKtTeKTZwk0HjF,spotify:artist:0Wn7tfH4rhaWTn8aMqSgh6,3
3392,spotify:artist:1jr0mAgIhKtTeKTZwk0HjF,spotify:artist:78wqzhHzbh3i6N1uCrKSt4,3
3393,spotify:artist:1jr0mAgIhKtTeKTZwk0HjF,spotify:artist:2uKj5KsQWGyVwsXzpKXeBY,3
3394,spotify:artist:1jr0mAgIhKtTeKTZwk0HjF,spotify:artist:1ioFubkyRW98rgJuAaQHUV,3
3395,spotify:artist:1jr0mAgIhKtTeKTZwk0HjF,spotify:artist:7MignPwWd7ZxlPi54KtLpp,3
3396,spotify:artist:1jr0mAgIhKtTeKTZwk0HjF,spotify:artist:5bj2pIzyYR99GUinn9fKAN,3
3397,spotify:artist:1jr0mAgIhKtTeKTZwk0HjF,spotify:artist:14CMndDKSsMSvZYXFLZRfn,3
3398,spotify:artist:1jr0mAgIhKtTeKTZwk0HjF,spotify:artist:2Ynst7DZrEJnlaMM41ZCxd,3
3399,spotify:artist:1jr0mAgIhKtTeKTZwk0HjF,spotify:artist:6lWRTt7KIsFeuwixhbgnTe,3
3400,spotify:artist:7c9qP8ZMGFTZKCqJphxQX2,spotify:artist:0lTzPzaJID2ijKztXSkWfH,3
3401,spotify:artist:7c9qP8ZMGFTZKCqJphxQX2,spotify:artist:0hmHLCGFE0UcxBgr3rLaoi,3
3402,spotify:artist:7c9qP8ZMGFTZKCqJphxQX2,spotify:artist:63sO5Q3yMhnwKnm7RuzeNn,3
3403,spotify:artist:7c9qP8ZMGFTZKCqJphxQX2,spotify:artist:02TVzdrw3UJqIBTo2Rp2sR,3
3404,spotify:artist:7c9qP8ZMGFTZKCqJphxQX2,spotify:artist:2UKGuGLvM4j4qbxaGslLWT,3
3405,spotify:artist:7c9qP8ZMGFTZKCqJphxQX2,spotify:artist:1pvXfAzVXH0OB4X8QyWj0E,3
3406,spotify:artist:7c9qP8ZMGFTZKCqJphxQX2,spotify:artist:6fhkIAXBjXBaUf4UFjxibI,3
3407,spotify:artist:7c9qP8ZMGFTZKCqJphxQX2,spotify:artist:6lWRTt7KIsFeuwixhbgnTe,3
3408,spotify:artist:7c9qP8ZMGFTZKCqJphxQX2,spotify:artist:3ytMiTBG7TnAOsA3Ql7eAs,3
3409,spotify:artist:7c9qP8ZMGFTZKCqJphxQX2,spotify:artist:4zgn0gvu50QzZuA9gIdSke,3
3410,spotify:artist:7c9qP8ZMGFTZKCqJphxQX2,spotify:artist:2yizBY9nAmEASrD7JpSMAf,3
3411,spotify:artist:7c9qP8ZMGFTZKCqJphxQX2,spotify:artist:0T64jSsNTBy9Hg7ESia56D,3
3412,spotify:artist:7c9qP8ZMGFTZKCqJphxQX2,spotify:artist:2uKj5KsQWGyVwsXzpKXeBY,3
3413,spotify:artist:7c9qP8ZMGFTZKCqJphxQX2,spotify:artist:3alLVmjCpZjimiuKWZfzBb,3
3414,spotify:artist:7c9qP8ZMGFTZKCqJphxQX2,spotify:artist:1peNOv8TAlb3Lu1IqaNf56,3
3415,spotify:artist:7c9qP8ZMGFTZKCqJphxQX2,spotify:artist:7vc2Qv2rutj6XuJXklysRh,3
3416,spotify:artist:7c9qP8ZMGFTZKCqJphxQX2,spotify:artist:5bj2pIzyYR99GUinn9fKAN,3
3417,spotify:artist:7c9qP8ZMGFTZKCqJphxQX2,spotify:artist:2TQU7rRFno0VVx1d4pevd9,3
3418,spotify:artist:7c9qP8ZMGFTZKCqJphxQX2,spotify:artist:34SgyDEDqVlahIQRDttgCn,3
3419,spotify:artist:7c9qP8ZMGFTZKCqJphxQX2,spotify:artist:2ehAgWXRXKHKEbwS1SlUB4,3
3420,spotify:artist:1peNOv8TAlb3Lu1IqaNf56,spotify:artist:7c9qP8ZMGFTZKCqJphxQX2,3
3421,spotify:artist:1peNOv8TAlb3Lu1IqaNf56,spotify:artist:3ytMiTBG7TnAOsA3Ql7eAs,3
3422,spotify:artist:1peNOv8TAlb3Lu1IqaNf56,spotify:artist:02TVzdrw3UJqIBTo2Rp2sR,3
3423,spotify:artist:1peNOv8TAlb3Lu1IqaNf56,spotify:artist:3drpM2KT4ZPS6Iusn4BUOY,3
3424,spotify:artist:1peNOv8TAlb3Lu1IqaNf56,spotify:artist:63sO5Q3yMhnwKnm7RuzeNn,3
3425,spotify:artist:1peNOv8TAlb3Lu1IqaNf56,spotify:artist:0lTzPzaJID2ijKztXSkWfH,3
3426,spotify:artist:1peNOv8TAlb3Lu1IqaNf56,spotify:artist:0hmHLCGFE0UcxBgr3rLaoi,3
3427,spotify:artist:1peNOv8TAlb3Lu1IqaNf56,spotify:artist:2uKj5KsQWGyVwsXzpKXeBY,3
3428,spotify:artist:1peNOv8TAlb3Lu1IqaNf56,spotify:artist:4m2iq2WEoxSFvOZd130HIQ,3
3429,spotify:artist:1peNOv8TAlb3Lu1IqaNf56,spotify:artist:2vJ1aFdCPa1wYLqrlTvKuY,3
3430,spotify:artist:1peNOv8TAlb3Lu1IqaNf56,spotify:artist:34SgyDEDqVlahIQRDttgCn,3
3431,spotify:artist:1peNOv8TAlb3Lu1IqaNf56,spotify:artist:1jr0mAgIhKtTeKTZwk0HjF,3
3432,spotify:artist:1peNOv8TAlb3Lu1IqaNf56,spotify:artist:6lWRTt7KIsFeuwixhbgnTe,3
3433,spotify:artist:1peNOv8TAlb3Lu1IqaNf56,spotify:artist:1ioFubkyRW98rgJuAaQHUV,3
3434,spotify:artist:1peNOv8TAlb3Lu1IqaNf56,spotify:artist:2jbPowmJ5OQ9c4HxLjLkZZ,3
3435,spotify:artist:1peNOv8TAlb3Lu1IqaNf56,spotify:artist:74MPnMOXUP0AhdXjgMiBpK,3
3436,spotify:artist:1peNOv8TAlb3Lu1IqaNf56,spotify:artist:4RDILcwzht7ytmigDk9ySj,3
3437,spotify:artist:1peNOv8TAlb3Lu1IqaNf56,spotify:artist:0gDqh6nvSk3l7eZ4UVL3GG,3
3438,spotify:artist:1peNOv8TAlb3Lu1IqaNf56,spotify:artist:5bj2pIzyYR99GUinn9fKAN,3
3439,spotify:artist:1peNOv8TAlb3Lu1IqaNf56,spotify:artist:3fCxdiR6eGEUVGruslnovV,3
3440,spotify:artist:0hmHLCGFE0UcxBgr3rLaoi,spotify:artist:63sO5Q3yMhnwKnm7RuzeNn,3
3441,spotify:artist:0hmHLCGFE0UcxBgr3rLaoi,spotify:artist:7c9qP8ZMGFTZKCqJphxQX2,3
3442,spotify:artist:0hmHLCGFE0UcxBgr3rLaoi,spotify:artist:02TVzdrw3UJqIBTo2Rp2sR,3
3443,spotify:artist:0hmHLCGFE0UcxBgr3rLaoi,spotify:artist:1jr0mAgIhKtTeKTZwk0HjF,3
3444,spotify:artist:0hmHLCGFE0UcxBgr3rLaoi,spotify:artist:34SgyDEDqVlahIQRDttgCn,3
3445,spotify:artist:0hmHLCGFE0UcxBgr3rLaoi,spotify:artist:2uKj5KsQWGyVwsXzpKXeBY,3
3446,spotify:artist:0hmHLCGFE0UcxBgr3rLaoi,spotify:artist:6lWRTt7KIsFeuwixhbgnTe,3
3447,spotify:artist:0hmHLCGFE0UcxBgr3rLaoi,spotify:artist:4zgn0gvu50QzZuA9gIdSke,3
3448,spotify:artist:0hmHLCGFE0UcxBgr3rLaoi,spotify:artist:1ioFubkyRW98rgJuAaQHUV,3
3449,spotify:artist:0hmHLCGFE0UcxBgr3rLaoi,spotify:artist:7MignPwWd7ZxlPi54KtLpp,3
3450,spotify:artist:0hmHLCGFE0UcxBgr3rLaoi,spotify:artist:3U9CI4vQwxLoAeovpgT9ZH,3
3451,spotify:artist:0hmHLCGFE0UcxBgr3rLaoi,spotify:artist:2vJ1aFdCPa1wYLqrlTvKuY,3
3452,spotify:artist:0hmHLCGFE0UcxBgr3rLaoi,spotify:artist:0lTzPzaJID2ijKztXSkWfH,3
3453,spotify:artist:0hmHLCGFE0UcxBgr3rLaoi,spotify:artist:3bEHj6WUeCJey0vLrffSQp,3
3454,spotify:artist:0hmHLCGFE0UcxBgr3rLaoi,spotify:artist:0N1TIXCk9Q9JbEPXQDclEL,3
3455,spotify:artist:0hmHLCGFE0UcxBgr3rLaoi,spotify:artist:3ytMiTBG7TnAOsA3Ql7eAs,3
3456,spotify:artist:0hmHLCGFE0UcxBgr3rLaoi,spotify:artist:0gDqh6nvSk3l7eZ4UVL3GG,3
3457,spotify:artist:0hmHLCGFE0UcxBgr3rLaoi,spotify:artist:3alLVmjCpZjimiuKWZfzBb,3
3458,spotify:artist:0hmHLCGFE0UcxBgr3rLaoi,spotify:artist:0Wn7tfH4rhaWTn8aMqSgh6,3
3459,spotify:artist:0hmHLCGFE0UcxBgr3rLaoi,spotify:artist:6A6B4fkbxVlQtNASPk5e2e,3
3460,spotify:artist:7DHglFER2ajzSXJvNRwHJl,spotify:artist:1sHPujXeed3zTvHlpbqdtl,3
3461,spotify:artist:7DHglFER2ajzSXJvNRwHJl,spotify:artist:7CJiKj8TrQSms0WSCKbHm4,3
3462,spotify:artist:7DHglFER2ajzSXJvNRwHJl,spotify:artist:3fCxdiR6eGEUVGruslnovV,3
3463,spotify:artist:7DHglFER2ajzSXJvNRwHJl,spotify:artist:3wI2ad0IMc8rms3cbGSFJA,3
3464,spotify:artist:7DHglFER2ajzSXJvNRwHJl,spotify:artist:0b5iaw7brThnF0kGHEKlSN,3
3465,spotify:artist:7DHglFER2ajzSXJvNRwHJl,spotify:artist:7Fm7EziyHO42bH558lrRyT,3
3466,spotify:artist:7DHglFER2ajzSXJvNRwHJl,spotify:artist:2NIKc86XfH40PUMSTi3gKz,3
3467,spotify:artist:7DHglFER2ajzSXJvNRwHJl,spotify:artist:4NJgceXSpz4dpCNEBOhzHc,3
3468,spotify:artist:7DHglFER2ajzSXJvNRwHJl,spotify:artist:7GbhmbnDdZhAv8G2pfgMC5,3
3469,spotify:artist:7DHglFER2ajzSXJvNRwHJl,spotify:artist:3drpM2KT4ZPS6Iusn4BUOY,3
3470,spotify:artist:7DHglFER2ajzSXJvNRwHJl,spotify:artist:2Ynst7DZrEJnlaMM41ZCxd,3
3471,spotify:artist:7DHglFER2ajzSXJvNRwHJl,spotify:artist:1JwhzFROpPDbDbstMTY7cF,3
3472,spotify:artist:7DHglFER2ajzSXJvNRwHJl,spotify:artist:2vJ1aFdCPa1wYLqrlTvKuY,3
3473,spotify:artist:7DHglFER2ajzSXJvNRwHJl,spotify:artist:3alLVmjCpZjimiuKWZfzBb,3
3474,spotify:artist:7DHglFER2ajzSXJvNRwHJl,spotify:artist:2mDlFcPtgXtLF1gEshEInh,3
3475,spotify:artist:7DHglFER2ajzSXJvNRwHJl,spotify:artist:2CR3phISm4GRBJ8YtqV4bn,3
3476,spotify:artist:7DHglFER2ajzSXJvNRwHJl,spotify:artist:60LKzdjqtmposRWQbVnGAI,3
3477,spotify:artist:7DHglFER2ajzSXJvNRwHJl,spotify:artist:5bj2pIzyYR99GUinn9fKAN,3
3478,spotify:artist:7DHglFER2ajzSXJvNRwHJl,spotify:artist:0hhzU5raCBfze1Xpuf3ovY,3
3479,spotify:artist:7DHglFER2ajzSXJvNRwHJl,spotify:artist:3PWELXN8Bl961nrQGPVk3u,3
3480,spotify:artist:0lTzPzaJID2ijKztXSkWfH,spotify:artist:7c9qP8ZMGFTZKCqJphxQX2,3
3481,spotify:artist:0lTzPzaJID2ijKztXSkWfH,spotify:artist:2UKGuGLvM4j4qbxaGslLWT,3
3482,spotify:artist:0lTzPzaJID2ijKztXSkWfH,spotify:artist:2TQU7rRFno0VVx1d4pevd9,3
3483,spotify:artist:0lTzPzaJID2ijKztXSkWfH,spotify:artist:6fhkIAXBjXBaUf4UFjxibI,3
3484,spotify:artist:0lTzPzaJID2ijKztXSkWfH,spotify:artist:2yizBY9nAmEASrD7JpSMAf,3
3485,spotify:artist:0lTzPzaJID2ijKztXSkWfH,spotify:artist:1KXxnta4AThJEAyG9h6l91,3
3486,spotify:artist:0lTzPzaJID2ijKztXSkWfH,spotify:artist:1pvXfAzVXH0OB4X8QyWj0E,3
3487,spotify:artist:0lTzPzaJID2ijKztXSkWfH,spotify:artist:340ctNAVP8b6lK0zSVjqCF,3
3488,spotify:artist:0lTzPzaJID2ijKztXSkWfH,spotify:artist:02TVzdrw3UJqIBTo2Rp2sR,3
3489,spotify:artist:0lTzPzaJID2ijKztXSkWfH,spotify:artist:5bj2pIzyYR99GUinn9fKAN,3
3490,spotify:artist:0lTzPzaJID2ijKztXSkWfH,spotify:artist:3ytMiTBG7TnAOsA3Ql7eAs,3
3491,spotify:artist:0lTzPzaJID2ijKztXSkWfH,spotify:artist:0hmHLCGFE0UcxBgr3rLaoi,3
3492,spotify:artist:0lTzPzaJID2ijKztXSkWfH,spotify:artist:2Ynst7DZrEJnlaMM41ZCxd,3
3493,spotify:artist:0lTzPzaJID2ijKztXSkWfH,spotify:artist:3alLVmjCpZjimiuKWZfzBb,3
3494,spotify:artist:0lTzPzaJID2ijKztXSkWfH,spotify:artist:0T64jSsNTBy9Hg7ESia56D,3
3495,spotify:artist:0lTzPzaJID2ijKztXSkWfH,spotify:artist:63sO5Q3yMhnwKnm7RuzeNn,3
3496,spotify:artist:0lTzPzaJID2ijKztXSkWfH,spotify:artist:3drpM2KT4ZPS6Iusn4BUOY,3
3497,spotify:artist:0lTzPzaJID2ijKztXSkWfH,spotify:artist:7vc2Qv2rutj6XuJXklysRh,3
3498,spotify:artist:0lTzPzaJID2ijKztXSkWfH,spotify:artist:7hA1LNd4lisPMV7RLmxvg7,3
3499,spotify:artist:0lTzPzaJID2ijKztXSkWfH,spotify:artist:6lWRTt7KIsFeuwixhbgnTe,3
3500,spotify:artist:6lWRTt7KIsFeuwixhbgnTe,spotify:artist:63sO5Q3yMhnwKnm7RuzeNn,3
3501,spotify:artist:6lWRTt7KIsFeuwixhbgnTe,spotify:artist:7c9qP8ZMGFTZKCqJphxQX2,3
3502,spotify:artist:6lWRTt7KIsFeuwixhbgnTe,spotify:artist:4zgn0gvu50QzZuA9gIdSke,3
3503,spotify:artist:6lWRTt7KIsFeuwixhbgnTe,spotify:artist:0Wjkexp7T0lPejob6dcCvw,3
3504,spotify:artist:6lWRTt7KIsFeuwixhbgnTe,spotify:artist:1PVE74Pf9ejCjOzdxlsHC6,3
3505,spotify:artist:6lWRTt7KIsFeuwixhbgnTe,spotify:artist:78wqzhHzbh3i6N1uCrKSt4,3
3506,spotify:artist:6lWRTt7KIsFeuwixhbgnTe,spotify:artist:0hmHLCGFE0UcxBgr3rLaoi,3
3507,spotify:artist:6lWRTt7KIsFeuwixhbgnTe,spotify:artist:3U9CI4vQwxLoAeovpgT9ZH,3
3508,spotify:artist:6lWRTt7KIsFeuwixhbgnTe,spotify:artist:2z3yrAbHD0DtfQ3pd8hjVZ,3
3509,spotify:artist:6lWRTt7KIsFeuwixhbgnTe,spotify:artist:1jr0mAgIhKtTeKTZwk0HjF,3
3510,spotify:artist:6lWRTt7KIsFeuwixhbgnTe,spotify:artist:6A6B4fkbxVlQtNASPk5e2e,3
3511,spotify:artist:6lWRTt7KIsFeuwixhbgnTe,spotify:artist:34klgn70oBHN6jHktkjyAV,3
3512,spotify:artist:6lWRTt7KIsFeuwixhbgnTe,spotify:artist:3alLVmjCpZjimiuKWZfzBb,3
3513,spotify:artist:6lWRTt7KIsFeuwixhbgnTe,spotify:artist:1TlayDixkhMb8CbDXwKcyP,3
3514,spotify:artist:6lWRTt7KIsFeuwixhbgnTe,spotify:artist:2uKj5KsQWGyVwsXzpKXeBY,3
3515,spotify:artist:6lWRTt7KIsFeuwixhbgnTe,spotify:artist:0gDqh6nvSk3l7eZ4UVL3GG,3
3516,spotify:artist:6lWRTt7KIsFeuwixhbgnTe,spotify:artist:7MignPwWd7ZxlPi54KtLpp,3
3517,spotify:artist:6lWRTt7KIsFeuwixhbgnTe,spotify:artist:2gtVnbrVpID8VrotZPOg2a,3
3518,spotify:artist:6lWRTt7KIsFeuwixhbgnTe,spotify:artist:6vBfGWeXYiBmWUrmhOmOMP,3
3519,spotify:artist:6lWRTt7KIsFeuwixhbgnTe,spotify:artist:413rPqZ1Tgx88r6uZTxZHU,3
3520,spotify:artist:1ioFubkyRW98rgJuAaQHUV,spotify:artist:34SgyDEDqVlahIQRDttgCn,3
3521,spotify:artist:1ioFubkyRW98rgJuAaQHUV,spotify:artist:63sO5Q3yMhnwKnm7RuzeNn,3
3522,spotify:artist:1ioFubkyRW98rgJuAaQHUV,spotify:artist:0hmHLCGFE0UcxBgr3rLaoi,3
3523,spotify:artist:1ioFubkyRW98rgJuAaQHUV,spotify:artist:2uKj5KsQWGyVwsXzpKXeBY,3
3524,spotify:artist:1ioFubkyRW98rgJuAaQHUV,spotify:artist:1jr0mAgIhKtTeKTZwk0HjF,3
3525,spotify:artist:1ioFubkyRW98rgJuAaQHUV,spotify:artist:7c9qP8ZMGFTZKCqJphxQX2,3
3526,spotify:artist:1ioFubkyRW98rgJuAaQHUV,spotify:artist:2vJ1aFdCPa1wYLqrlTvKuY,3
3527,spotify:artist:1ioFubkyRW98rgJuAaQHUV,spotify:artist:6lWRTt7KIsFeuwixhbgnTe,3
3528,spotify:artist:1ioFubkyRW98rgJuAaQHUV,spotify:artist:6A6B4fkbxVlQtNASPk5e2e,3
3529,spotify:artist:1ioFubkyRW98rgJuAaQHUV,spotify:artist:3bEHj6WUeCJey0vLrffSQp,3
3530,spotify:artist:1ioFubkyRW98rgJuAaQHUV,spotify:artist:5bj2pIzyYR99GUinn9fKAN,3
3531,spotify:artist:1ioFubkyRW98rgJuAaQHUV,spotify:artist:3alLVmjCpZjimiuKWZfzBb,3
3532,spotify:artist:1ioFubkyRW98rgJuAaQHUV,spotify:artist:4zgn0gvu50QzZuA9gIdSke,3
3533,spotify:artist:1ioFubkyRW98rgJuAaQHUV,spotify:artist:6vBfGWeXYiBmWUrmhOmOMP,3
3534,spotify:artist:1ioFubkyRW98rgJuAaQHUV,spotify:artist:3ytMiTBG7TnAOsA3Ql7eAs,3
3535,spotify:artist:1ioFubkyRW98rgJuAaQHUV,spotify:artist:74MPnMOXUP0AhdXjgMiBpK,3
3536,spotify:artist:1ioFubkyRW98rgJuAaQHUV,spotify:artist:7MignPwWd7ZxlPi54KtLpp,3
3537,spotify:artist:1ioFubkyRW98rgJuAaQHUV,spotify:artist:02TVzdrw3UJqIBTo2Rp2sR,3
3538,spotify:artist:1ioFubkyRW98rgJuAaQHUV,spotify:artist:4m2iq2WEoxSFvOZd130HIQ,3
3539,spotify:artist:1ioFubkyRW98rgJuAaQHUV,spotify:artist:2z3yrAbHD0DtfQ3pd8hjVZ,3
3540,spotify:artist:4RDILcwzht7ytmigDk9ySj,spotify:artist:7EUf0mAPglMBZYb4jd3H6Q,3
3541,spotify:artist:4RDILcwzht7ytmigDk9ySj,spotify:artist:0mDQIgKwYkiFfvI2CberhR,3
3542,spotify:artist:4RDILcwzht7ytmigDk9ySj,spotify:artist:4m2iq2WEoxSFvOZd130HIQ,3
3543,spotify:artist:4RDILcwzht7ytmigDk9ySj,spotify:artist:63sO5Q3yMhnwKnm7RuzeNn,3
3544,spotify:artist:4RDILcwzht7ytmigDk9ySj,spotify:artist:34SgyDEDqVlahIQRDttgCn,3
3545,spotify:artist:4RDILcwzht7ytmigDk9ySj,spotify:artist:1jr0mAgIhKtTeKTZwk0HjF,3
3546,spotify:artist:4RDILcwzht7ytmigDk9ySj,spotify:artist:74MPnMOXUP0AhdXjgMiBpK,3
3547,spotify:artist:4RDILcwzht7ytmigDk9ySj,spotify:artist:3Hmfaw0SGZ6YBlH9ZkcUvC,3
3548,spotify:artist:4RDILcwzht7ytmigDk9ySj,spotify:artist:6A6B4fkbxVlQtNASPk5e2e,3
3549,spotify:artist:4RDILcwzht7ytmigDk9ySj,spotify:artist:0hmHLCGFE0UcxBgr3rLaoi,3
3550,spotify:artist:4RDILcwzht7ytmigDk9ySj,spotify:artist:6hwrqqoXR0zZalLtIuUQPk,3
3551,spotify:artist:4RDILcwzht7ytmigDk9ySj,spotify:artist:1ioFubkyRW98rgJuAaQHUV,3
3552,spotify:artist:4RDILcwzht7ytmigDk9ySj,spotify:artist:3bEHj6WUeCJey0vLrffSQp,3
3553,spotify:artist:4RDILcwzht7ytmigDk9ySj,spotify:artist:6vBfGWeXYiBmWUrmhOmOMP,3
3554,spotify:artist:4RDILcwzht7ytmigDk9ySj,spotify:artist:1peNOv8TAlb3Lu1IqaNf56,3
3555,spotify:artist:4RDILcwzht7ytmigDk9ySj,spotify:artist:6P28L8pwo2aaqT3Pxtebjw,3
3556,spotify:artist:4RDILcwzht7ytmigDk9ySj,spotify:artist:4zgn0gvu50QzZuA9gIdSke,3
3557,spotify:artist:4RDILcwzht7ytmigDk9ySj,spotify:artist:2cbf8lSm29egE3KU2CYeTA,3
3558,spotify:artist:4RDILcwzht7ytmigDk9ySj,spotify:artist:0gDqh6nvSk3l7eZ4UVL3GG,3
3559,spotify:artist:4RDILcwzht7ytmigDk9ySj,spotify:artist:1TlayDixkhMb8CbDXwKcyP,3
3560,spotify:artist:2yizBY9nAmEASrD7JpSMAf,spotify:artist:0lTzPzaJID2ijKztXSkWfH,3
3561,spotify:artist:2yizBY9nAmEASrD7JpSMAf,spotify:artist:2TQU7rRFno0VVx1d4pevd9,3
3562,spotify:artist:2yizBY9nAmEASrD7JpSMAf,spotify:artist:2UKGuGLvM4j4qbxaGslLWT,3
3563,spotify:artist:2yizBY9nAmEASrD7JpSMAf,spotify:artist:7c9qP8ZMGFTZKCqJphxQX2,3
3564,spotify:artist:2yizBY9nAmEASrD7JpSMAf,spotify:artist:6fhkIAXBjXBaUf4UFjxibI,3
3565,spotify:artist:2yizBY9nAmEASrD7JpSMAf,spotify:artist:1pvXfAzVXH0OB4X8QyWj0E,3
3566,spotify:artist:2yizBY9nAmEASrD7JpSMAf,spotify:artist:3ytMiTBG7TnAOsA3Ql7eAs,3
3567,spotify:artist:2yizBY9nAmEASrD7JpSMAf,spotify:artist:7jnDSK1hbbcZdjapo2bHzY,3
3568,spotify:artist:2yizBY9nAmEASrD7JpSMAf,spotify:artist:3drpM2KT4ZPS6Iusn4BUOY,3
3569,spotify:artist:2yizBY9nAmEASrD7JpSMAf,spotify:artist:2Ynst7DZrEJnlaMM41ZCxd,3
3570,spotify:artist:2yizBY9nAmEASrD7JpSMAf,spotify:artist:02TVzdrw3UJqIBTo2Rp2sR,3
3571,spotify:artist:2yizBY9nAmEASrD7JpSMAf,spotify:artist:340ctNAVP8b6lK0zSVjqCF,3
3572,spotify:artist:2yizBY9nAmEASrD7JpSMAf,spotify:artist:5bj2pIzyYR99GUinn9fKAN,3
3573,spotify:artist:2yizBY9nAmEASrD7JpSMAf,spotify:artist:3fCxdiR6eGEUVGruslnovV,3
3574,spotify:artist:2yizBY9nAmEASrD7JpSMAf,spotify:artist:3alLVmjCpZjimiuKWZfzBb,3
3575,spotify:artist:2yizBY9nAmEASrD7JpSMAf,spotify:artist:2uKj5KsQWGyVwsXzpKXeBY,3
3576,spotify:artist:2yizBY9nAmEASrD7JpSMAf,spotify:artist:1peNOv8TAlb3Lu1IqaNf56,3
3577,spotify:artist:2yizBY9nAmEASrD7JpSMAf,spotify:artist:6lWRTt7KIsFeuwixhbgnTe,3
3578,spotify:artist:2yizBY9nAmEASrD7JpSMAf,spotify:artist:2vJ1aFdCPa1wYLqrlTvKuY,3
3579,spotify:artist:2yizBY9nAmEASrD7JpSMAf,spotify:artist:2ehAgWXRXKHKEbwS1SlUB4,3
3580,spotify:artist:4m2iq2WEoxSFvOZd130HIQ,spotify:artist:74MPnMOXUP0AhdXjgMiBpK,3
3581,spotify:artist:4m2iq2WEoxSFvOZd130HIQ,spotify:artist:34SgyDEDqVlahIQRDttgCn,3
3582,spotify:artist:4m2iq2WEoxSFvOZd130HIQ,spotify:artist:1jr0mAgIhKtTeKTZwk0HjF,3
3583,spotify:artist:4m2iq2WEoxSFvOZd130HIQ,spotify:artist:3ytMiTBG7TnAOsA3Ql7eAs,3
3584,spotify:artist:4m2iq2WEoxSFvOZd130HIQ,spotify:artist:7c9qP8ZMGFTZKCqJphxQX2,3
3585,spotify:artist:4m2iq2WEoxSFvOZd130HIQ,spotify:artist:2vJ1aFdCPa1wYLqrlTvKuY,3
3586,spotify:artist:4m2iq2WEoxSFvOZd130HIQ,spotify:artist:02TVzdrw3UJqIBTo2Rp2sR,3
3587,spotify:artist:4m2iq2WEoxSFvOZd130HIQ,spotify:artist:4RDILcwzht7ytmigDk9ySj,3
3588,spotify:artist:4m2iq2WEoxSFvOZd130HIQ,spotify:artist:1ioFubkyRW98rgJuAaQHUV,3
3589,spotify:artist:4m2iq2WEoxSFvOZd130HIQ,spotify:artist:0hmHLCGFE0UcxBgr3rLaoi,3
3590,spotify:artist:4m2iq2WEoxSFvOZd130HIQ,spotify:artist:63sO5Q3yMhnwKnm7RuzeNn,3
3591,spotify:artist:4m2iq2WEoxSFvOZd130HIQ,spotify:artist:1peNOv8TAlb3Lu1IqaNf56,3
3592,spotify:artist:4m2iq2WEoxSFvOZd130HIQ,spotify:artist:3drpM2KT4ZPS6Iusn4BUOY,3
3593,spotify:artist:4m2iq2WEoxSFvOZd130HIQ,spotify:artist:5bj2pIzyYR99GUinn9fKAN,3
3594,spotify:artist:4m2iq2WEoxSFvOZd130HIQ,spotify:artist:2uKj5KsQWGyVwsXzpKXeBY,3
3595,spotify:artist:4m2iq2WEoxSFvOZd130HIQ,spotify:artist:6A6B4fkbxVlQtNASPk5e2e,3
3596,spotify:artist:4m2iq2WEoxSFvOZd130HIQ,spotify:artist:2jbPowmJ5OQ9c4HxLjLkZZ,3
3597,spotify:artist:4m2iq2WEoxSFvOZd130HIQ,spotify:artist:65eh0xb6XcODyhL6DGIu0e,3
3598,spotify:artist:4m2iq2WEoxSFvOZd130HIQ,spotify:artist:3Hmfaw0SGZ6YBlH9ZkcUvC,3
3599,spotify:artist:4m2iq2WEoxSFvOZd130HIQ,spotify:artist:3fCxdiR6eGEUVGruslnovV,3
3600,spotify:artist:5W10uJRsbt9bROJDKoI1Wn,spotify:artist:6sqZoZxe9BQwk7Zxh6STfF,3
3601,spotify:artist:5W10uJRsbt9bROJDKoI1Wn,spotify:artist:3GQboECxDT1xqPPWC30p7v,3
3602,spotify:artist:5W10uJRsbt9bROJDKoI1Wn,spotify:artist:2MPHBxznH1fj59jbOWY38u,3
3603,spotify:artist:5W10uJRsbt9bROJDKoI1Wn,spotify:artist:5X0dCi2aVnYEV27S8wgQdF,3
3604,spotify:artist:5W10uJRsbt9bROJDKoI1Wn,spotify:artist:0INatsTiEOX0EJimNTQjSM,3
3605,spotify:artist:5W10uJRsbt9bROJDKoI1Wn,spotify:artist:02zPEtdzUWnPToEVLRiQ7e,3
3606,spotify:artist:5W10uJRsbt9bROJDKoI1Wn,spotify:artist:1Goe2NezNnym45kco2xTk6,3
3607,spotify:artist:5W10uJRsbt9bROJDKoI1Wn,spotify:artist:0W79ONUwHoehEib1nRXlmi,3
3608,spotify:artist:5W10uJRsbt9bROJDKoI1Wn,spotify:artist:294lNTPZfdqyzt8qnxmFiL,3
3609,spotify:artist:5W10uJRsbt9bROJDKoI1Wn,spotify:artist:6f5lOlSFJw9K79gaNnmWAd,3
3610,spotify:artist:5W10uJRsbt9bROJDKoI1Wn,spotify:artist:1O9iHQjrVuiAYOJFCBeFSl,3
3611,spotify:artist:5W10uJRsbt9bROJDKoI1Wn,spotify:artist:09kXLeOXRyfNQMXRaDO4qA,3
3612,spotify:artist:5W10uJRsbt9bROJDKoI1Wn,spotify:artist:0JYlkNmu76Wu1DgvWNWq7X,3
3613,spotify:artist:5W10uJRsbt9bROJDKoI1Wn,spotify:artist:4UodukR17NIQfNu5uaqm9B,3
3614,spotify:artist:5W10uJRsbt9bROJDKoI1Wn,spotify:artist:2ueoLVCXQ948OfhVvAy3Nn,3
3615,spotify:artist:5W10uJRsbt9bROJDKoI1Wn,spotify:artist:24icoQNJSEWNu3XvqKBR68,3
3616,spotify:artist:5W10uJRsbt9bROJDKoI1Wn,spotify:artist:69qhRLDvsWJOhWGXXQ0lQQ,3
3617,spotify:artist:5W10uJRsbt9bROJDKoI1Wn,spotify:artist:17mwzDXKn4ra9cuxXaptwp,3
3618,spotify:artist:5W10uJRsbt9bROJDKoI1Wn,spotify:artist:7d64ZVOXg02y73HB5UMqkb,3
3619,spotify:artist:5W10uJRsbt9bROJDKoI1Wn,spotify:artist:0fEfMW5bypHZ0A8eLnhwj5,3
3620,spotify:artist:2MPHBxznH1fj59jbOWY38u,spotify:artist:6sqZoZxe9BQwk7Zxh6STfF,3
3621,spotify:artist:2MPHBxznH1fj59jbOWY38u,spotify:artist:02zPEtdzUWnPToEVLRiQ7e,3
3622,spotify:artist:2MPHBxznH1fj59jbOWY38u,spotify:artist:0JYlkNmu76Wu1DgvWNWq7X,3
3623,spotify:artist:2MPHBxznH1fj59jbOWY38u,spotify:artist:5X0dCi2aVnYEV27S8wgQdF,3
3624,spotify:artist:2MPHBxznH1fj59jbOWY38u,spotify:artist:0INatsTiEOX0EJimNTQjSM,3
3625,spotify:artist:2MPHBxznH1fj59jbOWY38u,spotify:artist:5W10uJRsbt9bROJDKoI1Wn,3
3626,spotify:artist:2MPHBxznH1fj59jbOWY38u,spotify:artist:3GQboECxDT1xqPPWC30p7v,3
3627,spotify:artist:2MPHBxznH1fj59jbOWY38u,spotify:artist:1Goe2NezNnym45kco2xTk6,3
3628,spotify:artist:2MPHBxznH1fj59jbOWY38u,spotify:artist:4UodukR17NIQfNu5uaqm9B,3
3629,spotify:artist:2MPHBxznH1fj59jbOWY38u,spotify:artist:6l7R1jntPahGxwJt7Tky8h,3
3630,spotify:artist:2MPHBxznH1fj59jbOWY38u,spotify:artist:3sGyf3EDcvQ4PB9AGIg84M,3
3631,spotify:artist:2MPHBxznH1fj59jbOWY38u,spotify:artist:0fEfMW5bypHZ0A8eLnhwj5,3
3632,spotify:artist:2MPHBxznH1fj59jbOWY38u,spotify:artist:3ETLPQkcEd7z4k3IbZmXMq,3
3633,spotify:artist:2MPHBxznH1fj59jbOWY38u,spotify:artist:09kXLeOXRyfNQMXRaDO4qA,3
3634,spotify:artist:2MPHBxznH1fj59jbOWY38u,spotify:artist:6f5lOlSFJw9K79gaNnmWAd,3
3635,spotify:artist:2MPHBxznH1fj59jbOWY38u,spotify:artist:1O9iHQjrVuiAYOJFCBeFSl,3
3636,spotify:artist:2MPHBxznH1fj59jbOWY38u,spotify:artist:4kIwETcbpuFgRukE8o7Opx,3
3637,spotify:artist:2MPHBxznH1fj59jbOWY38u,spotify:artist:17mwzDXKn4ra9cuxXaptwp,3
3638,spotify:artist:2MPHBxznH1fj59jbOWY38u,spotify:artist:294lNTPZfdqyzt8qnxmFiL,3
3639,spotify:artist:2MPHBxznH1fj59jbOWY38u,spotify:artist:5uNCGgWH5Id1cW8kh9Sc67,3
3640,spotify:artist:6VJZYivuYJGCrPuOAnI7Qo,spotify:artist:4fxp616ALtFWnXfwxnjLzW,3
3641,spotify:artist:6VJZYivuYJGCrPuOAnI7Qo,spotify:artist:7qHOphlWaJrfFa0BqpayDG,3
3642,spotify:artist:6VJZYivuYJGCrPuOAnI7Qo,spotify:artist:6UOcY6w4K6Ek5Lw5rFDHdP,3
3643,spotify:artist:6VJZYivuYJGCrPuOAnI7Qo,spotify:artist:05fo024EFotg9songSENOZ,3
3644,spotify:artist:6VJZYivuYJGCrPuOAnI7Qo,spotify:artist:6s92YZUPkTK1HL1WIGrPKE,3
3645,spotify:artist:6VJZYivuYJGCrPuOAnI7Qo,spotify:artist:5hE6NCoobhyEu6TRSbjOJY,3
3646,spotify:artist:6VJZYivuYJGCrPuOAnI7Qo,spotify:artist:7eQZTqEMozBcuSubfu52i4,3
3647,spotify:artist:6VJZYivuYJGCrPuOAnI7Qo,spotify:artist:6l77PmL5iuEEcYjGl8K6s7,3
3648,spotify:artist:6VJZYivuYJGCrPuOAnI7Qo,spotify:artist:7x3Y6pFeDGLJjv1V5uToHv,3
3649,spotify:artist:6VJZYivuYJGCrPuOAnI7Qo,spotify:artist:1v5bOzXbhrQ57qSvRwGA6s,3
3650,spotify:artist:6VJZYivuYJGCrPuOAnI7Qo,spotify:artist:6w7wqJo8dY6Q7BWIRFBFX3,3
3651,spotify:artist:6VJZYivuYJGCrPuOAnI7Qo,spotify:artist:2ueoLVCXQ948OfhVvAy3Nn,3
3652,spotify:artist:6VJZYivuYJGCrPuOAnI7Qo,spotify:artist:1WHoAjAWGx5qLsgzpaOk7W,3
3653,spotify:artist:6VJZYivuYJGCrPuOAnI7Qo,spotify:artist:0fEfMW5bypHZ0A8eLnhwj5,3
3654,spotify:artist:6VJZYivuYJGCrPuOAnI7Qo,spotify:artist:2mAYpnSe3g2Y22JcZ2ddku,3
3655,spotify:artist:6VJZYivuYJGCrPuOAnI7Qo,spotify:artist:3qwabfaWewpfli7hMNM3O8,3
3656,spotify:artist:6VJZYivuYJGCrPuOAnI7Qo,spotify:artist:4SQdUpG4f7UbkJG3cJ2Iyj,3
3657,spotify:artist:6VJZYivuYJGCrPuOAnI7Qo,spotify:artist:7zHIrsSBL7A0gEJfzv1m7z,3
3658,spotify:artist:6VJZYivuYJGCrPuOAnI7Qo,spotify:artist:6nB0iY1cjSY1KyhYyuIIKH,3
3659,spotify:artist:6VJZYivuYJGCrPuOAnI7Qo,spotify:artist:4zrFO6P7G6EZry0pfxMfKT,3
3660,spotify:artist:6Y5DNQAHBjLtlb7xPOmk3N,spotify:artist:4wJoiQmG43ZNUSvlj6uDYv,3
3661,spotify:artist:6Y5DNQAHBjLtlb7xPOmk3N,spotify:artist:0dOZQGyxb6MGkTnRAxKmmi,3
3662,spotify:artist:6Y5DNQAHBjLtlb7xPOmk3N,spotify:artist:1Ml1ICUucZgJMx8Y4t9aJo,3
3663,spotify:artist:6Y5DNQAHBjLtlb7xPOmk3N,spotify:artist:2eIjpwW853WkGtvIMukeRZ,3
3664,spotify:artist:6Y5DNQAHBjLtlb7xPOmk3N,spotify:artist:2941g2EP7e8x7Kv3EukgmD,3
3665,spotify:artist:6Y5DNQAHBjLtlb7xPOmk3N,spotify:artist:0uKndkSvFjmZxg61p1YLEs,3
3666,spotify:artist:6Y5DNQAHBjLtlb7xPOmk3N,spotify:artist:50BCMY83zGytSWWBM2euda,3
3667,spotify:artist:6Y5DNQAHBjLtlb7xPOmk3N,spotify:artist:1yMAtMXGMzshFmyog2PY6W,3
3668,spotify:artist:6Y5DNQAHBjLtlb7xPOmk3N,spotify:artist:4xrsK22CWDEPYIrreVE018,3
3669,spotify:artist:6Y5DNQAHBjLtlb7xPOmk3N,spotify:artist:1aAwAVypEAUVCgMy67bprS,3
3670,spotify:artist:6Y5DNQAHBjLtlb7xPOmk3N,spotify:artist:2olZnrkMJFY0BnGZM7vWMV,3
3671,spotify:artist:6Y5DNQAHBjLtlb7xPOmk3N,spotify:artist:6PzSxetFOE72bmEObwo8rl,3
3672,spotify:artist:6Y5DNQAHBjLtlb7xPOmk3N,spotify:artist:5ZE0kmMU5Iua0XItSwxKqp,3
3673,spotify:artist:6Y5DNQAHBjLtlb7xPOmk3N,spotify:artist:1CViKOoXPg99pi9aeyvdC1,3
3674,spotify:artist:6Y5DNQAHBjLtlb7xPOmk3N,spotify:artist:3CR7n4hexD7pE3BRnLEDUJ,3
3675,spotify:artist:6Y5DNQAHBjLtlb7xPOmk3N,spotify:artist:5Fqo8DZWADK2ETXidPDUW8,3
3676,spotify:artist:6Y5DNQAHBjLtlb7xPOmk3N,spotify:artist:70qTlM4lQsyQKSX6ZG56mn,3
3677,spotify:artist:6Y5DNQAHBjLtlb7xPOmk3N,spotify:artist:3TZ6Mxn3L5WgSMhXaQtHa0,3
3678,spotify:artist:6Y5DNQAHBjLtlb7xPOmk3N,spotify:artist:780OO1ezARFhKFOM4TKOjI,3
3679,spotify:artist:6Y5DNQAHBjLtlb7xPOmk3N,spotify:artist:11s57qoiAhGly26pUmZhO6,3
3680,spotify:artist:5l39d1wBRlqBC1qhXmYCuu,spotify:artist:4QlgeNz8Uf8xF0f0LNjCbf,3
3681,spotify:artist:5l39d1wBRlqBC1qhXmYCuu,spotify:artist:0Weus9dOTFjSa7Kv230UsI,3
3682,spotify:artist:5l39d1wBRlqBC1qhXmYCuu,spotify:artist:2eIjpwW853WkGtvIMukeRZ,3
3683,spotify:artist:5l39d1wBRlqBC1qhXmYCuu,spotify:artist:6Y5DNQAHBjLtlb7xPOmk3N,3
3684,spotify:artist:5l39d1wBRlqBC1qhXmYCuu,spotify:artist:4wJoiQmG43ZNUSvlj6uDYv,3
3685,spotify:artist:5l39d1wBRlqBC1qhXmYCuu,spotify:artist:1yMAtMXGMzshFmyog2PY6W,3
3686,spotify:artist:5l39d1wBRlqBC1qhXmYCuu,spotify:artist:4UhNEvY4mAznOBZJkbXX8E,3
3687,spotify:artist:5l39d1wBRlqBC1qhXmYCuu,spotify:artist:6vjSe2s28Kipl73F9tWhWh,3
3688,spotify:artist:5l39d1wBRlqBC1qhXmYCuu,spotify:artist:07Pw9XQo0hIwtKRrBwo0Rl,3
3689,spotify:artist:5l39d1wBRlqBC1qhXmYCuu,spotify:artist:5ZE0kmMU5Iua0XItSwxKqp,3
3690,spotify:artist:5l39d1wBRlqBC1qhXmYCuu,spotify:artist:04Hrgux8cIaNJKUAX7WwJN,3
3691,spotify:artist:5l39d1wBRlqBC1qhXmYCuu,spotify:artist:0dOZQGyxb6MGkTnRAxKmmi,3
3692,spotify:artist:5l39d1wBRlqBC1qhXmYCuu,spotify:artist:7AcV1lk8Zrgo1691PDWEle,3
3693,spotify:artist:5l39d1wBRlqBC1qhXmYCuu,spotify:artist:1CViKOoXPg99pi9aeyvdC1,3
3694,spotify:artist:5l39d1wBRlqBC1qhXmYCuu,spotify:artist:780OO1ezARFhKFOM4TKOjI,3
3695,spotify:artist:5l39d1wBRlqBC1qhXmYCuu,spotify:artist:5Fqo8DZWADK2ETXidPDUW8,3
3696,spotify:artist:5l39d1wBRlqBC1qhXmYCuu,spotify:artist:50BCMY83zGytSWWBM2euda,3
3697,spotify:artist:5l39d1wBRlqBC1qhXmYCuu,spotify:artist:1b3F5FI7TX4IWTNA4P1kWp,3
3698,spotify:artist:5l39d1wBRlqBC1qhXmYCuu,spotify:artist:1ChWj9EwLoK9J0hnHMgKHj,3
3699,spotify:artist:5l39d1wBRlqBC1qhXmYCuu,spotify:artist:4qdVIjJlcWfH8Y1l9Rbcpc,3
3700,spotify:artist:2oTq85rZFxkflPCbDUGs6d,spotify:artist:0x3sTIYnP56TnL6bbyMU2i,3
3701,spotify:artist:2oTq85rZFxkflPCbDUGs6d,spotify:artist:2iWb4skzSlf6dMTu1DS18J,3
3702,spotify:artist:2oTq85rZFxkflPCbDUGs6d,spotify:artist:7w0e6inAfRWIEb9tWVgB7a,3
3703,spotify:artist:2oTq85rZFxkflPCbDUGs6d,spotify:artist:4zrFO6P7G6EZry0pfxMfKT,3
3704,spotify:artist:2oTq85rZFxkflPCbDUGs6d,spotify:artist:5P1tdwsQdI6z9MXXfmYRDS,3
3705,spotify:artist:2oTq85rZFxkflPCbDUGs6d,spotify:artist:5Ijj1CZ7i0VFZ6Ghrmij2K,3
3706,spotify:artist:2oTq85rZFxkflPCbDUGs6d,spotify:artist:3b0YRaadaoMwK4STNVeHGF,3
3707,spotify:artist:2oTq85rZFxkflPCbDUGs6d,spotify:artist:0taCSk8CSQVl8RZhV4tU5N,3
3708,spotify:artist:2oTq85rZFxkflPCbDUGs6d,spotify:artist:2E70ENJNHoACgzTkJ3QnO4,3
3709,spotify:artist:2oTq85rZFxkflPCbDUGs6d,spotify:artist:6Xx57uhlmBUkH1DOxqTWZM,3
3710,spotify:artist:2oTq85rZFxkflPCbDUGs6d,spotify:artist:0a2wpJgit9EwBAjKbHCpVX,3
3711,spotify:artist:2oTq85rZFxkflPCbDUGs6d,spotify:artist:7sx3r4lMo079vO7lIi0fng,3
3712,spotify:artist:2oTq85rZFxkflPCbDUGs6d,spotify:artist:4e9FOKctNAC68ii4bR9ucZ,3
3713,spotify:artist:2oTq85rZFxkflPCbDUGs6d,spotify:artist:636k3cBTCgdZfXzCj7Cuaa,3
3714,spotify:artist:2oTq85rZFxkflPCbDUGs6d,spotify:artist:1sSUBGud3QgpkiaQ27XDIm,3
3715,spotify:artist:2oTq85rZFxkflPCbDUGs6d,spotify:artist:4RIOH6XCUt1Xr8NLUj2u66,3
3716,spotify:artist:2oTq85rZFxkflPCbDUGs6d,spotify:artist:6rqXNMsClfcGgr3LggF7xL,3
3717,spotify:artist:2oTq85rZFxkflPCbDUGs6d,spotify:artist:6e6GkaF6uiSEFuTrlvDJUF,3
3718,spotify:artist:2oTq85rZFxkflPCbDUGs6d,spotify:artist:696uMzB97pg2uqfzmK3MvO,3
3719,spotify:artist:2oTq85rZFxkflPCbDUGs6d,spotify:artist:3DL71JYSG6VREkmLSzfWhU,3
3720,spotify:artist:55FBDBLWXQ2sokFravrxop,spotify:artist:3flcjKgRCeBVZTR8n8iShE,3
3721,spotify:artist:55FBDBLWXQ2sokFravrxop,spotify:artist:4tyWwKFEbho8Vh4qczqbIo,3
3722,spotify:artist:55FBDBLWXQ2sokFravrxop,spotify:artist:6hNOG85RpnNVlDUvl6jNF0,3
3723,spotify:artist:55FBDBLWXQ2sokFravrxop,spotify:artist:03ea3NpRpQcEd3HpjfL1Gl,3
3724,spotify:artist:55FBDBLWXQ2sokFravrxop,spotify:artist:3Z2T6mI5rrWuijYZkclFEN,3
3725,spotify:artist:55FBDBLWXQ2sokFravrxop,spotify:artist:5Oj5jQ98vsoHeIGqCS9Dfq,3
3726,spotify:artist:55FBDBLWXQ2sokFravrxop,spotify:artist:6Y5DNQAHBjLtlb7xPOmk3N,3
3727,spotify:artist:55FBDBLWXQ2sokFravrxop,spotify:artist:0YJ3i0Hjw7aUuBoe4rUfPQ,3
3728,spotify:artist:55FBDBLWXQ2sokFravrxop,spotify:artist:1eBaQkCXWlq1vhCLMVFdqn,3
3729,spotify:artist:55FBDBLWXQ2sokFravrxop,spotify:artist:3MjlXVCfmLdY9QQ2GCd7iA,3
3730,spotify:artist:55FBDBLWXQ2sokFravrxop,spotify:artist:5ZkuGe2wkDbeL8JmmhvMOx,3
3731,spotify:artist:55FBDBLWXQ2sokFravrxop,spotify:artist:6HwxMgE895sejjGFin9Gvm,3
3732,spotify:artist:55FBDBLWXQ2sokFravrxop,spotify:artist:0EdZov8Gv5SHN4IVF3b4m8,3
3733,spotify:artist:55FBDBLWXQ2sokFravrxop,spotify:artist:5l39d1wBRlqBC1qhXmYCuu,3
3734,spotify:artist:55FBDBLWXQ2sokFravrxop,spotify:artist:0cx7XJlc5Yms6l3YcDC0h1,3
3735,spotify:artist:55FBDBLWXQ2sokFravrxop,spotify:artist:1s806zCT9QwrPEKEa0EEsx,3
3736,spotify:artist:55FBDBLWXQ2sokFravrxop,spotify:artist:3neEMGDQjPZ0DBCPKgW4og,3
3737,spotify:artist:55FBDBLWXQ2sokFravrxop,spotify:artist:3tYY43HzH3E0ORW0qAYc9M,3
3738,spotify:artist:55FBDBLWXQ2sokFravrxop,spotify:artist:0O2Cp1N0zBGTFbxFUkOs96,3
3739,spotify:artist:55FBDBLWXQ2sokFravrxop,spotify:artist:1YS0HL7FXRhO4x9XaBuato,3
3740,spotify:artist:5Oj5jQ98vsoHeIGqCS9Dfq,spotify:artist:6Y5DNQAHBjLtlb7xPOmk3N,3
3741,spotify:artist:5Oj5jQ98vsoHeIGqCS9Dfq,spotify:artist:6hNOG85RpnNVlDUvl6jNF0,3
3742,spotify:artist:5Oj5jQ98vsoHeIGqCS9Dfq,spotify:artist:5l39d1wBRlqBC1qhXmYCuu,3
3743,spotify:artist:5Oj5jQ98vsoHeIGqCS9Dfq,spotify:artist:3flcjKgRCeBVZTR8n8iShE,3
3744,spotify:artist:5Oj5jQ98vsoHeIGqCS9Dfq,spotify:artist:03ea3NpRpQcEd3HpjfL1Gl,3
3745,spotify:artist:5Oj5jQ98vsoHeIGqCS9Dfq,spotify:artist:55FBDBLWXQ2sokFravrxop,3
3746,spotify:artist:5Oj5jQ98vsoHeIGqCS9Dfq,spotify:artist:3Z2T6mI5rrWuijYZkclFEN,3
3747,spotify:artist:5Oj5jQ98vsoHeIGqCS9Dfq,spotify:artist:4tyWwKFEbho8Vh4qczqbIo,3
3748,spotify:artist:5Oj5jQ98vsoHeIGqCS9Dfq,spotify:artist:1eBaQkCXWlq1vhCLMVFdqn,3
3749,spotify:artist:5Oj5jQ98vsoHeIGqCS9Dfq,spotify:artist:3tYY43HzH3E0ORW0qAYc9M,3
3750,spotify:artist:5Oj5jQ98vsoHeIGqCS9Dfq,spotify:artist:3MjlXVCfmLdY9QQ2GCd7iA,3
3751,spotify:artist:5Oj5jQ98vsoHeIGqCS9Dfq,spotify:artist:2eIjpwW853WkGtvIMukeRZ,3
3752,spotify:artist:5Oj5jQ98vsoHeIGqCS9Dfq,spotify:artist:6HwxMgE895sejjGFin9Gvm,3
3753,spotify:artist:5Oj5jQ98vsoHeIGqCS9Dfq,spotify:artist:5I5uSqffwEQVxqTbsmqxNQ,3
3754,spotify:artist:5Oj5jQ98vsoHeIGqCS9Dfq,spotify:artist:6dX1EJC9XFlM8Ql1wGHC55,3
3755,spotify:artist:5Oj5jQ98vsoHeIGqCS9Dfq,spotify:artist:1xq3iidMUB1FTy5c7WcfyC,3
3756,spotify:artist:5Oj5jQ98vsoHeIGqCS9Dfq,spotify:artist:6vfxDPW9Lc9tAMVy0oeqiB,3
3757,spotify:artist:5Oj5jQ98vsoHeIGqCS9Dfq,spotify:artist:1ChWj9EwLoK9J0hnHMgKHj,3
3758,spotify:artist:5Oj5jQ98vsoHeIGqCS9Dfq,spotify:artist:4RfOLIFy2xEmlWzXEVmLJn,3
3759,spotify:artist:5Oj5jQ98vsoHeIGqCS9Dfq,spotify:artist:1YS0HL7FXRhO4x9XaBuato,3
3760,spotify:artist:7xfBWpNiwO2yteiY68OB6C,spotify:artist:6Af4zImb75tO0LxOAEdUI1,3
3761,spotify:artist:7xfBWpNiwO2yteiY68OB6C,spotify:artist:4nIgCJvBTi7M3pFn2ELhxm,3
3762,spotify:artist:7xfBWpNiwO2yteiY68OB6C,spotify:artist:6Wpezkbiv0IrYhUs5eajUv,3
3763,spotify:artist:7xfBWpNiwO2yteiY68OB6C,spotify:artist:6FP6ynzSPeBFX46vkI1OsW,3
3764,spotify:artist:7xfBWpNiwO2yteiY68OB6C,spotify:artist:5IzQ6cbQ5QAL3fmUwlTHRK,3
3765,spotify:artist:7xfBWpNiwO2yteiY68OB6C,spotify:artist:2OxpabNi4aYOEkHHZ6ydub,3
3766,spotify:artist:7xfBWpNiwO2yteiY68OB6C,spotify:artist:2nBxn9F3ekxTZWh9lCS5dy,3
3767,spotify:artist:7xfBWpNiwO2yteiY68OB6C,spotify:artist:3c78RGXMpRW2lwP8NQeUQ2,3
3768,spotify:artist:7xfBWpNiwO2yteiY68OB6C,spotify:artist:1BCUHvti8crTWtc0h0U4W4,3
3769,spotify:artist:7xfBWpNiwO2yteiY68OB6C,spotify:artist:0h71X1g6FJuanP96HHvGmg,3
3770,spotify:artist:7xfBWpNiwO2yteiY68OB6C,spotify:artist:3b0YRaadaoMwK4STNVeHGF,3
3771,spotify:artist:7xfBWpNiwO2yteiY68OB6C,spotify:artist:14H1XUmtWYzRHCQDkoee97,3
3772,spotify:artist:7xfBWpNiwO2yteiY68OB6C,spotify:artist:4kANxfLenUobb7t5fHSrgA,3
3773,spotify:artist:7xfBWpNiwO2yteiY68OB6C,spotify:artist:5E3H2KyR31E2Dj3K6vIUe9,3
3774,spotify:artist:7xfBWpNiwO2yteiY68OB6C,spotify:artist:75TbeIn4Wn8el2GrzJv6qV,3
3775,spotify:artist:7xfBWpNiwO2yteiY68OB6C,spotify:artist:3g62tZ8oYAPmT5GMJzLrvh,3
3776,spotify:artist:7xfBWpNiwO2yteiY68OB6C,spotify:artist:7KuwV2EmdnmeUtSd7TRsPN,3
3777,spotify:artist:7xfBWpNiwO2yteiY68OB6C,spotify:artist:54N4voTBO17fp6dEegF4qa,3
3778,spotify:artist:7xfBWpNiwO2yteiY68OB6C,spotify:artist:0TuxD3IK2QvHwgvacDPk9Q,3
3779,spotify:artist:7xfBWpNiwO2yteiY68OB6C,spotify:artist:2DcBLRfgPEhX6q6366QZnG,3
3780,spotify:artist:5upKpIk1pv0hh0u2gwblwy,spotify:artist:0W8WpLB5WoXLgiA193LXk6,3
3781,spotify:artist:5upKpIk1pv0hh0u2gwblwy,spotify:artist:6Y5DNQAHBjLtlb7xPOmk3N,3
3782,spotify:artist:5upKpIk1pv0hh0u2gwblwy,spotify:artist:5l39d1wBRlqBC1qhXmYCuu,3
3783,spotify:artist:5upKpIk1pv0hh0u2gwblwy,spotify:artist:4G5ZJny3HvX6Il7eHVfnNC,3
3784,spotify:artist:5upKpIk1pv0hh0u2gwblwy,spotify:artist:4RfOLIFy2xEmlWzXEVmLJn,3
3785,spotify:artist:5upKpIk1pv0hh0u2gwblwy,spotify:artist:0QnqZZKkxzvl9bnSJnoV8E,3
3786,spotify:artist:5upKpIk1pv0hh0u2gwblwy,spotify:artist:6dX1EJC9XFlM8Ql1wGHC55,3
3787,spotify:artist:5upKpIk1pv0hh0u2gwblwy,spotify:artist:7xT0arvCDupDU1YYy0BNv9,3
3788,spotify:artist:5upKpIk1pv0hh0u2gwblwy,spotify:artist:7F6474dJ7eusD2MkXm2Lwx,3
3789,spotify:artist:5upKpIk1pv0hh0u2gwblwy,spotify:artist:4NXdiYnTn0W2hblJ1WphGh,3
3790,spotify:artist:5upKpIk1pv0hh0u2gwblwy,spotify:artist:73mSg0dykFyhvU96tb5xQV,3
3791,spotify:artist:5upKpIk1pv0hh0u2gwblwy,spotify:artist:65CKKZilbcSKkAPC9a5Mvh,3
3792,spotify:artist:5upKpIk1pv0hh0u2gwblwy,spotify:artist:6hNOG85RpnNVlDUvl6jNF0,3
3793,spotify:artist:5upKpIk1pv0hh0u2gwblwy,spotify:artist:6sz0k1q2aEtG5dxEgr4YWV,3
3794,spotify:artist:5upKpIk1pv0hh0u2gwblwy,spotify:artist:3flcjKgRCeBVZTR8n8iShE,3
3795,spotify:artist:5upKpIk1pv0hh0u2gwblwy,spotify:artist:3ccVtqcqedranb7y8eywJ5,3
3796,spotify:artist:5upKpIk1pv0hh0u2gwblwy,spotify:artist:6HwxMgE895sejjGFin9Gvm,3
3797,spotify:artist:5upKpIk1pv0hh0u2gwblwy,spotify:artist:3zoI6a44G3uKajViwC9Plp,3
3798,spotify:artist:5upKpIk1pv0hh0u2gwblwy,spotify:artist:4fd3n8zcAmsG2up1QWDNj5,3
3799,spotify:artist:5upKpIk1pv0hh0u2gwblwy,spotify:artist:0I6bdBR4Q7uoc3HI1OgI8C,3
3800,spotify:artist:2ueoLVCXQ948OfhVvAy3Nn,spotify:artist:2wJ4vsxWd7df7dRU4KcoDe,3
3801,spotify:artist:2ueoLVCXQ948OfhVvAy3Nn,spotify:artist:6fLrPFLWLSCrp7gcTZXcKb,3
3802,spotify:artist:2ueoLVCXQ948OfhVvAy3Nn,spotify:artist:5VF0YkVLeVD4ytyiyVSIiF,3
3803,spotify:artist:2ueoLVCXQ948OfhVvAy3Nn,spotify:artist:1ybAN3utgdoUL1MUCtH4QM,3
3804,spotify:artist:2ueoLVCXQ948OfhVvAy3Nn,spotify:artist:22ojy4H4ZVpowC4lRRC8In,3
3805,spotify:artist:2ueoLVCXQ948OfhVvAy3Nn,spotify:artist:5uTJLo3c4ZHpH8oEwGxYUN,3
3806,spotify:artist:2ueoLVCXQ948OfhVvAy3Nn,spotify:artist:38zTZcuN7nFvVJ6auhc6V3,3
3807,spotify:artist:2ueoLVCXQ948OfhVvAy3Nn,spotify:artist:31uyAcnY0kjjKKIQZMKX4i,3
3808,spotify:artist:2ueoLVCXQ948OfhVvAy3Nn,spotify:artist:0bsV0sUjnCuCTYOnNHQl3E,3
3809,spotify:artist:2ueoLVCXQ948OfhVvAy3Nn,spotify:artist:3AmgGrYHXqgbmZ2yKoIVzO,3
3810,spotify:artist:2ueoLVCXQ948OfhVvAy3Nn,spotify:artist:2Jv5eshHtLycR6R8KQCdc4,3
3811,spotify:artist:2ueoLVCXQ948OfhVvAy3Nn,spotify:artist:6mKqFxGMS5TGDZI3XkT5Rt,3
3812,spotify:artist:2ueoLVCXQ948OfhVvAy3Nn,spotify:artist:2iUVQjheBnvOt8vaBrxXJz,3
3813,spotify:artist:2ueoLVCXQ948OfhVvAy3Nn,spotify:artist:7bcbShaqKdcyjnmv4Ix8j6,3
3814,spotify:artist:2ueoLVCXQ948OfhVvAy3Nn,spotify:artist:3AHFDfqhSqPBecjQDIOIJA,3
3815,spotify:artist:2ueoLVCXQ948OfhVvAy3Nn,spotify:artist:7hAolICGSgXJuM6DUpK5rp,3
3816,spotify:artist:2ueoLVCXQ948OfhVvAy3Nn,spotify:artist:1wmiQ6ytATiGnJs6uFluKO,3
3817,spotify:artist:2ueoLVCXQ948OfhVvAy3Nn,spotify:artist:5QuBVnBPEzwYvFrgBbwpmU,3
3818,spotify:artist:2ueoLVCXQ948OfhVvAy3Nn,spotify:artist:1jwOuEBcOKq0BeudSarbEM,3
3819,spotify:artist:2ueoLVCXQ948OfhVvAy3Nn,spotify:artist:7MoIc5s9KXolCBH1fy9kkw,3
3820,spotify:artist:29RBsjDGD1p2bmk7IilXct,spotify:artist:1lIG8lqWxus7LqThGUXMa1,3
3821,spotify:artist:29RBsjDGD1p2bmk7IilXct,spotify:artist:5sEmwxBNJizU2RUfVNo6BC,3
3822,spotify:artist:29RBsjDGD1p2bmk7IilXct,spotify:artist:7F6surn3OpdyOzupSawyli,3
3823,spotify:artist:29RBsjDGD1p2bmk7IilXct,spotify:artist:22ZiDrzGc0fi8wGMaHPmtX,3
3824,spotify:artist:29RBsjDGD1p2bmk7IilXct,spotify:artist:5VHtlZ44YzNmJY3G7nF944,3
3825,spotify:artist:29RBsjDGD1p2bmk7IilXct,spotify:artist:5KXbASGgemRL6AkTtwH1if,3
3826,spotify:artist:29RBsjDGD1p2bmk7IilXct,spotify:artist:26HZcBntJsXRix4UH8VpL8,3
3827,spotify:artist:29RBsjDGD1p2bmk7IilXct,spotify:artist:6UJMGTzCvEMmjfFlj34gPU,3
3828,spotify:artist:29RBsjDGD1p2bmk7IilXct,spotify:artist:3nK3g8gepznclCgELRG9JR,3
3829,spotify:artist:29RBsjDGD1p2bmk7IilXct,spotify:artist:6KMFhD0SFLgUNoQJGxf37V,3
3830,spotify:artist:29RBsjDGD1p2bmk7IilXct,spotify:artist:2LEinBhufpsqT17c5XYomF,3
3831,spotify:artist:29RBsjDGD1p2bmk7IilXct,spotify:artist:0oE1QxknblYdWQt51QjyrG,3
3832,spotify:artist:29RBsjDGD1p2bmk7IilXct,spotify:artist:7p8IggUKyVuZy23HxdiNY9,3
3833,spotify:artist:29RBsjDGD1p2bmk7IilXct,spotify:artist:1jYpJw3SwzAvRKqmGQalrm,3
3834,spotify:artist:29RBsjDGD1p2bmk7IilXct,spotify:artist:2I5SzHTskqEe8LJl4IvwnT,3
3835,spotify:artist:29RBsjDGD1p2bmk7IilXct,spotify:artist:5cxl2myOakg9OH8q7nh1th,3
3836,spotify:artist:29RBsjDGD1p2bmk7IilXct,spotify:artist:43BnUJBWDZs1vEHVIStQRR,3
3837,spotify:artist:29RBsjDGD1p2bmk7IilXct,spotify:artist:6NxcE1vZdlUZCnuitqIuHS,3
3838,spotify:artist:29RBsjDGD1p2bmk7IilXct,spotify:artist:6SY4hPB2QITF4kQUui96EP,3
3839,spotify:artist:29RBsjDGD1p2bmk7IilXct,spotify:artist:2RWaZohsuqSJX9xWX3p95G,3
3840,spotify:artist:04vj3iPUiVh5melWr0w3xT,spotify:artist:61CPKXT0bcKj8MKTNTMOXa,3
3841,spotify:artist:04vj3iPUiVh5melWr0w3xT,spotify:artist:4QM5QCHicznALtX885CnZC,3
3842,spotify:artist:04vj3iPUiVh5melWr0w3xT,spotify:artist:4Ge8xMJNwt6EEXOzVXju9a,3
3843,spotify:artist:04vj3iPUiVh5melWr0w3xT,spotify:artist:3sXErEOw7EmO6Sj7EgjHdU,3
3844,spotify:artist:04vj3iPUiVh5melWr0w3xT,spotify:artist:1qpR5mURxk3d8f6mww6uKT,3
3845,spotify:artist:04vj3iPUiVh5melWr0w3xT,spotify:artist:6xdRb2GypJ7DqnWAI2mHGn,3
3846,spotify:artist:04vj3iPUiVh5melWr0w3xT,spotify:artist:5QuBVnBPEzwYvFrgBbwpmU,3
3847,spotify:artist:04vj3iPUiVh5melWr0w3xT,spotify:artist:1xcMOgFUM1IYZE22YjCvsL,3
3848,spotify:artist:04vj3iPUiVh5melWr0w3xT,spotify:artist:2oVrruuEI0Dr2I4NvLtQS0,3
3849,spotify:artist:04vj3iPUiVh5melWr0w3xT,spotify:artist:202HZzqKvPsMHcbwnDZx7u,3
3850,spotify:artist:04vj3iPUiVh5melWr0w3xT,spotify:artist:4Ui2kfOqGujY81UcPrb5KE,3
3851,spotify:artist:04vj3iPUiVh5melWr0w3xT,spotify:artist:5TEGxYftTkeKmLXkZjHNUE,3
3852,spotify:artist:04vj3iPUiVh5melWr0w3xT,spotify:artist:27ze6hCgfr3HcDZAHY60pg,3
3853,spotify:artist:04vj3iPUiVh5melWr0w3xT,spotify:artist:7hAolICGSgXJuM6DUpK5rp,3
3854,spotify:artist:04vj3iPUiVh5melWr0w3xT,spotify:artist:3K2zB87GZv1krx031en5VA,3
3855,spotify:artist:04vj3iPUiVh5melWr0w3xT,spotify:artist:06knYh538h5SI7OAEF8ek3,3
3856,spotify:artist:04vj3iPUiVh5melWr0w3xT,spotify:artist:6SYIsHAQ1sPokVxmzpaDBU,3
3857,spotify:artist:04vj3iPUiVh5melWr0w3xT,spotify:artist:3qwabfaWewpfli7hMNM3O8,3
3858,spotify:artist:04vj3iPUiVh5melWr0w3xT,spotify:artist:2ueoLVCXQ948OfhVvAy3Nn,3
3859,spotify:artist:04vj3iPUiVh5melWr0w3xT,spotify:artist:6UE7nl9mha6s8z0wFQFIZ2,3
3860,spotify:artist:1O9iHQjrVuiAYOJFCBeFSl,spotify:artist:4qNZw759AdHSMugyDMrIlF,3
3861,spotify:artist:1O9iHQjrVuiAYOJFCBeFSl,spotify:artist:7rlAAAiWScpsT1hmgURAmh,3
3862,spotify:artist:1O9iHQjrVuiAYOJFCBeFSl,spotify:artist:0fEfMW5bypHZ0A8eLnhwj5,3
3863,spotify:artist:1O9iHQjrVuiAYOJFCBeFSl,spotify:artist:7o2Y6TQr9B0ynZGhUDAkyj,3
3864,spotify:artist:1O9iHQjrVuiAYOJFCBeFSl,spotify:artist:0qu422H5MOoQxGjd4IzHbS,3
3865,spotify:artist:1O9iHQjrVuiAYOJFCBeFSl,spotify:artist:7jHWye55igIZ6SsF4eXKkP,3
3866,spotify:artist:1O9iHQjrVuiAYOJFCBeFSl,spotify:artist:5MraexJKZDrQYzS98kNwie,3
3867,spotify:artist:1O9iHQjrVuiAYOJFCBeFSl,spotify:artist:2MPHBxznH1fj59jbOWY38u,3
3868,spotify:artist:1O9iHQjrVuiAYOJFCBeFSl,spotify:artist:3M3wTTCDwicRubwMyHyEDy,3
3869,spotify:artist:1O9iHQjrVuiAYOJFCBeFSl,spotify:artist:2J3LwjEkmryU6BSAubwbMF,3
3870,spotify:artist:1O9iHQjrVuiAYOJFCBeFSl,spotify:artist:5xmw3tD4MbvhA1ay1U0HEC,3
3871,spotify:artist:1O9iHQjrVuiAYOJFCBeFSl,spotify:artist:1ZvF4Sgnre3Rk2CpiNy077,3
3872,spotify:artist:1O9iHQjrVuiAYOJFCBeFSl,spotify:artist:18ca9d5EU5R1AhVKPR1cm0,3
3873,spotify:artist:1O9iHQjrVuiAYOJFCBeFSl,spotify:artist:4vZBqD3QXrKiE3mZ6zHr22,3
3874,spotify:artist:1O9iHQjrVuiAYOJFCBeFSl,spotify:artist:4SQdUpG4f7UbkJG3cJ2Iyj,3
3875,spotify:artist:1O9iHQjrVuiAYOJFCBeFSl,spotify:artist:5W10uJRsbt9bROJDKoI1Wn,3
3876,spotify:artist:1O9iHQjrVuiAYOJFCBeFSl,spotify:artist:6chuFWw4BmHxOc3X0cC8Ct,3
3877,spotify:artist:1O9iHQjrVuiAYOJFCBeFSl,spotify:artist:1f8PlfSHEW6fHnILSzm8dI,3
3878,spotify:artist:1O9iHQjrVuiAYOJFCBeFSl,spotify:artist:2ueoLVCXQ948OfhVvAy3Nn,3
3879,spotify:artist:1O9iHQjrVuiAYOJFCBeFSl,spotify:artist:6f5lOlSFJw9K79gaNnmWAd,3
3880,spotify:artist:6SYIsHAQ1sPokVxmzpaDBU,spotify:artist:4hiLNlqr4vQdiuo1aQKSXS,3
3881,spotify:artist:6SYIsHAQ1sPokVxmzpaDBU,spotify:artist:6LEeAFiJF8OuPx747e1wxR,3
3882,spotify:artist:6SYIsHAQ1sPokVxmzpaDBU,spotify:artist:53wZLCnhshZKDRs3uopFBc,3
3883,spotify:artist:6SYIsHAQ1sPokVxmzpaDBU,spotify:artist:4jLcgJjDGmW0HmvbSf6lEI,3
3884,spotify:artist:6SYIsHAQ1sPokVxmzpaDBU,spotify:artist:6fLrPFLWLSCrp7gcTZXcKb,3
3885,spotify:artist:6SYIsHAQ1sPokVxmzpaDBU,spotify:artist:6Tyzp9KzpiZ04DABQoedps,3
3886,spotify:artist:6SYIsHAQ1sPokVxmzpaDBU,spotify:artist:3qwabfaWewpfli7hMNM3O8,3
3887,spotify:artist:6SYIsHAQ1sPokVxmzpaDBU,spotify:artist:5QuBVnBPEzwYvFrgBbwpmU,3
3888,spotify:artist:6SYIsHAQ1sPokVxmzpaDBU,spotify:artist:6f5lOlSFJw9K79gaNnmWAd,3
3889,spotify:artist:6SYIsHAQ1sPokVxmzpaDBU,spotify:artist:2ueoLVCXQ948OfhVvAy3Nn,3
3890,spotify:artist:6SYIsHAQ1sPokVxmzpaDBU,spotify:artist:0fEfMW5bypHZ0A8eLnhwj5,3
3891,spotify:artist:6SYIsHAQ1sPokVxmzpaDBU,spotify:artist:1xcMOgFUM1IYZE22YjCvsL,3
3892,spotify:artist:6SYIsHAQ1sPokVxmzpaDBU,spotify:artist:7d64ZVOXg02y73HB5UMqkb,3
3893,spotify:artist:6SYIsHAQ1sPokVxmzpaDBU,spotify:artist:4b99uGDv75xD1n2QHuPRDN,3
3894,spotify:artist:6SYIsHAQ1sPokVxmzpaDBU,spotify:artist:1U0sIzpRtDkvu1hXXzxh60,3
3895,spotify:artist:6SYIsHAQ1sPokVxmzpaDBU,spotify:artist:41y1iPh0WqB7tyGdzyeinZ,3
3896,spotify:artist:6SYIsHAQ1sPokVxmzpaDBU,spotify:artist:34vLhockmYhf3LgznwyNaQ,3
3897,spotify:artist:6SYIsHAQ1sPokVxmzpaDBU,spotify:artist:2SdK1QDmZIP2hk94rSaLl9,3
3898,spotify:artist:6SYIsHAQ1sPokVxmzpaDBU,spotify:artist:30gJ2CPCeUvghTg6TkfA4L,3
3899,spotify:artist:6SYIsHAQ1sPokVxmzpaDBU,spotify:artist:6F93aFbWjhUtjRKXYmtr1Z,3
3900,spotify:artist:0fEfMW5bypHZ0A8eLnhwj5,spotify:artist:7jHWye55igIZ6SsF4eXKkP,3
3901,spotify:artist:0fEfMW5bypHZ0A8eLnhwj5,spotify:artist:7rlAAAiWScpsT1hmgURAmh,3
3902,spotify:artist:0fEfMW5bypHZ0A8eLnhwj5,spotify:artist:1xcMOgFUM1IYZE22YjCvsL,3
3903,spotify:artist:0fEfMW5bypHZ0A8eLnhwj5,spotify:artist:3ZJxEmjYZd5VOqZ8o3aXiL,3
3904,spotify:artist:0fEfMW5bypHZ0A8eLnhwj5,spotify:artist:6nB0iY1cjSY1KyhYyuIIKH,3
3905,spotify:artist:0fEfMW5bypHZ0A8eLnhwj5,spotify:artist:1O9iHQjrVuiAYOJFCBeFSl,3
3906,spotify:artist:0fEfMW5bypHZ0A8eLnhwj5,spotify:artist:5MraexJKZDrQYzS98kNwie,3
3907,spotify:artist:0fEfMW5bypHZ0A8eLnhwj5,spotify:artist:2MPHBxznH1fj59jbOWY38u,3
3908,spotify:artist:0fEfMW5bypHZ0A8eLnhwj5,spotify:artist:2c9yn5DJQd5es7YMY92ikZ,3
3909,spotify:artist:0fEfMW5bypHZ0A8eLnhwj5,spotify:artist:6f5lOlSFJw9K79gaNnmWAd,3
3910,spotify:artist:0fEfMW5bypHZ0A8eLnhwj5,spotify:artist:0N41KJ4H6bkPAm2tx7VS8C,3
3911,spotify:artist:0fEfMW5bypHZ0A8eLnhwj5,spotify:artist:6sqZoZxe9BQwk7Zxh6STfF,3
3912,spotify:artist:0fEfMW5bypHZ0A8eLnhwj5,spotify:artist:7lsnwlX6puQ7lcpSEpJbZE,3
3913,spotify:artist:0fEfMW5bypHZ0A8eLnhwj5,spotify:artist:1U0sIzpRtDkvu1hXXzxh60,3
3914,spotify:artist:0fEfMW5bypHZ0A8eLnhwj5,spotify:artist:0jt1EsJCeoQXLNDta4JF6c,3
3915,spotify:artist:0fEfMW5bypHZ0A8eLnhwj5,spotify:artist:0qu422H5MOoQxGjd4IzHbS,3
3916,spotify:artist:0fEfMW5bypHZ0A8eLnhwj5,spotify:artist:18ca9d5EU5R1AhVKPR1cm0,3
3917,spotify:artist:0fEfMW5bypHZ0A8eLnhwj5,spotify:artist:6SYIsHAQ1sPokVxmzpaDBU,3
3918,spotify:artist:0fEfMW5bypHZ0A8eLnhwj5,spotify:artist:4qNZw759AdHSMugyDMrIlF,3
3919,spotify:artist:0fEfMW5bypHZ0A8eLnhwj5,spotify:artist:6VJZYivuYJGCrPuOAnI7Qo,3
3920,spotify:artist:6hNOG85RpnNVlDUvl6jNF0,spotify:artist:5l39d1wBRlqBC1qhXmYCuu,3
3921,spotify:artist:6hNOG85RpnNVlDUvl6jNF0,spotify:artist:5Oj5jQ98vsoHeIGqCS9Dfq,3
3922,spotify:artist:6hNOG85RpnNVlDUvl6jNF0,spotify:artist:6Y5DNQAHBjLtlb7xPOmk3N,3
3923,spotify:artist:6hNOG85RpnNVlDUvl6jNF0,spotify:artist:1g7pneoNO9Thq5oYQyR5Dy,3
3924,spotify:artist:6hNOG85RpnNVlDUvl6jNF0,spotify:artist:55FBDBLWXQ2sokFravrxop,3
3925,spotify:artist:6hNOG85RpnNVlDUvl6jNF0,spotify:artist:03ea3NpRpQcEd3HpjfL1Gl,3
3926,spotify:artist:6hNOG85RpnNVlDUvl6jNF0,spotify:artist:3flcjKgRCeBVZTR8n8iShE,3
3927,spotify:artist:6hNOG85RpnNVlDUvl6jNF0,spotify:artist:6EvFcDtvFuVugEtZNslkft,3
3928,spotify:artist:6hNOG85RpnNVlDUvl6jNF0,spotify:artist:6vfxDPW9Lc9tAMVy0oeqiB,3
3929,spotify:artist:6hNOG85RpnNVlDUvl6jNF0,spotify:artist:71N9TXfexGfLXxPDJec5iE,3
3930,spotify:artist:6hNOG85RpnNVlDUvl6jNF0,spotify:artist:1eBaQkCXWlq1vhCLMVFdqn,3
3931,spotify:artist:6hNOG85RpnNVlDUvl6jNF0,spotify:artist:3tYY43HzH3E0ORW0qAYc9M,3
3932,spotify:artist:6hNOG85RpnNVlDUvl6jNF0,spotify:artist:4qdVIjJlcWfH8Y1l9Rbcpc,3
3933,spotify:artist:6hNOG85RpnNVlDUvl6jNF0,spotify:artist:3Z2T6mI5rrWuijYZkclFEN,3
3934,spotify:artist:6hNOG85RpnNVlDUvl6jNF0,spotify:artist:6dX1EJC9XFlM8Ql1wGHC55,3
3935,spotify:artist:6hNOG85RpnNVlDUvl6jNF0,spotify:artist:4tyWwKFEbho8Vh4qczqbIo,3
3936,spotify:artist:6hNOG85RpnNVlDUvl6jNF0,spotify:artist:6HwxMgE895sejjGFin9Gvm,3
3937,spotify:artist:6hNOG85RpnNVlDUvl6jNF0,spotify:artist:30WlMKuvwN6RrMeLARZeqk,3
3938,spotify:artist:6hNOG85RpnNVlDUvl6jNF0,spotify:artist:4QlgeNz8Uf8xF0f0LNjCbf,3
3939,spotify:artist:6hNOG85RpnNVlDUvl6jNF0,spotify:artist:1YS0HL7FXRhO4x9XaBuato,3
3940,spotify:artist:4fd3n8zcAmsG2up1QWDNj5,spotify:artist:0mMqD2uqwvCjFvlzo6ayGi,3
3941,spotify:artist:4fd3n8zcAmsG2up1QWDNj5,spotify:artist:68J4TRaqXKr8VhSg71JVdV,3
3942,spotify:artist:4fd3n8zcAmsG2up1QWDNj5,spotify:artist:60ZIrIA1iT9NStXmdAuhjR,3
3943,spotify:artist:4fd3n8zcAmsG2up1QWDNj5,spotify:artist:4wVM2SOjXuCEUuTi7lln9x,3
3944,spotify:artist:4fd3n8zcAmsG2up1QWDNj5,spotify:artist:4RfOLIFy2xEmlWzXEVmLJn,3
3945,spotify:artist:4fd3n8zcAmsG2up1QWDNj5,spotify:artist:6dX1EJC9XFlM8Ql1wGHC55,3
3946,spotify:artist:4fd3n8zcAmsG2up1QWDNj5,spotify:artist:0CaeXDVwH52TDLA0GLRo4f,3
3947,spotify:artist:4fd3n8zcAmsG2up1QWDNj5,spotify:artist:030q9tYMZs82CHR8DV9Fid,3
3948,spotify:artist:4fd3n8zcAmsG2up1QWDNj5,spotify:artist:4f2hVqzqXvQdVaC35D8sAc,3
3949,spotify:artist:4fd3n8zcAmsG2up1QWDNj5,spotify:artist:6HwxMgE895sejjGFin9Gvm,3
3950,spotify:artist:4fd3n8zcAmsG2up1QWDNj5,spotify:artist:30WlMKuvwN6RrMeLARZeqk,3
3951,spotify:artist:4fd3n8zcAmsG2up1QWDNj5,spotify:artist:1GG3lCU6RzggGm6w5GRQBi,3
3952,spotify:artist:4fd3n8zcAmsG2up1QWDNj5,spotify:artist:18CJ8k3h2Rggioow01dlwP,3
3953,spotify:artist:4fd3n8zcAmsG2up1QWDNj5,spotify:artist:1QIghPIrXQQ22G1yNtAKFX,3
3954,spotify:artist:4fd3n8zcAmsG2up1QWDNj5,spotify:artist:0Mu3PMBPwtQh5iggGTmudK,3
3955,spotify:artist:4fd3n8zcAmsG2up1QWDNj5,spotify:artist:4NR8j34QrjVEIAqUP43SwL,3
3956,spotify:artist:4fd3n8zcAmsG2up1QWDNj5,spotify:artist:3flcjKgRCeBVZTR8n8iShE,3
3957,spotify:artist:4fd3n8zcAmsG2up1QWDNj5,spotify:artist:6hNOG85RpnNVlDUvl6jNF0,3
3958,spotify:artist:4fd3n8zcAmsG2up1QWDNj5,spotify:artist:5ZkuGe2wkDbeL8JmmhvMOx,3
3959,spotify:artist:4fd3n8zcAmsG2up1QWDNj5,spotify:artist:4cdFNn4RtIOX2pIS3Ye3Vg,3
3960,spotify:artist:3flcjKgRCeBVZTR8n8iShE,spotify:artist:4tyWwKFEbho8Vh4qczqbIo,3
3961,spotify:artist:3flcjKgRCeBVZTR8n8iShE,spotify:artist:4nE7fXpTZdUWEKDn8tD4TZ,3
3962,spotify:artist:3flcjKgRCeBVZTR8n8iShE,spotify:artist:7hdf9DSpgCpqVh03Ql1LKe,3
3963,spotify:artist:3flcjKgRCeBVZTR8n8iShE,spotify:artist:3MjlXVCfmLdY9QQ2GCd7iA,3
3964,spotify:artist:3flcjKgRCeBVZTR8n8iShE,spotify:artist:1aT2hj2h4MAk2O0fPCFLr2,3
3965,spotify:artist:3flcjKgRCeBVZTR8n8iShE,spotify:artist:1eBaQkCXWlq1vhCLMVFdqn,3
3966,spotify:artist:3flcjKgRCeBVZTR8n8iShE,spotify:artist:6HwxMgE895sejjGFin9Gvm,3
3967,spotify:artist:3flcjKgRCeBVZTR8n8iShE,spotify:artist:09CY8fzqhZHR7rQAULoreI,3
3968,spotify:artist:3flcjKgRCeBVZTR8n8iShE,spotify:artist:4RfOLIFy2xEmlWzXEVmLJn,3
3969,spotify:artist:3flcjKgRCeBVZTR8n8iShE,spotify:artist:0jUNGuEa2n7yyld7KjsVVT,3
3970,spotify:artist:3flcjKgRCeBVZTR8n8iShE,spotify:artist:0EdZov8Gv5SHN4IVF3b4m8,3
3971,spotify:artist:3flcjKgRCeBVZTR8n8iShE,spotify:artist:2qixIA7qPFts4yN1Av017D,3
3972,spotify:artist:3flcjKgRCeBVZTR8n8iShE,spotify:artist:1YS0HL7FXRhO4x9XaBuato,3
3973,spotify:artist:3flcjKgRCeBVZTR8n8iShE,spotify:artist:2MhYuOM0iHfOwQ0HeLa0no,3
3974,spotify:artist:3flcjKgRCeBVZTR8n8iShE,spotify:artist:5uAbOIIAk6nHfy7gikjmYy,3
3975,spotify:artist:3flcjKgRCeBVZTR8n8iShE,spotify:artist:0W8WpLB5WoXLgiA193LXk6,3
3976,spotify:artist:3flcjKgRCeBVZTR8n8iShE,spotify:artist:5BWiwrFskTQRxKUjPMh8kI,3
3977,spotify:artist:3flcjKgRCeBVZTR8n8iShE,spotify:artist:7lMfBtLu5FaWha78wCKYr2,3
3978,spotify:artist:3flcjKgRCeBVZTR8n8iShE,spotify:artist:6dX1EJC9XFlM8Ql1wGHC55,3
3979,spotify:artist:3flcjKgRCeBVZTR8n8iShE,spotify:artist:6oVuIgUWHJFOGb26gVuGsX,3
3980,spotify:artist:6PBv8t9YTLggA9ZMwpeoqj,spotify:artist:67pQ8Yr09zDDzzwWw3EG9R,3
3981,spotify:artist:6PBv8t9YTLggA9ZMwpeoqj,spotify:artist:55dlp5I9jyc4UjzlrcKMnq,3
3982,spotify:artist:6PBv8t9YTLggA9ZMwpeoqj,spotify:artist:50sSN9E5i4DJzYDclAXlSo,3
3983,spotify:artist:6PBv8t9YTLggA9ZMwpeoqj,spotify:artist:0jkK3K1ATFFHofEWjd2i00,3
3984,spotify:artist:6PBv8t9YTLggA9ZMwpeoqj,spotify:artist:0fqE57gXXTTqxXlFYVNG2u,3
3985,spotify:artist:6PBv8t9YTLggA9ZMwpeoqj,spotify:artist:3TScZ6zJkavDy0tqoGqiCf,3
3986,spotify:artist:6PBv8t9YTLggA9ZMwpeoqj,spotify:artist:6cLEWhEKQl6nAvgr60M7zC,3
3987,spotify:artist:6PBv8t9YTLggA9ZMwpeoqj,spotify:artist:3dmSPhg0tdao8ePj4pySJ5,3
3988,spotify:artist:6PBv8t9YTLggA9ZMwpeoqj,spotify:artist:37qXWlhfRvpxmIeTKvfw8B,3
3989,spotify:artist:6PBv8t9YTLggA9ZMwpeoqj,spotify:artist:6l77PmL5iuEEcYjGl8K6s7,3
3990,spotify:artist:6PBv8t9YTLggA9ZMwpeoqj,spotify:artist:6G7OerKc3eBO9sVkRNopFC,3
3991,spotify:artist:6PBv8t9YTLggA9ZMwpeoqj,spotify:artist:3nOQJdlPEzFVhTEzxwcGax,3
3992,spotify:artist:6PBv8t9YTLggA9ZMwpeoqj,spotify:artist:4fxp616ALtFWnXfwxnjLzW,3
3993,spotify:artist:6PBv8t9YTLggA9ZMwpeoqj,spotify:artist:12VaqyEhgwDRuFfEqbnrpz,3
3994,spotify:artist:6PBv8t9YTLggA9ZMwpeoqj,spotify:artist:0LZac5VicY19QLaIUvIB0G,3
3995,spotify:artist:6PBv8t9YTLggA9ZMwpeoqj,spotify:artist:2QIHd0B2VIKlmLyoq4lUr7,3
3996,spotify:artist:6PBv8t9YTLggA9ZMwpeoqj,spotify:artist:6Lt6KFXX3P0v6vfrynQAMo,3
3997,spotify:artist:6PBv8t9YTLggA9ZMwpeoqj,spotify:artist:0ZUyFEafMwocvApBjTXvdo,3
3998,spotify:artist:6PBv8t9YTLggA9ZMwpeoqj,spotify:artist:2Lhs0asnFQiLuntn3s8p78,3
3999,spotify:artist:6PBv8t9YTLggA9ZMwpeoqj,spotify:artist:2zAvisjImPICTNsRgagqlV,3
4000,spotify:artist:1iAIMKbNptAohP5KbxuGR0,spotify:artist:3fWTpVNnrGmdo0jMbsRsRf,3
4001,spotify:artist:1iAIMKbNptAohP5KbxuGR0,spotify:artist:3EBRANWwnViQuBrImN61Z1,3
4002,spotify:artist:1iAIMKbNptAohP5KbxuGR0,spotify:artist:48I6TLnfZjyLXTqBtQvhgZ,3
4003,spotify:artist:1iAIMKbNptAohP5KbxuGR0,spotify:artist:12EtLdLfJ41vUOoVzPZIUy,3
4004,spotify:artist:1iAIMKbNptAohP5KbxuGR0,spotify:artist:5v2GEv1pQaCp6oeOQROdKE,3
4005,spotify:artist:1iAIMKbNptAohP5KbxuGR0,spotify:artist:15qI5w4XJFLRMwOp2VrlD5,3
4006,spotify:artist:1iAIMKbNptAohP5KbxuGR0,spotify:artist:7edpqbQnGU6YySpab5ItAU,3
4007,spotify:artist:1iAIMKbNptAohP5KbxuGR0,spotify:artist:7LP4hiTAVkw3Rtc1hqtLi4,3
4008,spotify:artist:1iAIMKbNptAohP5KbxuGR0,spotify:artist:5jLwURKdEPDvuYnac74s9c,3
4009,spotify:artist:1iAIMKbNptAohP5KbxuGR0,spotify:artist:7rZNSLWMjTbwdLNskFbzFf,3
4010,spotify:artist:1iAIMKbNptAohP5KbxuGR0,spotify:artist:6wdvERzX4CUCOXu6hSS95x,3
4011,spotify:artist:1iAIMKbNptAohP5KbxuGR0,spotify:artist:1iL8p9yzijWY1XnqVgHF5P,3
4012,spotify:artist:1iAIMKbNptAohP5KbxuGR0,spotify:artist:7zt6Af78CalxaPDqORfw8L,3
4013,spotify:artist:1iAIMKbNptAohP5KbxuGR0,spotify:artist:37mtx80nMDETlbsq2eFCzc,3
4014,spotify:artist:1iAIMKbNptAohP5KbxuGR0,spotify:artist:0MoXIHcFwhIWnFgBfdvQ30,3
4015,spotify:artist:1iAIMKbNptAohP5KbxuGR0,spotify:artist:7gRmesSjINzb4xXApfMV5E,3
4016,spotify:artist:1iAIMKbNptAohP5KbxuGR0,spotify:artist:6yZoNdsPrYLviaEOOzbZt8,3
4017,spotify:artist:1iAIMKbNptAohP5KbxuGR0,spotify:artist:2fkmfYw1KeOiDLA6MHDwU8,3
4018,spotify:artist:1iAIMKbNptAohP5KbxuGR0,spotify:artist:1s2EBJs6zquEFLIspMlE2A,3
4019,spotify:artist:1iAIMKbNptAohP5KbxuGR0,spotify:artist:4m4SfDVbF5wxrwEjDKgi4k,3
4020,spotify:artist:3y0bEcp7VJdtbEnm5ljiuj,spotify:artist:48I6TLnfZjyLXTqBtQvhgZ,3
4021,spotify:artist:3y0bEcp7VJdtbEnm5ljiuj,spotify:artist:3fWTpVNnrGmdo0jMbsRsRf,3
4022,spotify:artist:3y0bEcp7VJdtbEnm5ljiuj,spotify:artist:1vAM7tKYfyFbHolrAquvTN,3
4023,spotify:artist:3y0bEcp7VJdtbEnm5ljiuj,spotify:artist:44h2oaMjofGcXfryCCVzhV,3
4024,spotify:artist:3y0bEcp7VJdtbEnm5ljiuj,spotify:artist:2YoYDF80se1baOnPA7T6Pm,3
4025,spotify:artist:3y0bEcp7VJdtbEnm5ljiuj,spotify:artist:2AEEnr6Le5zHzBwpnlZSmq,3
4026,spotify:artist:3y0bEcp7VJdtbEnm5ljiuj,spotify:artist:2sYo32743hdTlnnpHKfKOI,3
4027,spotify:artist:3y0bEcp7VJdtbEnm5ljiuj,spotify:artist:5jLwURKdEPDvuYnac74s9c,3
4028,spotify:artist:3y0bEcp7VJdtbEnm5ljiuj,spotify:artist:0IXigWg23R8wT9K2KOzapn,3
4029,spotify:artist:3y0bEcp7VJdtbEnm5ljiuj,spotify:artist:1a6C78ZMXnS0I3U7tyHFhG,3
4030,spotify:artist:3y0bEcp7VJdtbEnm5ljiuj,spotify:artist:6RxvPZHJL1V9kWWvzM0APg,3
4031,spotify:artist:3y0bEcp7VJdtbEnm5ljiuj,spotify:artist:3NyNPJaemMYsL14DK2tO01,3
4032,spotify:artist:3y0bEcp7VJdtbEnm5ljiuj,spotify:artist:1kMfh3vEY0iWX9SDVjvdsd,3
4033,spotify:artist:3y0bEcp7VJdtbEnm5ljiuj,spotify:artist:54w1dJI7MTjkRGNfGuu2fc,3
4034,spotify:artist:3y0bEcp7VJdtbEnm5ljiuj,spotify:artist:27ul3mOdPyXZEtI17EjCWa,3
4035,spotify:artist:3y0bEcp7VJdtbEnm5ljiuj,spotify:artist:158aRMRtiOmYXfizzGsdGi,3
4036,spotify:artist:3y0bEcp7VJdtbEnm5ljiuj,spotify:artist:2T2FygBhNFzuzjLefPpsdv,3
4037,spotify:artist:3y0bEcp7VJdtbEnm5ljiuj,spotify:artist:7gRmesSjINzb4xXApfMV5E,3
4038,spotify:artist:3y0bEcp7VJdtbEnm5ljiuj,spotify:artist:7LP4hiTAVkw3Rtc1hqtLi4,3
4039,spotify:artist:3y0bEcp7VJdtbEnm5ljiuj,spotify:artist:3wJpQRVwjVXiTF5IQTbkxJ,3
4040,spotify:artist:3fWTpVNnrGmdo0jMbsRsRf,spotify:artist:12EtLdLfJ41vUOoVzPZIUy,3
4041,spotify:artist:3fWTpVNnrGmdo0jMbsRsRf,spotify:artist:1iAIMKbNptAohP5KbxuGR0,3
4042,spotify:artist:3fWTpVNnrGmdo0jMbsRsRf,spotify:artist:5jLwURKdEPDvuYnac74s9c,3
4043,spotify:artist:3fWTpVNnrGmdo0jMbsRsRf,spotify:artist:48I6TLnfZjyLXTqBtQvhgZ,3
4044,spotify:artist:3fWTpVNnrGmdo0jMbsRsRf,spotify:artist:15qI5w4XJFLRMwOp2VrlD5,3
4045,spotify:artist:3fWTpVNnrGmdo0jMbsRsRf,spotify:artist:7LP4hiTAVkw3Rtc1hqtLi4,3
4046,spotify:artist:3fWTpVNnrGmdo0jMbsRsRf,spotify:artist:7gRmesSjINzb4xXApfMV5E,3
4047,spotify:artist:3fWTpVNnrGmdo0jMbsRsRf,spotify:artist:7rZNSLWMjTbwdLNskFbzFf,3
4048,spotify:artist:3fWTpVNnrGmdo0jMbsRsRf,spotify:artist:54w1dJI7MTjkRGNfGuu2fc,3
4049,spotify:artist:3fWTpVNnrGmdo0jMbsRsRf,spotify:artist:37mtx80nMDETlbsq2eFCzc,3
4050,spotify:artist:3fWTpVNnrGmdo0jMbsRsRf,spotify:artist:1g5PorBgjWrL60NdotRE6Q,3
4051,spotify:artist:3fWTpVNnrGmdo0jMbsRsRf,spotify:artist:3y0bEcp7VJdtbEnm5ljiuj,3
4052,spotify:artist:3fWTpVNnrGmdo0jMbsRsRf,spotify:artist:60vX3zLcdKRXvKLITVh5Df,3
4053,spotify:artist:3fWTpVNnrGmdo0jMbsRsRf,spotify:artist:7edpqbQnGU6YySpab5ItAU,3
4054,spotify:artist:3fWTpVNnrGmdo0jMbsRsRf,spotify:artist:44h2oaMjofGcXfryCCVzhV,3
4055,spotify:artist:3fWTpVNnrGmdo0jMbsRsRf,spotify:artist:64ztpmb5SbsqgXBMnvZ4dc,3
4056,spotify:artist:3fWTpVNnrGmdo0jMbsRsRf,spotify:artist:3EBRANWwnViQuBrImN61Z1,3
4057,spotify:artist:3fWTpVNnrGmdo0jMbsRsRf,spotify:artist:2AEEnr6Le5zHzBwpnlZSmq,3
4058,spotify:artist:3fWTpVNnrGmdo0jMbsRsRf,spotify:artist:5LmYIx9kSWBJOWbP4xAxb1,3
4059,spotify:artist:3fWTpVNnrGmdo0jMbsRsRf,spotify:artist:47JGkxNqNe2VcvWqxriKMh,3
4060,spotify:artist:6wdvERzX4CUCOXu6hSS95x,spotify:artist:4OfvUFjzAjXY8XSWd8MBTE,3
4061,spotify:artist:6wdvERzX4CUCOXu6hSS95x,spotify:artist:7pyhre5oEEFMqcgMEvJY7q,3
4062,spotify:artist:6wdvERzX4CUCOXu6hSS95x,spotify:artist:4fwikkWTgDv0A4gcnOFpcm,3
4063,spotify:artist:6wdvERzX4CUCOXu6hSS95x,spotify:artist:40xbWSB4JPdOkRyuTDy1oP,3
4064,spotify:artist:6wdvERzX4CUCOXu6hSS95x,spotify:artist:4IFgewC2urR62Fwt7uAU03,3
4065,spotify:artist:6wdvERzX4CUCOXu6hSS95x,spotify:artist:1vkJFCwstOoJO7yQ4lTtLK,3
4066,spotify:artist:6wdvERzX4CUCOXu6hSS95x,spotify:artist:2TnJ7VOpGzjtKUn0ObpEYe,3
4067,spotify:artist:6wdvERzX4CUCOXu6hSS95x,spotify:artist:5XLBtYR2VrpkqXdlvNnFHG,3
4068,spotify:artist:6wdvERzX4CUCOXu6hSS95x,spotify:artist:7Ip2u3e5Nv6fFb5xyIHxEE,3
4069,spotify:artist:6wdvERzX4CUCOXu6hSS95x,spotify:artist:3EBRANWwnViQuBrImN61Z1,3
4070,spotify:artist:6wdvERzX4CUCOXu6hSS95x,spotify:artist:48I6TLnfZjyLXTqBtQvhgZ,3
4071,spotify:artist:6wdvERzX4CUCOXu6hSS95x,spotify:artist:4rPZIJpeNz7GBm2t8YhR7j,3
4072,spotify:artist:6wdvERzX4CUCOXu6hSS95x,spotify:artist:4nmrm4zpgJ0RC6aZRSUEjF,3
4073,spotify:artist:6wdvERzX4CUCOXu6hSS95x,spotify:artist:0bOlhT8OcoC1lCpN69NcFP,3
4074,spotify:artist:6wdvERzX4CUCOXu6hSS95x,spotify:artist:4m4SfDVbF5wxrwEjDKgi4k,3
4075,spotify:artist:6wdvERzX4CUCOXu6hSS95x,spotify:artist:4vRSocKbGh7PsQrYRDVMEF,3
4076,spotify:artist:6wdvERzX4CUCOXu6hSS95x,spotify:artist:0MoXIHcFwhIWnFgBfdvQ30,3
4077,spotify:artist:6wdvERzX4CUCOXu6hSS95x,spotify:artist:1dIdBZaaHRW2bDTkHNfWln,3
4078,spotify:artist:6wdvERzX4CUCOXu6hSS95x,spotify:artist:6nQCYeaszYUfovwdb1qMNs,3
4079,spotify:artist:6wdvERzX4CUCOXu6hSS95x,spotify:artist:0ZVqyfTk5GaaRiQNQaW9jg,3
4080,spotify:artist:12EtLdLfJ41vUOoVzPZIUy,spotify:artist:7rZNSLWMjTbwdLNskFbzFf,3
4081,spotify:artist:12EtLdLfJ41vUOoVzPZIUy,spotify:artist:7LP4hiTAVkw3Rtc1hqtLi4,3
4082,spotify:artist:12EtLdLfJ41vUOoVzPZIUy,spotify:artist:3fWTpVNnrGmdo0jMbsRsRf,3
4083,spotify:artist:12EtLdLfJ41vUOoVzPZIUy,spotify:artist:2AEEnr6Le5zHzBwpnlZSmq,3
4084,spotify:artist:12EtLdLfJ41vUOoVzPZIUy,spotify:artist:15qI5w4XJFLRMwOp2VrlD5,3
4085,spotify:artist:12EtLdLfJ41vUOoVzPZIUy,spotify:artist:60vX3zLcdKRXvKLITVh5Df,3
4086,spotify:artist:12EtLdLfJ41vUOoVzPZIUy,spotify:artist:5orH1OWgjAYUX8sZ5gihTv,3
4087,spotify:artist:12EtLdLfJ41vUOoVzPZIUy,spotify:artist:17UkABEasVRlCcIFZ3wHb7,3
4088,spotify:artist:12EtLdLfJ41vUOoVzPZIUy,spotify:artist:0uq5PttqEjj3IH1bzwcrXF,3
4089,spotify:artist:12EtLdLfJ41vUOoVzPZIUy,spotify:artist:6JMHws5haIO6V35YNYDnDw,3
4090,spotify:artist:12EtLdLfJ41vUOoVzPZIUy,spotify:artist:1kM5rgJvkiDMOoKX56H6pX,3
4091,spotify:artist:12EtLdLfJ41vUOoVzPZIUy,spotify:artist:3RjnAn8EWb7zaLlGWVxQeP,3
4092,spotify:artist:12EtLdLfJ41vUOoVzPZIUy,spotify:artist:5TDVKqW9uhqGjwwwKGuma4,3
4093,spotify:artist:12EtLdLfJ41vUOoVzPZIUy,spotify:artist:5jLwURKdEPDvuYnac74s9c,3
4094,spotify:artist:12EtLdLfJ41vUOoVzPZIUy,spotify:artist:2U6gqwyl9F33YxawnFrZG7,3
4095,spotify:artist:12EtLdLfJ41vUOoVzPZIUy,spotify:artist:7gRmesSjINzb4xXApfMV5E,3
4096,spotify:artist:12EtLdLfJ41vUOoVzPZIUy,spotify:artist:6htUPs3clIStnkvg5jimKZ,3
4097,spotify:artist:12EtLdLfJ41vUOoVzPZIUy,spotify:artist:316rXhFeKF0yLRzn02tz5P,3
4098,spotify:artist:12EtLdLfJ41vUOoVzPZIUy,spotify:artist:48I6TLnfZjyLXTqBtQvhgZ,3
4099,spotify:artist:12EtLdLfJ41vUOoVzPZIUy,spotify:artist:6yZoNdsPrYLviaEOOzbZt8,3
4100,spotify:artist:7edpqbQnGU6YySpab5ItAU,spotify:artist:1g5PorBgjWrL60NdotRE6Q,3
4101,spotify:artist:7edpqbQnGU6YySpab5ItAU,spotify:artist:7rZNSLWMjTbwdLNskFbzFf,3
4102,spotify:artist:7edpqbQnGU6YySpab5ItAU,spotify:artist:7LP4hiTAVkw3Rtc1hqtLi4,3
4103,spotify:artist:7edpqbQnGU6YySpab5ItAU,spotify:artist:7zt6Af78CalxaPDqORfw8L,3
4104,spotify:artist:7edpqbQnGU6YySpab5ItAU,spotify:artist:7gRmesSjINzb4xXApfMV5E,3
4105,spotify:artist:7edpqbQnGU6YySpab5ItAU,spotify:artist:4LUOGNccPSilRIm4Jcflg2,3
4106,spotify:artist:7edpqbQnGU6YySpab5ItAU,spotify:artist:3fWTpVNnrGmdo0jMbsRsRf,3
4107,spotify:artist:7edpqbQnGU6YySpab5ItAU,spotify:artist:12EtLdLfJ41vUOoVzPZIUy,3
4108,spotify:artist:7edpqbQnGU6YySpab5ItAU,spotify:artist:1iAIMKbNptAohP5KbxuGR0,3
4109,spotify:artist:7edpqbQnGU6YySpab5ItAU,spotify:artist:60vX3zLcdKRXvKLITVh5Df,3
4110,spotify:artist:7edpqbQnGU6YySpab5ItAU,spotify:artist:5TDVKqW9uhqGjwwwKGuma4,3
4111,spotify:artist:7edpqbQnGU6YySpab5ItAU,spotify:artist:48I6TLnfZjyLXTqBtQvhgZ,3
4112,spotify:artist:7edpqbQnGU6YySpab5ItAU,spotify:artist:5v2GEv1pQaCp6oeOQROdKE,3
4113,spotify:artist:7edpqbQnGU6YySpab5ItAU,spotify:artist:54w1dJI7MTjkRGNfGuu2fc,3
4114,spotify:artist:7edpqbQnGU6YySpab5ItAU,spotify:artist:6XCS9JCn56Q252cMOTbeq6,3
4115,spotify:artist:7edpqbQnGU6YySpab5ItAU,spotify:artist:5orH1OWgjAYUX8sZ5gihTv,3
4116,spotify:artist:7edpqbQnGU6YySpab5ItAU,spotify:artist:2AEEnr6Le5zHzBwpnlZSmq,3
4117,spotify:artist:7edpqbQnGU6YySpab5ItAU,spotify:artist:44h2oaMjofGcXfryCCVzhV,3
4118,spotify:artist:7edpqbQnGU6YySpab5ItAU,spotify:artist:6htUPs3clIStnkvg5jimKZ,3
4119,spotify:artist:7edpqbQnGU6YySpab5ItAU,spotify:artist:3RjnAn8EWb7zaLlGWVxQeP,3
4120,spotify:artist:2fkmfYw1KeOiDLA6MHDwU8,spotify:artist:0MoXIHcFwhIWnFgBfdvQ30,3
4121,spotify:artist:2fkmfYw1KeOiDLA6MHDwU8,spotify:artist:7zt6Af78CalxaPDqORfw8L,3
4122,spotify:artist:2fkmfYw1KeOiDLA6MHDwU8,spotify:artist:4GLJPBj5Cdr9AgLKvLWM4n,3
4123,spotify:artist:2fkmfYw1KeOiDLA6MHDwU8,spotify:artist:1iL8p9yzijWY1XnqVgHF5P,3
4124,spotify:artist:2fkmfYw1KeOiDLA6MHDwU8,spotify:artist:5TfnQ0Ai1cEbKY5katFK14,3
4125,spotify:artist:2fkmfYw1KeOiDLA6MHDwU8,spotify:artist:7pyhre5oEEFMqcgMEvJY7q,3
4126,spotify:artist:2fkmfYw1KeOiDLA6MHDwU8,spotify:artist:0WbqAlM1WvfUD6dF7omThd,3
4127,spotify:artist:2fkmfYw1KeOiDLA6MHDwU8,spotify:artist:1iAIMKbNptAohP5KbxuGR0,3
4128,spotify:artist:2fkmfYw1KeOiDLA6MHDwU8,spotify:artist:25bvQC4jyyFUce6jbzNlwb,3
4129,spotify:artist:2fkmfYw1KeOiDLA6MHDwU8,spotify:artist:48I6TLnfZjyLXTqBtQvhgZ,3
4130,spotify:artist:2fkmfYw1KeOiDLA6MHDwU8,spotify:artist:46CuxapoPjUfIOiXdNq7qM,3
4131,spotify:artist:2fkmfYw1KeOiDLA6MHDwU8,spotify:artist:6wdvERzX4CUCOXu6hSS95x,3
4132,spotify:artist:2fkmfYw1KeOiDLA6MHDwU8,spotify:artist:1Eqmku5RGosz51zTCZFgDi,3
4133,spotify:artist:2fkmfYw1KeOiDLA6MHDwU8,spotify:artist:5kaxoTrs85opiVmY4fuTki,3
4134,spotify:artist:2fkmfYw1KeOiDLA6MHDwU8,spotify:artist:3Kt34aALAZu5GUd3WRqsrZ,3
4135,spotify:artist:2fkmfYw1KeOiDLA6MHDwU8,spotify:artist:39ZHUueufhIdbW4yu9uODG,3
4136,spotify:artist:2fkmfYw1KeOiDLA6MHDwU8,spotify:artist:6UOcY6w4K6Ek5Lw5rFDHdP,3
4137,spotify:artist:2fkmfYw1KeOiDLA6MHDwU8,spotify:artist:3K2zB87GZv1krx031en5VA,3
4138,spotify:artist:2fkmfYw1KeOiDLA6MHDwU8,spotify:artist:4YXRO4slasYnty9nb73LrO,3
4139,spotify:artist:2fkmfYw1KeOiDLA6MHDwU8,spotify:artist:6CwfuxIqcltXDGjfZsMd9A,3
4140,spotify:artist:7LP4hiTAVkw3Rtc1hqtLi4,spotify:artist:7gRmesSjINzb4xXApfMV5E,3
4141,spotify:artist:7LP4hiTAVkw3Rtc1hqtLi4,spotify:artist:3RjnAn8EWb7zaLlGWVxQeP,3
4142,spotify:artist:7LP4hiTAVkw3Rtc1hqtLi4,spotify:artist:44h2oaMjofGcXfryCCVzhV,3
4143,spotify:artist:7LP4hiTAVkw3Rtc1hqtLi4,spotify:artist:12EtLdLfJ41vUOoVzPZIUy,3
4144,spotify:artist:7LP4hiTAVkw3Rtc1hqtLi4,spotify:artist:7rZNSLWMjTbwdLNskFbzFf,3
4145,spotify:artist:7LP4hiTAVkw3Rtc1hqtLi4,spotify:artist:5orH1OWgjAYUX8sZ5gihTv,3
4146,spotify:artist:7LP4hiTAVkw3Rtc1hqtLi4,spotify:artist:54w1dJI7MTjkRGNfGuu2fc,3
4147,spotify:artist:7LP4hiTAVkw3Rtc1hqtLi4,spotify:artist:60vX3zLcdKRXvKLITVh5Df,3
4148,spotify:artist:7LP4hiTAVkw3Rtc1hqtLi4,spotify:artist:316rXhFeKF0yLRzn02tz5P,3
4149,spotify:artist:7LP4hiTAVkw3Rtc1hqtLi4,spotify:artist:2AEEnr6Le5zHzBwpnlZSmq,3
4150,spotify:artist:7LP4hiTAVkw3Rtc1hqtLi4,spotify:artist:6htUPs3clIStnkvg5jimKZ,3
4151,spotify:artist:7LP4hiTAVkw3Rtc1hqtLi4,spotify:artist:2sYo32743hdTlnnpHKfKOI,3
4152,spotify:artist:7LP4hiTAVkw3Rtc1hqtLi4,spotify:artist:3fWTpVNnrGmdo0jMbsRsRf,3
4153,spotify:artist:7LP4hiTAVkw3Rtc1hqtLi4,spotify:artist:68zLhVJ5jy0fK36sV8XPPg,3
4154,spotify:artist:7LP4hiTAVkw3Rtc1hqtLi4,spotify:artist:7edpqbQnGU6YySpab5ItAU,3
4155,spotify:artist:7LP4hiTAVkw3Rtc1hqtLi4,spotify:artist:6XCS9JCn56Q252cMOTbeq6,3
4156,spotify:artist:7LP4hiTAVkw3Rtc1hqtLi4,spotify:artist:17UkABEasVRlCcIFZ3wHb7,3
4157,spotify:artist:7LP4hiTAVkw3Rtc1hqtLi4,spotify:artist:1kMfh3vEY0iWX9SDVjvdsd,3
4158,spotify:artist:7LP4hiTAVkw3Rtc1hqtLi4,spotify:artist:7L12TqJ0fbwtFljTbwfwRI,3
4159,spotify:artist:7LP4hiTAVkw3Rtc1hqtLi4,spotify:artist:6JMHws5haIO6V35YNYDnDw,3
4160,spotify:artist:3EBRANWwnViQuBrImN61Z1,spotify:artist:40xbWSB4JPdOkRyuTDy1oP,3
4161,spotify:artist:3EBRANWwnViQuBrImN61Z1,spotify:artist:1iAIMKbNptAohP5KbxuGR0,3
4162,spotify:artist:3EBRANWwnViQuBrImN61Z1,spotify:artist:15qI5w4XJFLRMwOp2VrlD5,3
4163,spotify:artist:3EBRANWwnViQuBrImN61Z1,spotify:artist:7o95ZoZt5ZYn31e9z1Hc0a,3
4164,spotify:artist:3EBRANWwnViQuBrImN61Z1,spotify:artist:5lKZWd6HiSCLfnDGrq9RAm,3
4165,spotify:artist:3EBRANWwnViQuBrImN61Z1,spotify:artist:12EtLdLfJ41vUOoVzPZIUy,3
4166,spotify:artist:3EBRANWwnViQuBrImN61Z1,spotify:artist:7rZNSLWMjTbwdLNskFbzFf,3
4167,spotify:artist:3EBRANWwnViQuBrImN61Z1,spotify:artist:5jLwURKdEPDvuYnac74s9c,3
4168,spotify:artist:3EBRANWwnViQuBrImN61Z1,spotify:artist:4M6Z1wubeKtwPqbjJygTOc,3
4169,spotify:artist:3EBRANWwnViQuBrImN61Z1,spotify:artist:6yZoNdsPrYLviaEOOzbZt8,3
4170,spotify:artist:3EBRANWwnViQuBrImN61Z1,spotify:artist:5LmYIx9kSWBJOWbP4xAxb1,3
4171,spotify:artist:3EBRANWwnViQuBrImN61Z1,spotify:artist:6wdvERzX4CUCOXu6hSS95x,3
4172,spotify:artist:3EBRANWwnViQuBrImN61Z1,spotify:artist:4m4SfDVbF5wxrwEjDKgi4k,3
4173,spotify:artist:3EBRANWwnViQuBrImN61Z1,spotify:artist:2ddxtfC0oS8LoktXUHE7YL,3
4174,spotify:artist:3EBRANWwnViQuBrImN61Z1,spotify:artist:2AQjGvtT0pFYfxR3neFcvz,3
4175,spotify:artist:3EBRANWwnViQuBrImN61Z1,spotify:artist:6wPhSqRtPu1UhRCDX5yaDJ,3
4176,spotify:artist:3EBRANWwnViQuBrImN61Z1,spotify:artist:3fWTpVNnrGmdo0jMbsRsRf,3
4177,spotify:artist:3EBRANWwnViQuBrImN61Z1,spotify:artist:4vRSocKbGh7PsQrYRDVMEF,3
4178,spotify:artist:3EBRANWwnViQuBrImN61Z1,spotify:artist:4fwuXg6XQHfdlOdmw36OHa,3
4179,spotify:artist:3EBRANWwnViQuBrImN61Z1,spotify:artist:13saZpZnCDWOI9D4IJhp1f,3
4180,spotify:artist:0MoXIHcFwhIWnFgBfdvQ30,spotify:artist:4GLJPBj5Cdr9AgLKvLWM4n,3
4181,spotify:artist:0MoXIHcFwhIWnFgBfdvQ30,spotify:artist:3K2zB87GZv1krx031en5VA,3
4182,spotify:artist:0MoXIHcFwhIWnFgBfdvQ30,spotify:artist:7zt6Af78CalxaPDqORfw8L,3
4183,spotify:artist:0MoXIHcFwhIWnFgBfdvQ30,spotify:artist:5TfnQ0Ai1cEbKY5katFK14,3
4184,spotify:artist:0MoXIHcFwhIWnFgBfdvQ30,spotify:artist:2fkmfYw1KeOiDLA6MHDwU8,3
4185,spotify:artist:0MoXIHcFwhIWnFgBfdvQ30,spotify:artist:0WbqAlM1WvfUD6dF7omThd,3
4186,spotify:artist:0MoXIHcFwhIWnFgBfdvQ30,spotify:artist:39ZHUueufhIdbW4yu9uODG,3
4187,spotify:artist:0MoXIHcFwhIWnFgBfdvQ30,spotify:artist:0H0rBbf7vHXO3qh50Wap7y,3
4188,spotify:artist:0MoXIHcFwhIWnFgBfdvQ30,spotify:artist:2wvUfjKGoXvcnDHq7GgMOa,3
4189,spotify:artist:0MoXIHcFwhIWnFgBfdvQ30,spotify:artist:1Eqmku5RGosz51zTCZFgDi,3
4190,spotify:artist:0MoXIHcFwhIWnFgBfdvQ30,spotify:artist:3qwabfaWewpfli7hMNM3O8,3
4191,spotify:artist:0MoXIHcFwhIWnFgBfdvQ30,spotify:artist:5BKsn7SCN2XmbF7apdCpRS,3
4192,spotify:artist:0MoXIHcFwhIWnFgBfdvQ30,spotify:artist:6UOcY6w4K6Ek5Lw5rFDHdP,3
4193,spotify:artist:0MoXIHcFwhIWnFgBfdvQ30,spotify:artist:48I6TLnfZjyLXTqBtQvhgZ,3
4194,spotify:artist:0MoXIHcFwhIWnFgBfdvQ30,spotify:artist:2s6lxOYvvCvzpHtd3VyuMj,3
4195,spotify:artist:0MoXIHcFwhIWnFgBfdvQ30,spotify:artist:7pyhre5oEEFMqcgMEvJY7q,3
4196,spotify:artist:0MoXIHcFwhIWnFgBfdvQ30,spotify:artist:46CuxapoPjUfIOiXdNq7qM,3
4197,spotify:artist:0MoXIHcFwhIWnFgBfdvQ30,spotify:artist:2K13AVg3bFpHSxDM1vJ0qA,3
4198,spotify:artist:0MoXIHcFwhIWnFgBfdvQ30,spotify:artist:25bvQC4jyyFUce6jbzNlwb,3
4199,spotify:artist:0MoXIHcFwhIWnFgBfdvQ30,spotify:artist:7y8lzaGqtadGmtAtg2SGv4,3
4200,spotify:artist:15qI5w4XJFLRMwOp2VrlD5,spotify:artist:7rZNSLWMjTbwdLNskFbzFf,3
4201,spotify:artist:15qI5w4XJFLRMwOp2VrlD5,spotify:artist:12EtLdLfJ41vUOoVzPZIUy,3
4202,spotify:artist:15qI5w4XJFLRMwOp2VrlD5,spotify:artist:5jLwURKdEPDvuYnac74s9c,3
4203,spotify:artist:15qI5w4XJFLRMwOp2VrlD5,spotify:artist:3fWTpVNnrGmdo0jMbsRsRf,3
4204,spotify:artist:15qI5w4XJFLRMwOp2VrlD5,spotify:artist:3EBRANWwnViQuBrImN61Z1,3
4205,spotify:artist:15qI5w4XJFLRMwOp2VrlD5,spotify:artist:6yZoNdsPrYLviaEOOzbZt8,3
4206,spotify:artist:15qI5w4XJFLRMwOp2VrlD5,spotify:artist:40xbWSB4JPdOkRyuTDy1oP,3
4207,spotify:artist:15qI5w4XJFLRMwOp2VrlD5,spotify:artist:7LP4hiTAVkw3Rtc1hqtLi4,3
4208,spotify:artist:15qI5w4XJFLRMwOp2VrlD5,spotify:artist:5LmYIx9kSWBJOWbP4xAxb1,3
4209,spotify:artist:15qI5w4XJFLRMwOp2VrlD5,spotify:artist:17UkABEasVRlCcIFZ3wHb7,3
4210,spotify:artist:15qI5w4XJFLRMwOp2VrlD5,spotify:artist:1iAIMKbNptAohP5KbxuGR0,3
4211,spotify:artist:15qI5w4XJFLRMwOp2VrlD5,spotify:artist:1kM5rgJvkiDMOoKX56H6pX,3
4212,spotify:artist:15qI5w4XJFLRMwOp2VrlD5,spotify:artist:2U6gqwyl9F33YxawnFrZG7,3
4213,spotify:artist:15qI5w4XJFLRMwOp2VrlD5,spotify:artist:6JMHws5haIO6V35YNYDnDw,3
4214,spotify:artist:15qI5w4XJFLRMwOp2VrlD5,spotify:artist:60vX3zLcdKRXvKLITVh5Df,3
4215,spotify:artist:15qI5w4XJFLRMwOp2VrlD5,spotify:artist:3f5W9NEwkc1SAIPFuumcaf,3
4216,spotify:artist:15qI5w4XJFLRMwOp2VrlD5,spotify:artist:5lKZWd6HiSCLfnDGrq9RAm,3
4217,spotify:artist:15qI5w4XJFLRMwOp2VrlD5,spotify:artist:5xi3SZpllRPAkoPVbjB6nc,3
4218,spotify:artist:15qI5w4XJFLRMwOp2VrlD5,spotify:artist:6htUPs3clIStnkvg5jimKZ,3
4219,spotify:artist:15qI5w4XJFLRMwOp2VrlD5,spotify:artist:48I6TLnfZjyLXTqBtQvhgZ,3
4220,spotify:artist:5jLwURKdEPDvuYnac74s9c,spotify:artist:7rZNSLWMjTbwdLNskFbzFf,3
4221,spotify:artist:5jLwURKdEPDvuYnac74s9c,spotify:artist:3fWTpVNnrGmdo0jMbsRsRf,3
4222,spotify:artist:5jLwURKdEPDvuYnac74s9c,spotify:artist:15qI5w4XJFLRMwOp2VrlD5,3
4223,spotify:artist:5jLwURKdEPDvuYnac74s9c,spotify:artist:12EtLdLfJ41vUOoVzPZIUy,3
4224,spotify:artist:5jLwURKdEPDvuYnac74s9c,spotify:artist:1g5PorBgjWrL60NdotRE6Q,3
4225,spotify:artist:5jLwURKdEPDvuYnac74s9c,spotify:artist:6yZoNdsPrYLviaEOOzbZt8,3
4226,spotify:artist:5jLwURKdEPDvuYnac74s9c,spotify:artist:7gRmesSjINzb4xXApfMV5E,3
4227,spotify:artist:5jLwURKdEPDvuYnac74s9c,spotify:artist:7LP4hiTAVkw3Rtc1hqtLi4,3
4228,spotify:artist:5jLwURKdEPDvuYnac74s9c,spotify:artist:5LmYIx9kSWBJOWbP4xAxb1,3
4229,spotify:artist:5jLwURKdEPDvuYnac74s9c,spotify:artist:1iAIMKbNptAohP5KbxuGR0,3
4230,spotify:artist:5jLwURKdEPDvuYnac74s9c,spotify:artist:3EBRANWwnViQuBrImN61Z1,3
4231,spotify:artist:5jLwURKdEPDvuYnac74s9c,spotify:artist:3f5W9NEwkc1SAIPFuumcaf,3
4232,spotify:artist:5jLwURKdEPDvuYnac74s9c,spotify:artist:3RjnAn8EWb7zaLlGWVxQeP,3
4233,spotify:artist:5jLwURKdEPDvuYnac74s9c,spotify:artist:40xbWSB4JPdOkRyuTDy1oP,3
4234,spotify:artist:5jLwURKdEPDvuYnac74s9c,spotify:artist:60vX3zLcdKRXvKLITVh5Df,3
4235,spotify:artist:5jLwURKdEPDvuYnac74s9c,spotify:artist:6csA2rxNLkQJXeEa7lyGXn,3
4236,spotify:artist:5jLwURKdEPDvuYnac74s9c,spotify:artist:48I6TLnfZjyLXTqBtQvhgZ,3
4237,spotify:artist:5jLwURKdEPDvuYnac74s9c,spotify:artist:6htUPs3clIStnkvg5jimKZ,3
4238,spotify:artist:5jLwURKdEPDvuYnac74s9c,spotify:artist:54w1dJI7MTjkRGNfGuu2fc,3
4239,spotify:artist:5jLwURKdEPDvuYnac74s9c,spotify:artist:5orH1OWgjAYUX8sZ5gihTv,3
4240,spotify:artist:7zt6Af78CalxaPDqORfw8L,spotify:artist:0MoXIHcFwhIWnFgBfdvQ30,3
4241,spotify:artist:7zt6Af78CalxaPDqORfw8L,spotify:artist:4GLJPBj5Cdr9AgLKvLWM4n,3
4242,spotify:artist:7zt6Af78CalxaPDqORfw8L,spotify:artist:7edpqbQnGU6YySpab5ItAU,3
4243,spotify:artist:7zt6Af78CalxaPDqORfw8L,spotify:artist:2fkmfYw1KeOiDLA6MHDwU8,3
4244,spotify:artist:7zt6Af78CalxaPDqORfw8L,spotify:artist:2cBh5lVMg222FFuRU7EfDE,3
4245,spotify:artist:7zt6Af78CalxaPDqORfw8L,spotify:artist:5BKsn7SCN2XmbF7apdCpRS,3
4246,spotify:artist:7zt6Af78CalxaPDqORfw8L,spotify:artist:5TfnQ0Ai1cEbKY5katFK14,3
4247,spotify:artist:7zt6Af78CalxaPDqORfw8L,spotify:artist:2LXK0SdlBu84dqUshKZcrB,3
4248,spotify:artist:7zt6Af78CalxaPDqORfw8L,spotify:artist:0H0rBbf7vHXO3qh50Wap7y,3
4249,spotify:artist:7zt6Af78CalxaPDqORfw8L,spotify:artist:7LP4hiTAVkw3Rtc1hqtLi4,3
4250,spotify:artist:7zt6Af78CalxaPDqORfw8L,spotify:artist:1iAIMKbNptAohP5KbxuGR0,3
4251,spotify:artist:7zt6Af78CalxaPDqORfw8L,spotify:artist:39ZHUueufhIdbW4yu9uODG,3
4252,spotify:artist:7zt6Af78CalxaPDqORfw8L,spotify:artist:48I6TLnfZjyLXTqBtQvhgZ,3
4253,spotify:artist:7zt6Af78CalxaPDqORfw8L,spotify:artist:25bvQC4jyyFUce6jbzNlwb,3
4254,spotify:artist:7zt6Af78CalxaPDqORfw8L,spotify:artist:6XCS9JCn56Q252cMOTbeq6,3
4255,spotify:artist:7zt6Af78CalxaPDqORfw8L,spotify:artist:0WbqAlM1WvfUD6dF7omThd,3
4256,spotify:artist:7zt6Af78CalxaPDqORfw8L,spotify:artist:3qwabfaWewpfli7hMNM3O8,3
4257,spotify:artist:7zt6Af78CalxaPDqORfw8L,spotify:artist:7gRmesSjINzb4xXApfMV5E,3
4258,spotify:artist:7zt6Af78CalxaPDqORfw8L,spotify:artist:6UE7nl9mha6s8z0wFQFIZ2,3
4259,spotify:artist:7zt6Af78CalxaPDqORfw8L,spotify:artist:3Kt34aALAZu5GUd3WRqsrZ,3
4260,spotify:artist:40xbWSB4JPdOkRyuTDy1oP,spotify:artist:6wPhSqRtPu1UhRCDX5yaDJ,3
4261,spotify:artist:40xbWSB4JPdOkRyuTDy1oP,spotify:artist:0bOlhT8OcoC1lCpN69NcFP,3
4262,spotify:artist:40xbWSB4JPdOkRyuTDy1oP,spotify:artist:4M6Z1wubeKtwPqbjJygTOc,3
4263,spotify:artist:40xbWSB4JPdOkRyuTDy1oP,spotify:artist:3EBRANWwnViQuBrImN61Z1,3
4264,spotify:artist:40xbWSB4JPdOkRyuTDy1oP,spotify:artist:3AuMNF8rQAKOzjYppFNAoB,3
4265,spotify:artist:40xbWSB4JPdOkRyuTDy1oP,spotify:artist:1vkJFCwstOoJO7yQ4lTtLK,3
4266,spotify:artist:40xbWSB4JPdOkRyuTDy1oP,spotify:artist:4eAOcbAXIF4BmbN6E1QIlw,3
4267,spotify:artist:40xbWSB4JPdOkRyuTDy1oP,spotify:artist:2AQjGvtT0pFYfxR3neFcvz,3
4268,spotify:artist:40xbWSB4JPdOkRyuTDy1oP,spotify:artist:6wdvERzX4CUCOXu6hSS95x,3
4269,spotify:artist:40xbWSB4JPdOkRyuTDy1oP,spotify:artist:5xuNBZoM7z1Vv8IQ6uM0p6,3
4270,spotify:artist:40xbWSB4JPdOkRyuTDy1oP,spotify:artist:5lKZWd6HiSCLfnDGrq9RAm,3
4271,spotify:artist:40xbWSB4JPdOkRyuTDy1oP,spotify:artist:5LmYIx9kSWBJOWbP4xAxb1,3
4272,spotify:artist:40xbWSB4JPdOkRyuTDy1oP,spotify:artist:63wjoROpeh5f11Qm93UiJ1,3
4273,spotify:artist:40xbWSB4JPdOkRyuTDy1oP,spotify:artist:3FD9VAd0ppjmKbfxF4LzUh,3
4274,spotify:artist:40xbWSB4JPdOkRyuTDy1oP,spotify:artist:15qI5w4XJFLRMwOp2VrlD5,3
4275,spotify:artist:40xbWSB4JPdOkRyuTDy1oP,spotify:artist:5jLwURKdEPDvuYnac74s9c,3
4276,spotify:artist:40xbWSB4JPdOkRyuTDy1oP,spotify:artist:4vRSocKbGh7PsQrYRDVMEF,3
4277,spotify:artist:40xbWSB4JPdOkRyuTDy1oP,spotify:artist:7rZNSLWMjTbwdLNskFbzFf,3
4278,spotify:artist:40xbWSB4JPdOkRyuTDy1oP,spotify:artist:1koE16z01QAb3mwcOo3Dc9,3
4279,spotify:artist:40xbWSB4JPdOkRyuTDy1oP,spotify:artist:7o95ZoZt5ZYn31e9z1Hc0a,3
4280,spotify:artist:60vX3zLcdKRXvKLITVh5Df,spotify:artist:2AEEnr6Le5zHzBwpnlZSmq,3
4281,spotify:artist:60vX3zLcdKRXvKLITVh5Df,spotify:artist:7rZNSLWMjTbwdLNskFbzFf,3
4282,spotify:artist:60vX3zLcdKRXvKLITVh5Df,spotify:artist:5orH1OWgjAYUX8sZ5gihTv,3
4283,spotify:artist:60vX3zLcdKRXvKLITVh5Df,spotify:artist:54w1dJI7MTjkRGNfGuu2fc,3
4284,spotify:artist:60vX3zLcdKRXvKLITVh5Df,spotify:artist:2vJU4d2jRQb4zJJIQRkyDB,3
4285,spotify:artist:60vX3zLcdKRXvKLITVh5Df,spotify:artist:7gRmesSjINzb4xXApfMV5E,3
4286,spotify:artist:60vX3zLcdKRXvKLITVh5Df,spotify:artist:7LP4hiTAVkw3Rtc1hqtLi4,3
4287,spotify:artist:60vX3zLcdKRXvKLITVh5Df,spotify:artist:12EtLdLfJ41vUOoVzPZIUy,3
4288,spotify:artist:60vX3zLcdKRXvKLITVh5Df,spotify:artist:0uq5PttqEjj3IH1bzwcrXF,3
4289,spotify:artist:60vX3zLcdKRXvKLITVh5Df,spotify:artist:5TDVKqW9uhqGjwwwKGuma4,3
4290,spotify:artist:60vX3zLcdKRXvKLITVh5Df,spotify:artist:3RjnAn8EWb7zaLlGWVxQeP,3
4291,spotify:artist:60vX3zLcdKRXvKLITVh5Df,spotify:artist:3fWTpVNnrGmdo0jMbsRsRf,3
4292,spotify:artist:60vX3zLcdKRXvKLITVh5Df,spotify:artist:0dlOr0VIysztGWvU1dpjmP,3
4293,spotify:artist:60vX3zLcdKRXvKLITVh5Df,spotify:artist:6JMHws5haIO6V35YNYDnDw,3
4294,spotify:artist:60vX3zLcdKRXvKLITVh5Df,spotify:artist:6XCS9JCn56Q252cMOTbeq6,3
4295,spotify:artist:60vX3zLcdKRXvKLITVh5Df,spotify:artist:7L12TqJ0fbwtFljTbwfwRI,3
4296,spotify:artist:60vX3zLcdKRXvKLITVh5Df,spotify:artist:2U6gqwyl9F33YxawnFrZG7,3
4297,spotify:artist:60vX3zLcdKRXvKLITVh5Df,spotify:artist:17UkABEasVRlCcIFZ3wHb7,3
4298,spotify:artist:60vX3zLcdKRXvKLITVh5Df,spotify:artist:6htUPs3clIStnkvg5jimKZ,3
4299,spotify:artist:60vX3zLcdKRXvKLITVh5Df,spotify:artist:15qI5w4XJFLRMwOp2VrlD5,3
4300,spotify:artist:1iL8p9yzijWY1XnqVgHF5P,spotify:artist:2fkmfYw1KeOiDLA6MHDwU8,3
4301,spotify:artist:1iL8p9yzijWY1XnqVgHF5P,spotify:artist:1iAIMKbNptAohP5KbxuGR0,3
4302,spotify:artist:1iL8p9yzijWY1XnqVgHF5P,spotify:artist:48I6TLnfZjyLXTqBtQvhgZ,3
4303,spotify:artist:1iL8p9yzijWY1XnqVgHF5P,spotify:artist:0MoXIHcFwhIWnFgBfdvQ30,3
4304,spotify:artist:1iL8p9yzijWY1XnqVgHF5P,spotify:artist:4fwuXg6XQHfdlOdmw36OHa,3
4305,spotify:artist:1iL8p9yzijWY1XnqVgHF5P,spotify:artist:39ZHUueufhIdbW4yu9uODG,3
4306,spotify:artist:1iL8p9yzijWY1XnqVgHF5P,spotify:artist:58FAQGIDRMXK5AsxJu9YNp,3
4307,spotify:artist:1iL8p9yzijWY1XnqVgHF5P,spotify:artist:7edpqbQnGU6YySpab5ItAU,3
4308,spotify:artist:1iL8p9yzijWY1XnqVgHF5P,spotify:artist:6wdvERzX4CUCOXu6hSS95x,3
4309,spotify:artist:1iL8p9yzijWY1XnqVgHF5P,spotify:artist:5v2GEv1pQaCp6oeOQROdKE,3
4310,spotify:artist:1iL8p9yzijWY1XnqVgHF5P,spotify:artist:46CuxapoPjUfIOiXdNq7qM,3
4311,spotify:artist:1iL8p9yzijWY1XnqVgHF5P,spotify:artist:5EUdiv20t58GCS09VMKk7M,3
4312,spotify:artist:1iL8p9yzijWY1XnqVgHF5P,spotify:artist:7zt6Af78CalxaPDqORfw8L,3
4313,spotify:artist:1iL8p9yzijWY1XnqVgHF5P,spotify:artist:3fWTpVNnrGmdo0jMbsRsRf,3
4314,spotify:artist:1iL8p9yzijWY1XnqVgHF5P,spotify:artist:4aFx7q4WkiTWPLJNW5mkKK,3
4315,spotify:artist:1iL8p9yzijWY1XnqVgHF5P,spotify:artist:0CrCKxXekxMpkYfMEf8mca,3
4316,spotify:artist:1iL8p9yzijWY1XnqVgHF5P,spotify:artist:4GLJPBj5Cdr9AgLKvLWM4n,3
4317,spotify:artist:1iL8p9yzijWY1XnqVgHF5P,spotify:artist:1ET1wIkDmuCBC80XcTr3Sg,3
4318,spotify:artist:1iL8p9yzijWY1XnqVgHF5P,spotify:artist:3j4FHbC5zwmYGJ7r0ZgaMt,3
4319,spotify:artist:1iL8p9yzijWY1XnqVgHF5P,spotify:artist:7y8lzaGqtadGmtAtg2SGv4,3
4320,spotify:artist:7rZNSLWMjTbwdLNskFbzFf,spotify:artist:12EtLdLfJ41vUOoVzPZIUy,3
4321,spotify:artist:7rZNSLWMjTbwdLNskFbzFf,spotify:artist:15qI5w4XJFLRMwOp2VrlD5,3
4322,spotify:artist:7rZNSLWMjTbwdLNskFbzFf,spotify:artist:5TDVKqW9uhqGjwwwKGuma4,3
4323,spotify:artist:7rZNSLWMjTbwdLNskFbzFf,spotify:artist:6JMHws5haIO6V35YNYDnDw,3
4324,spotify:artist:7rZNSLWMjTbwdLNskFbzFf,spotify:artist:60vX3zLcdKRXvKLITVh5Df,3
4325,spotify:artist:7rZNSLWMjTbwdLNskFbzFf,spotify:artist:1g5PorBgjWrL60NdotRE6Q,3
4326,spotify:artist:7rZNSLWMjTbwdLNskFbzFf,spotify:artist:3f5W9NEwkc1SAIPFuumcaf,3
4327,spotify:artist:7rZNSLWMjTbwdLNskFbzFf,spotify:artist:5orH1OWgjAYUX8sZ5gihTv,3
4328,spotify:artist:7rZNSLWMjTbwdLNskFbzFf,spotify:artist:7LP4hiTAVkw3Rtc1hqtLi4,3
4329,spotify:artist:7rZNSLWMjTbwdLNskFbzFf,spotify:artist:7L12TqJ0fbwtFljTbwfwRI,3
4330,spotify:artist:7rZNSLWMjTbwdLNskFbzFf,spotify:artist:1kM5rgJvkiDMOoKX56H6pX,3
4331,spotify:artist:7rZNSLWMjTbwdLNskFbzFf,spotify:artist:3RjnAn8EWb7zaLlGWVxQeP,3
4332,spotify:artist:7rZNSLWMjTbwdLNskFbzFf,spotify:artist:6htUPs3clIStnkvg5jimKZ,3
4333,spotify:artist:7rZNSLWMjTbwdLNskFbzFf,spotify:artist:17UkABEasVRlCcIFZ3wHb7,3
4334,spotify:artist:7rZNSLWMjTbwdLNskFbzFf,spotify:artist:5jLwURKdEPDvuYnac74s9c,3
4335,spotify:artist:7rZNSLWMjTbwdLNskFbzFf,spotify:artist:6csA2rxNLkQJXeEa7lyGXn,3
4336,spotify:artist:7rZNSLWMjTbwdLNskFbzFf,spotify:artist:0uq5PttqEjj3IH1bzwcrXF,3
4337,spotify:artist:7rZNSLWMjTbwdLNskFbzFf,spotify:artist:2AEEnr6Le5zHzBwpnlZSmq,3
4338,spotify:artist:7rZNSLWMjTbwdLNskFbzFf,spotify:artist:2U6gqwyl9F33YxawnFrZG7,3
4339,spotify:artist:7rZNSLWMjTbwdLNskFbzFf,spotify:artist:6yZoNdsPrYLviaEOOzbZt8,3
4340,spotify:artist:7pyhre5oEEFMqcgMEvJY7q,spotify:artist:6wdvERzX4CUCOXu6hSS95x,3
4341,spotify:artist:7pyhre5oEEFMqcgMEvJY7q,spotify:artist:7gRhy3MIPHQo5CXYfWaw9I,3
4342,spotify:artist:7pyhre5oEEFMqcgMEvJY7q,spotify:artist:2fkmfYw1KeOiDLA6MHDwU8,3
4343,spotify:artist:7pyhre5oEEFMqcgMEvJY7q,spotify:artist:0MoXIHcFwhIWnFgBfdvQ30,3
4344,spotify:artist:7pyhre5oEEFMqcgMEvJY7q,spotify:artist:6CwfuxIqcltXDGjfZsMd9A,3
4345,spotify:artist:7pyhre5oEEFMqcgMEvJY7q,spotify:artist:0wnYgCeP013HkKoOyC5V32,3
4346,spotify:artist:7pyhre5oEEFMqcgMEvJY7q,spotify:artist:4YrURxtCHtPBfNDmMNp7IG,3
4347,spotify:artist:7pyhre5oEEFMqcgMEvJY7q,spotify:artist:6UOcY6w4K6Ek5Lw5rFDHdP,3
4348,spotify:artist:7pyhre5oEEFMqcgMEvJY7q,spotify:artist:2s6lxOYvvCvzpHtd3VyuMj,3
4349,spotify:artist:7pyhre5oEEFMqcgMEvJY7q,spotify:artist:1qpR5mURxk3d8f6mww6uKT,3
4350,spotify:artist:7pyhre5oEEFMqcgMEvJY7q,spotify:artist:6oBm8HB0yfrIc9IHbxs6in,3
4351,spotify:artist:7pyhre5oEEFMqcgMEvJY7q,spotify:artist:3rWZHrfrsPBxVy692yAIxF,3
4352,spotify:artist:7pyhre5oEEFMqcgMEvJY7q,spotify:artist:3amwMyDd1uxTBoUZlazZ9m,3
4353,spotify:artist:7pyhre5oEEFMqcgMEvJY7q,spotify:artist:202HZzqKvPsMHcbwnDZx7u,3
4354,spotify:artist:7pyhre5oEEFMqcgMEvJY7q,spotify:artist:6sFIWsNpZYqfjUpaCgueju,3
4355,spotify:artist:7pyhre5oEEFMqcgMEvJY7q,spotify:artist:7zt6Af78CalxaPDqORfw8L,3
4356,spotify:artist:7pyhre5oEEFMqcgMEvJY7q,spotify:artist:25uiPmTg16RbhZWAqwLBy5,3
4357,spotify:artist:7pyhre5oEEFMqcgMEvJY7q,spotify:artist:6UE7nl9mha6s8z0wFQFIZ2,3
4358,spotify:artist:7pyhre5oEEFMqcgMEvJY7q,spotify:artist:2KEqzdPS7M5YwGmiuPTdr5,3
4359,spotify:artist:7pyhre5oEEFMqcgMEvJY7q,spotify:artist:7x3Y6pFeDGLJjv1V5uToHv,3
4360,spotify:artist:37mtx80nMDETlbsq2eFCzc,spotify:artist:5IHqlcCbQkyhWl0KmIwgeq,3
4361,spotify:artist:37mtx80nMDETlbsq2eFCzc,spotify:artist:42qq1SQuTH1AT2daN3fLMt,3
4362,spotify:artist:37mtx80nMDETlbsq2eFCzc,spotify:artist:3fWTpVNnrGmdo0jMbsRsRf,3
4363,spotify:artist:37mtx80nMDETlbsq2eFCzc,spotify:artist:7nDsS0l5ZAzMedVRKPP8F1,3
4364,spotify:artist:37mtx80nMDETlbsq2eFCzc,spotify:artist:5i84V8Zk7YqCN6xxb7SWgw,3
4365,spotify:artist:37mtx80nMDETlbsq2eFCzc,spotify:artist:0JEvQJxxsnNUo6LQygr4AL,3
4366,spotify:artist:37mtx80nMDETlbsq2eFCzc,spotify:artist:2T2FygBhNFzuzjLefPpsdv,3
4367,spotify:artist:37mtx80nMDETlbsq2eFCzc,spotify:artist:12EtLdLfJ41vUOoVzPZIUy,3
4368,spotify:artist:37mtx80nMDETlbsq2eFCzc,spotify:artist:6yZoNdsPrYLviaEOOzbZt8,3
4369,spotify:artist:37mtx80nMDETlbsq2eFCzc,spotify:artist:1iAIMKbNptAohP5KbxuGR0,3
4370,spotify:artist:37mtx80nMDETlbsq2eFCzc,spotify:artist:5jLwURKdEPDvuYnac74s9c,3
4371,spotify:artist:37mtx80nMDETlbsq2eFCzc,spotify:artist:48I6TLnfZjyLXTqBtQvhgZ,3
4372,spotify:artist:37mtx80nMDETlbsq2eFCzc,spotify:artist:15qI5w4XJFLRMwOp2VrlD5,3
4373,spotify:artist:37mtx80nMDETlbsq2eFCzc,spotify:artist:40xbWSB4JPdOkRyuTDy1oP,3
4374,spotify:artist:37mtx80nMDETlbsq2eFCzc,spotify:artist:3EBRANWwnViQuBrImN61Z1,3
4375,spotify:artist:37mtx80nMDETlbsq2eFCzc,spotify:artist:3NyNPJaemMYsL14DK2tO01,3
4376,spotify:artist:37mtx80nMDETlbsq2eFCzc,spotify:artist:66TrUkUZ3RM29dqeDQRgyA,3
4377,spotify:artist:37mtx80nMDETlbsq2eFCzc,spotify:artist:7LP4hiTAVkw3Rtc1hqtLi4,3
4378,spotify:artist:37mtx80nMDETlbsq2eFCzc,spotify:artist:5UyRaawCsdiVrro0WWgIVB,3
4379,spotify:artist:37mtx80nMDETlbsq2eFCzc,spotify:artist:2JLqTvFXmC87BksiCsBezV,3
4380,spotify:artist:1g5PorBgjWrL60NdotRE6Q,spotify:artist:7rZNSLWMjTbwdLNskFbzFf,3
4381,spotify:artist:1g5PorBgjWrL60NdotRE6Q,spotify:artist:3f5W9NEwkc1SAIPFuumcaf,3
4382,spotify:artist:1g5PorBgjWrL60NdotRE6Q,spotify:artist:7edpqbQnGU6YySpab5ItAU,3
4383,spotify:artist:1g5PorBgjWrL60NdotRE6Q,spotify:artist:5TDVKqW9uhqGjwwwKGuma4,3
4384,spotify:artist:1g5PorBgjWrL60NdotRE6Q,spotify:artist:2AEEnr6Le5zHzBwpnlZSmq,3
4385,spotify:artist:1g5PorBgjWrL60NdotRE6Q,spotify:artist:5jLwURKdEPDvuYnac74s9c,3
4386,spotify:artist:1g5PorBgjWrL60NdotRE6Q,spotify:artist:7gRmesSjINzb4xXApfMV5E,3
4387,spotify:artist:1g5PorBgjWrL60NdotRE6Q,spotify:artist:3fWTpVNnrGmdo0jMbsRsRf,3
4388,spotify:artist:1g5PorBgjWrL60NdotRE6Q,spotify:artist:54w1dJI7MTjkRGNfGuu2fc,3
4389,spotify:artist:1g5PorBgjWrL60NdotRE6Q,spotify:artist:12EtLdLfJ41vUOoVzPZIUy,3
4390,spotify:artist:1g5PorBgjWrL60NdotRE6Q,spotify:artist:7LP4hiTAVkw3Rtc1hqtLi4,3
4391,spotify:artist:1g5PorBgjWrL60NdotRE6Q,spotify:artist:15qI5w4XJFLRMwOp2VrlD5,3
4392,spotify:artist:1g5PorBgjWrL60NdotRE6Q,spotify:artist:60vX3zLcdKRXvKLITVh5Df,3
4393,spotify:artist:1g5PorBgjWrL60NdotRE6Q,spotify:artist:0YtA5DdO2df8zIxpVdktqg,3
4394,spotify:artist:1g5PorBgjWrL60NdotRE6Q,spotify:artist:7L12TqJ0fbwtFljTbwfwRI,3
4395,spotify:artist:1g5PorBgjWrL60NdotRE6Q,spotify:artist:6csA2rxNLkQJXeEa7lyGXn,3
4396,spotify:artist:1g5PorBgjWrL60NdotRE6Q,spotify:artist:6htUPs3clIStnkvg5jimKZ,3
4397,spotify:artist:1g5PorBgjWrL60NdotRE6Q,spotify:artist:2vJU4d2jRQb4zJJIQRkyDB,3
4398,spotify:artist:1g5PorBgjWrL60NdotRE6Q,spotify:artist:3RjnAn8EWb7zaLlGWVxQeP,3
4399,spotify:artist:1g5PorBgjWrL60NdotRE6Q,spotify:artist:5orH1OWgjAYUX8sZ5gihTv,3
4400,spotify:artist:4fxp616ALtFWnXfwxnjLzW,spotify:artist:2PfBzriIMRsCXPDtSy9vg8,3
4401,spotify:artist:4fxp616ALtFWnXfwxnjLzW,spotify:artist:6s92YZUPkTK1HL1WIGrPKE,3
4402,spotify:artist:4fxp616ALtFWnXfwxnjLzW,spotify:artist:6G7OerKc3eBO9sVkRNopFC,3
4403,spotify:artist:4fxp616ALtFWnXfwxnjLzW,spotify:artist:6VJZYivuYJGCrPuOAnI7Qo,3
4404,spotify:artist:4fxp616ALtFWnXfwxnjLzW,spotify:artist:6PBv8t9YTLggA9ZMwpeoqj,3
4405,spotify:artist:4fxp616ALtFWnXfwxnjLzW,spotify:artist:05fo024EFotg9songSENOZ,3
4406,spotify:artist:4fxp616ALtFWnXfwxnjLzW,spotify:artist:1v5bOzXbhrQ57qSvRwGA6s,3
4407,spotify:artist:4fxp616ALtFWnXfwxnjLzW,spotify:artist:2mAYpnSe3g2Y22JcZ2ddku,3
4408,spotify:artist:4fxp616ALtFWnXfwxnjLzW,spotify:artist:2QIHd0B2VIKlmLyoq4lUr7,3
4409,spotify:artist:4fxp616ALtFWnXfwxnjLzW,spotify:artist:7bPs6jf983f0bjRAt1yxDM,3
4410,spotify:artist:4fxp616ALtFWnXfwxnjLzW,spotify:artist:12VaqyEhgwDRuFfEqbnrpz,3
4411,spotify:artist:4fxp616ALtFWnXfwxnjLzW,spotify:artist:3dmSPhg0tdao8ePj4pySJ5,3
4412,spotify:artist:4fxp616ALtFWnXfwxnjLzW,spotify:artist:67pQ8Yr09zDDzzwWw3EG9R,3
4413,spotify:artist:4fxp616ALtFWnXfwxnjLzW,spotify:artist:3IbqRfvnvj5C22pHD38KXI,3
4414,spotify:artist:4fxp616ALtFWnXfwxnjLzW,spotify:artist:6l77PmL5iuEEcYjGl8K6s7,3
4415,spotify:artist:4fxp616ALtFWnXfwxnjLzW,spotify:artist:6Lt6KFXX3P0v6vfrynQAMo,3
4416,spotify:artist:4fxp616ALtFWnXfwxnjLzW,spotify:artist:2L3kwZFd16zjHz9a5kEPAm,3
4417,spotify:artist:4fxp616ALtFWnXfwxnjLzW,spotify:artist:2ueoLVCXQ948OfhVvAy3Nn,3
4418,spotify:artist:4fxp616ALtFWnXfwxnjLzW,spotify:artist:7mlge4peaoNgzTsY6M32RB,3
4419,spotify:artist:4fxp616ALtFWnXfwxnjLzW,spotify:artist:3nnQpaTvKb5jCQabZefACI,3
4420,spotify:artist:6s92YZUPkTK1HL1WIGrPKE,spotify:artist:1v5bOzXbhrQ57qSvRwGA6s,3
4421,spotify:artist:6s92YZUPkTK1HL1WIGrPKE,spotify:artist:4fxp616ALtFWnXfwxnjLzW,3
4422,spotify:artist:6s92YZUPkTK1HL1WIGrPKE,spotify:artist:6VJZYivuYJGCrPuOAnI7Qo,3
4423,spotify:artist:6s92YZUPkTK1HL1WIGrPKE,spotify:artist:6l77PmL5iuEEcYjGl8K6s7,3
4424,spotify:artist:6s92YZUPkTK1HL1WIGrPKE,spotify:artist:77Rj6PHmQJFb8nbSH62y68,3
4425,spotify:artist:6s92YZUPkTK1HL1WIGrPKE,spotify:artist:223iUzG0kb5V166FJP9ovD,3
4426,spotify:artist:6s92YZUPkTK1HL1WIGrPKE,spotify:artist:05fo024EFotg9songSENOZ,3
4427,spotify:artist:6s92YZUPkTK1HL1WIGrPKE,spotify:artist:37qXWlhfRvpxmIeTKvfw8B,3
4428,spotify:artist:6s92YZUPkTK1HL1WIGrPKE,spotify:artist:2PfBzriIMRsCXPDtSy9vg8,3
4429,spotify:artist:6s92YZUPkTK1HL1WIGrPKE,spotify:artist:2mAYpnSe3g2Y22JcZ2ddku,3
4430,spotify:artist:6s92YZUPkTK1HL1WIGrPKE,spotify:artist:6UOcY6w4K6Ek5Lw5rFDHdP,3
4431,spotify:artist:6s92YZUPkTK1HL1WIGrPKE,spotify:artist:726Dh6A5VyDfAAQxilT6A0,3
4432,spotify:artist:6s92YZUPkTK1HL1WIGrPKE,spotify:artist:4zrFO6P7G6EZry0pfxMfKT,3
4433,spotify:artist:6s92YZUPkTK1HL1WIGrPKE,spotify:artist:7eQZTqEMozBcuSubfu52i4,3
4434,spotify:artist:6s92YZUPkTK1HL1WIGrPKE,spotify:artist:2ueoLVCXQ948OfhVvAy3Nn,3
4435,spotify:artist:6s92YZUPkTK1HL1WIGrPKE,spotify:artist:5hE6NCoobhyEu6TRSbjOJY,3
4436,spotify:artist:6s92YZUPkTK1HL1WIGrPKE,spotify:artist:3qwabfaWewpfli7hMNM3O8,3
4437,spotify:artist:6s92YZUPkTK1HL1WIGrPKE,spotify:artist:7tzI4rSFTHafjF18ZrNZWx,3
4438,spotify:artist:6s92YZUPkTK1HL1WIGrPKE,spotify:artist:5BKsn7SCN2XmbF7apdCpRS,3
4439,spotify:artist:6s92YZUPkTK1HL1WIGrPKE,spotify:artist:5JqX1glXPg6428ubI1w72i,3
4440,spotify:artist:6VJZYivuYJGCrPuOAnI7Qo,spotify:artist:4fxp616ALtFWnXfwxnjLzW,3
4441,spotify:artist:6VJZYivuYJGCrPuOAnI7Qo,spotify:artist:7qHOphlWaJrfFa0BqpayDG,3
4442,spotify:artist:6VJZYivuYJGCrPuOAnI7Qo,spotify:artist:6UOcY6w4K6Ek5Lw5rFDHdP,3
4443,spotify:artist:6VJZYivuYJGCrPuOAnI7Qo,spotify:artist:05fo024EFotg9songSENOZ,3
4444,spotify:artist:6VJZYivuYJGCrPuOAnI7Qo,spotify:artist:6s92YZUPkTK1HL1WIGrPKE,3
4445,spotify:artist:6VJZYivuYJGCrPuOAnI7Qo,spotify:artist:5hE6NCoobhyEu6TRSbjOJY,3
4446,spotify:artist:6VJZYivuYJGCrPuOAnI7Qo,spotify:artist:7eQZTqEMozBcuSubfu52i4,3
4447,spotify:artist:6VJZYivuYJGCrPuOAnI7Qo,spotify:artist:6l77PmL5iuEEcYjGl8K6s7,3
4448,spotify:artist:6VJZYivuYJGCrPuOAnI7Qo,spotify:artist:7x3Y6pFeDGLJjv1V5uToHv,3
4449,spotify:artist:6VJZYivuYJGCrPuOAnI7Qo,spotify:artist:1v5bOzXbhrQ57qSvRwGA6s,3
4450,spotify:artist:6VJZYivuYJGCrPuOAnI7Qo,spotify:artist:6w7wqJo8dY6Q7BWIRFBFX3,3
4451,spotify:artist:6VJZYivuYJGCrPuOAnI7Qo,spotify:artist:2ueoLVCXQ948OfhVvAy3Nn,3
4452,spotify:artist:6VJZYivuYJGCrPuOAnI7Qo,spotify:artist:1WHoAjAWGx5qLsgzpaOk7W,3
4453,spotify:artist:6VJZYivuYJGCrPuOAnI7Qo,spotify:artist:0fEfMW5bypHZ0A8eLnhwj5,3
4454,spotify:artist:6VJZYivuYJGCrPuOAnI7Qo,spotify:artist:2mAYpnSe3g2Y22JcZ2ddku,3
4455,spotify:artist:6VJZYivuYJGCrPuOAnI7Qo,spotify:artist:3qwabfaWewpfli7hMNM3O8,3
4456,spotify:artist:6VJZYivuYJGCrPuOAnI7Qo,spotify:artist:4SQdUpG4f7UbkJG3cJ2Iyj,3
4457,spotify:artist:6VJZYivuYJGCrPuOAnI7Qo,spotify:artist:7zHIrsSBL7A0gEJfzv1m7z,3
4458,spotify:artist:6VJZYivuYJGCrPuOAnI7Qo,spotify:artist:6nB0iY1cjSY1KyhYyuIIKH,3
4459,spotify:artist:6VJZYivuYJGCrPuOAnI7Qo,spotify:artist:4zrFO6P7G6EZry0pfxMfKT,3
4460,spotify:artist:2mAYpnSe3g2Y22JcZ2ddku,spotify:artist:05fo024EFotg9songSENOZ,3
4461,spotify:artist:2mAYpnSe3g2Y22JcZ2ddku,spotify:artist:5hE6NCoobhyEu6TRSbjOJY,3
4462,spotify:artist:2mAYpnSe3g2Y22JcZ2ddku,spotify:artist:37qXWlhfRvpxmIeTKvfw8B,3
4463,spotify:artist:2mAYpnSe3g2Y22JcZ2ddku,spotify:artist:4fxp616ALtFWnXfwxnjLzW,3
4464,spotify:artist:2mAYpnSe3g2Y22JcZ2ddku,spotify:artist:2PqsalqLh5RT6FSy9DrGZh,3
4465,spotify:artist:2mAYpnSe3g2Y22JcZ2ddku,spotify:artist:78OKNrjc3BvniYTqvpOp6P,3
4466,spotify:artist:2mAYpnSe3g2Y22JcZ2ddku,spotify:artist:6oyGMaD0Kbx3ynXKhzH2wW,3
4467,spotify:artist:2mAYpnSe3g2Y22JcZ2ddku,spotify:artist:7qHOphlWaJrfFa0BqpayDG,3
4468,spotify:artist:2mAYpnSe3g2Y22JcZ2ddku,spotify:artist:5zjaF8JUdylMWrA7AVo3hJ,3
4469,spotify:artist:2mAYpnSe3g2Y22JcZ2ddku,spotify:artist:6l77PmL5iuEEcYjGl8K6s7,3
4470,spotify:artist:2mAYpnSe3g2Y22JcZ2ddku,spotify:artist:7DtlawO7T5bsgq81EeHxwh,3
4471,spotify:artist:2mAYpnSe3g2Y22JcZ2ddku,spotify:artist:3nOQJdlPEzFVhTEzxwcGax,3
4472,spotify:artist:2mAYpnSe3g2Y22JcZ2ddku,spotify:artist:1o43SzzuLoyOxqThmp7s0g,3
4473,spotify:artist:2mAYpnSe3g2Y22JcZ2ddku,spotify:artist:50sSN9E5i4DJzYDclAXlSo,3
4474,spotify:artist:2mAYpnSe3g2Y22JcZ2ddku,spotify:artist:6ZK2nrW8aCTg8Bid7I7N10,3
4475,spotify:artist:2mAYpnSe3g2Y22JcZ2ddku,spotify:artist:1eiXrvua27VlWgZ9kiaIn6,3
4476,spotify:artist:2mAYpnSe3g2Y22JcZ2ddku,spotify:artist:7eQZTqEMozBcuSubfu52i4,3
4477,spotify:artist:2mAYpnSe3g2Y22JcZ2ddku,spotify:artist:1v5bOzXbhrQ57qSvRwGA6s,3
4478,spotify:artist:2mAYpnSe3g2Y22JcZ2ddku,spotify:artist:6VJZYivuYJGCrPuOAnI7Qo,3
4479,spotify:artist:2mAYpnSe3g2Y22JcZ2ddku,spotify:artist:6UOcY6w4K6Ek5Lw5rFDHdP,3
4480,spotify:artist:6UOcY6w4K6Ek5Lw5rFDHdP,spotify:artist:7JUms0YyWoLQ0ICQvrEgjL,3
4481,spotify:artist:6UOcY6w4K6Ek5Lw5rFDHdP,spotify:artist:5hE6NCoobhyEu6TRSbjOJY,3
4482,spotify:artist:6UOcY6w4K6Ek5Lw5rFDHdP,spotify:artist:7eQZTqEMozBcuSubfu52i4,3
4483,spotify:artist:6UOcY6w4K6Ek5Lw5rFDHdP,spotify:artist:7qHOphlWaJrfFa0BqpayDG,3
4484,spotify:artist:6UOcY6w4K6Ek5Lw5rFDHdP,spotify:artist:7x3Y6pFeDGLJjv1V5uToHv,3
4485,spotify:artist:6UOcY6w4K6Ek5Lw5rFDHdP,spotify:artist:6ys6r2ftzNbWUTSlqlkPO2,3
4486,spotify:artist:6UOcY6w4K6Ek5Lw5rFDHdP,spotify:artist:3qwabfaWewpfli7hMNM3O8,3
4487,spotify:artist:6UOcY6w4K6Ek5Lw5rFDHdP,spotify:artist:5BKsn7SCN2XmbF7apdCpRS,3
4488,spotify:artist:6UOcY6w4K6Ek5Lw5rFDHdP,spotify:artist:0MoXIHcFwhIWnFgBfdvQ30,3
4489,spotify:artist:6UOcY6w4K6Ek5Lw5rFDHdP,spotify:artist:6l77PmL5iuEEcYjGl8K6s7,3
4490,spotify:artist:6UOcY6w4K6Ek5Lw5rFDHdP,spotify:artist:0ucLPotcQNI7AViFytdhBz,3
4491,spotify:artist:6UOcY6w4K6Ek5Lw5rFDHdP,spotify:artist:0WbqAlM1WvfUD6dF7omThd,3
4492,spotify:artist:6UOcY6w4K6Ek5Lw5rFDHdP,spotify:artist:78OKNrjc3BvniYTqvpOp6P,3
4493,spotify:artist:6UOcY6w4K6Ek5Lw5rFDHdP,spotify:artist:1o43SzzuLoyOxqThmp7s0g,3
4494,spotify:artist:6UOcY6w4K6Ek5Lw5rFDHdP,spotify:artist:2M45qKMZX16QUyOiKyluI0,3
4495,spotify:artist:6UOcY6w4K6Ek5Lw5rFDHdP,spotify:artist:6VJZYivuYJGCrPuOAnI7Qo,3
4496,spotify:artist:6UOcY6w4K6Ek5Lw5rFDHdP,spotify:artist:4hiLNlqr4vQdiuo1aQKSXS,3
4497,spotify:artist:6UOcY6w4K6Ek5Lw5rFDHdP,spotify:artist:7atGlyFY5574ph1tGMs6gD,3
4498,spotify:artist:6UOcY6w4K6Ek5Lw5rFDHdP,spotify:artist:1WHoAjAWGx5qLsgzpaOk7W,3
4499,spotify:artist:6UOcY6w4K6Ek5Lw5rFDHdP,spotify:artist:05fo024EFotg9songSENOZ,3
4500,spotify:artist:7qHOphlWaJrfFa0BqpayDG,spotify:artist:7JUms0YyWoLQ0ICQvrEgjL,3
4501,spotify:artist:7qHOphlWaJrfFa0BqpayDG,spotify:artist:7eQZTqEMozBcuSubfu52i4,3
4502,spotify:artist:7qHOphlWaJrfFa0BqpayDG,spotify:artist:5hE6NCoobhyEu6TRSbjOJY,3
4503,spotify:artist:7qHOphlWaJrfFa0BqpayDG,spotify:artist:6UOcY6w4K6Ek5Lw5rFDHdP,3
4504,spotify:artist:7qHOphlWaJrfFa0BqpayDG,spotify:artist:6ys6r2ftzNbWUTSlqlkPO2,3
4505,spotify:artist:7qHOphlWaJrfFa0BqpayDG,spotify:artist:6VJZYivuYJGCrPuOAnI7Qo,3
4506,spotify:artist:7qHOphlWaJrfFa0BqpayDG,spotify:artist:7atGlyFY5574ph1tGMs6gD,3
4507,spotify:artist:7qHOphlWaJrfFa0BqpayDG,spotify:artist:1o43SzzuLoyOxqThmp7s0g,3
4508,spotify:artist:7qHOphlWaJrfFa0BqpayDG,spotify:artist:2mAYpnSe3g2Y22JcZ2ddku,3
4509,spotify:artist:7qHOphlWaJrfFa0BqpayDG,spotify:artist:0O9n1swkbCd1KqV2QrSVHl,3
4510,spotify:artist:7qHOphlWaJrfFa0BqpayDG,spotify:artist:1rlC0qRy1Ndg2uAoFoFlyJ,3
4511,spotify:artist:7qHOphlWaJrfFa0BqpayDG,spotify:artist:1WHoAjAWGx5qLsgzpaOk7W,3
4512,spotify:artist:7qHOphlWaJrfFa0BqpayDG,spotify:artist:4XbiPPlbv4ush1isus6Daj,3
4513,spotify:artist:7qHOphlWaJrfFa0BqpayDG,spotify:artist:1gkSl4XpHIHI4I1WQbfXOE,3
4514,spotify:artist:7qHOphlWaJrfFa0BqpayDG,spotify:artist:3qwabfaWewpfli7hMNM3O8,3
4515,spotify:artist:7qHOphlWaJrfFa0BqpayDG,spotify:artist:2PDepyCtfybWn5UJv0DmKw,3
4516,spotify:artist:7qHOphlWaJrfFa0BqpayDG,spotify:artist:7x3Y6pFeDGLJjv1V5uToHv,3
4517,spotify:artist:7qHOphlWaJrfFa0BqpayDG,spotify:artist:3QhNv79NoIvarU6N57GBzL,3
4518,spotify:artist:7qHOphlWaJrfFa0BqpayDG,spotify:artist:0ucLPotcQNI7AViFytdhBz,3
4519,spotify:artist:7qHOphlWaJrfFa0BqpayDG,spotify:artist:78OKNrjc3BvniYTqvpOp6P,3
4520,spotify:artist:5hE6NCoobhyEu6TRSbjOJY,spotify:artist:7eQZTqEMozBcuSubfu52i4,3
4521,spotify:artist:5hE6NCoobhyEu6TRSbjOJY,spotify:artist:7JUms0YyWoLQ0ICQvrEgjL,3
4522,spotify:artist:5hE6NCoobhyEu6TRSbjOJY,spotify:artist:7qHOphlWaJrfFa0BqpayDG,3
4523,spotify:artist:5hE6NCoobhyEu6TRSbjOJY,spotify:artist:6UOcY6w4K6Ek5Lw5rFDHdP,3
4524,spotify:artist:5hE6NCoobhyEu6TRSbjOJY,spotify:artist:0ucLPotcQNI7AViFytdhBz,3
4525,spotify:artist:5hE6NCoobhyEu6TRSbjOJY,spotify:artist:2mAYpnSe3g2Y22JcZ2ddku,3
4526,spotify:artist:5hE6NCoobhyEu6TRSbjOJY,spotify:artist:05fo024EFotg9songSENOZ,3
4527,spotify:artist:5hE6NCoobhyEu6TRSbjOJY,spotify:artist:6l77PmL5iuEEcYjGl8K6s7,3
4528,spotify:artist:5hE6NCoobhyEu6TRSbjOJY,spotify:artist:1o43SzzuLoyOxqThmp7s0g,3
4529,spotify:artist:5hE6NCoobhyEu6TRSbjOJY,spotify:artist:78OKNrjc3BvniYTqvpOp6P,3
4530,spotify:artist:5hE6NCoobhyEu6TRSbjOJY,spotify:artist:3qwabfaWewpfli7hMNM3O8,3
4531,spotify:artist:5hE6NCoobhyEu6TRSbjOJY,spotify:artist:5BKsn7SCN2XmbF7apdCpRS,3
4532,spotify:artist:5hE6NCoobhyEu6TRSbjOJY,spotify:artist:6VJZYivuYJGCrPuOAnI7Qo,3
4533,spotify:artist:5hE6NCoobhyEu6TRSbjOJY,spotify:artist:1WHoAjAWGx5qLsgzpaOk7W,3
4534,spotify:artist:5hE6NCoobhyEu6TRSbjOJY,spotify:artist:4tOVIRjlWWfR1RrAxyRqTE,3
4535,spotify:artist:5hE6NCoobhyEu6TRSbjOJY,spotify:artist:7x3Y6pFeDGLJjv1V5uToHv,3
4536,spotify:artist:5hE6NCoobhyEu6TRSbjOJY,spotify:artist:7w29UYBi0qsHi5RTcv3lmA,3
4537,spotify:artist:5hE6NCoobhyEu6TRSbjOJY,spotify:artist:7atGlyFY5574ph1tGMs6gD,3
4538,spotify:artist:5hE6NCoobhyEu6TRSbjOJY,spotify:artist:3AmgGrYHXqgbmZ2yKoIVzO,3
4539,spotify:artist:5hE6NCoobhyEu6TRSbjOJY,spotify:artist:6ZK2nrW8aCTg8Bid7I7N10,3
4540,spotify:artist:44TGR1CzjKBxSHsSEy7bi9,spotify:artist:1v5bOzXbhrQ57qSvRwGA6s,3
4541,spotify:artist:44TGR1CzjKBxSHsSEy7bi9,spotify:artist:2mcNCn1qbZUQ3J9KHapUxj,3
4542,spotify:artist:44TGR1CzjKBxSHsSEy7bi9,spotify:artist:3kZdsaTYgaaolNxpnJ4iDe,3
4543,spotify:artist:44TGR1CzjKBxSHsSEy7bi9,spotify:artist:28INUgyzTTRbvSphrJbgZ2,3
4544,spotify:artist:44TGR1CzjKBxSHsSEy7bi9,spotify:artist:3Dw9w3jnmr58ocgxiwITcq,3
4545,spotify:artist:44TGR1CzjKBxSHsSEy7bi9,spotify:artist:1rKrEdI6GKirxWHxIUPYms,3
4546,spotify:artist:44TGR1CzjKBxSHsSEy7bi9,spotify:artist:1Q776wzj2mrtXrNu3iH6nk,3
4547,spotify:artist:44TGR1CzjKBxSHsSEy7bi9,spotify:artist:6q8cNe6Wif1WvM97vcFD8O,3
4548,spotify:artist:44TGR1CzjKBxSHsSEy7bi9,spotify:artist:5KQuLhckFhcox1K9UCgLuV,3
4549,spotify:artist:44TGR1CzjKBxSHsSEy7bi9,spotify:artist:2HGAZDmVV3GAH4XFAZdvSG,3
4550,spotify:artist:44TGR1CzjKBxSHsSEy7bi9,spotify:artist:40Ojab0UtVQFjA76qXr8Ot,3
4551,spotify:artist:44TGR1CzjKBxSHsSEy7bi9,spotify:artist:5If5Tdg66Q5X3L57G7A6Pn,3
4552,spotify:artist:44TGR1CzjKBxSHsSEy7bi9,spotify:artist:1T2WeXEi0XlZiPpjjDAY0L,3
4553,spotify:artist:44TGR1CzjKBxSHsSEy7bi9,spotify:artist:2CD8tl357w6zYA3XYuOJPO,3
4554,spotify:artist:44TGR1CzjKBxSHsSEy7bi9,spotify:artist:3Qei3mnDY6LrmJK6sYJdxo,3
4555,spotify:artist:44TGR1CzjKBxSHsSEy7bi9,spotify:artist:223iUzG0kb5V166FJP9ovD,3
4556,spotify:artist:44TGR1CzjKBxSHsSEy7bi9,spotify:artist:2exkZbmNqMKnT8LRWuxWgy,3
4557,spotify:artist:44TGR1CzjKBxSHsSEy7bi9,spotify:artist:1FiWBzw15KbR9amOb1Xnxp,3
4558,spotify:artist:44TGR1CzjKBxSHsSEy7bi9,spotify:artist:2mAYpnSe3g2Y22JcZ2ddku,3
4559,spotify:artist:44TGR1CzjKBxSHsSEy7bi9,spotify:artist:538TfjnJpRXI80MHYWfKlo,3
4560,spotify:artist:6l77PmL5iuEEcYjGl8K6s7,spotify:artist:6UOcY6w4K6Ek5Lw5rFDHdP,3
4561,spotify:artist:6l77PmL5iuEEcYjGl8K6s7,spotify:artist:50sSN9E5i4DJzYDclAXlSo,3
4562,spotify:artist:6l77PmL5iuEEcYjGl8K6s7,spotify:artist:2rBcvLKWCZs9w1qIWv560v,3
4563,spotify:artist:6l77PmL5iuEEcYjGl8K6s7,spotify:artist:12VaqyEhgwDRuFfEqbnrpz,3
4564,spotify:artist:6l77PmL5iuEEcYjGl8K6s7,spotify:artist:05fo024EFotg9songSENOZ,3
4565,spotify:artist:6l77PmL5iuEEcYjGl8K6s7,spotify:artist:5hE6NCoobhyEu6TRSbjOJY,3
4566,spotify:artist:6l77PmL5iuEEcYjGl8K6s7,spotify:artist:3qwabfaWewpfli7hMNM3O8,3
4567,spotify:artist:6l77PmL5iuEEcYjGl8K6s7,spotify:artist:3AmgGrYHXqgbmZ2yKoIVzO,3
4568,spotify:artist:6l77PmL5iuEEcYjGl8K6s7,spotify:artist:37qXWlhfRvpxmIeTKvfw8B,3
4569,spotify:artist:6l77PmL5iuEEcYjGl8K6s7,spotify:artist:5BKsn7SCN2XmbF7apdCpRS,3
4570,spotify:artist:6l77PmL5iuEEcYjGl8K6s7,spotify:artist:2ueoLVCXQ948OfhVvAy3Nn,3
4571,spotify:artist:6l77PmL5iuEEcYjGl8K6s7,spotify:artist:7hAolICGSgXJuM6DUpK5rp,3
4572,spotify:artist:6l77PmL5iuEEcYjGl8K6s7,spotify:artist:6PBv8t9YTLggA9ZMwpeoqj,3
4573,spotify:artist:6l77PmL5iuEEcYjGl8K6s7,spotify:artist:78OKNrjc3BvniYTqvpOp6P,3
4574,spotify:artist:6l77PmL5iuEEcYjGl8K6s7,spotify:artist:1o43SzzuLoyOxqThmp7s0g,3
4575,spotify:artist:6l77PmL5iuEEcYjGl8K6s7,spotify:artist:7eQZTqEMozBcuSubfu52i4,3
4576,spotify:artist:6l77PmL5iuEEcYjGl8K6s7,spotify:artist:6oBm8HB0yfrIc9IHbxs6in,3
4577,spotify:artist:6l77PmL5iuEEcYjGl8K6s7,spotify:artist:34vLhockmYhf3LgznwyNaQ,3
4578,spotify:artist:6l77PmL5iuEEcYjGl8K6s7,spotify:artist:6G7OerKc3eBO9sVkRNopFC,3
4579,spotify:artist:6l77PmL5iuEEcYjGl8K6s7,spotify:artist:2wJ4vsxWd7df7dRU4KcoDe,3
4580,spotify:artist:2ueoLVCXQ948OfhVvAy3Nn,spotify:artist:2wJ4vsxWd7df7dRU4KcoDe,3
4581,spotify:artist:2ueoLVCXQ948OfhVvAy3Nn,spotify:artist:6fLrPFLWLSCrp7gcTZXcKb,3
4582,spotify:artist:2ueoLVCXQ948OfhVvAy3Nn,spotify:artist:5VF0YkVLeVD4ytyiyVSIiF,3
4583,spotify:artist:2ueoLVCXQ948OfhVvAy3Nn,spotify:artist:1ybAN3utgdoUL1MUCtH4QM,3
4584,spotify:artist:2ueoLVCXQ948OfhVvAy3Nn,spotify:artist:22ojy4H4ZVpowC4lRRC8In,3
4585,spotify:artist:2ueoLVCXQ948OfhVvAy3Nn,spotify:artist:5uTJLo3c4ZHpH8oEwGxYUN,3
4586,spotify:artist:2ueoLVCXQ948OfhVvAy3Nn,spotify:artist:38zTZcuN7nFvVJ6auhc6V3,3
4587,spotify:artist:2ueoLVCXQ948OfhVvAy3Nn,spotify:artist:31uyAcnY0kjjKKIQZMKX4i,3
4588,spotify:artist:2ueoLVCXQ948OfhVvAy3Nn,spotify:artist:0bsV0sUjnCuCTYOnNHQl3E,3
4589,spotify:artist:2ueoLVCXQ948OfhVvAy3Nn,spotify:artist:3AmgGrYHXqgbmZ2yKoIVzO,3
4590,spotify:artist:2ueoLVCXQ948OfhVvAy3Nn,spotify:artist:2Jv5eshHtLycR6R8KQCdc4,3
4591,spotify:artist:2ueoLVCXQ948OfhVvAy3Nn,spotify:artist:6mKqFxGMS5TGDZI3XkT5Rt,3
4592,spotify:artist:2ueoLVCXQ948OfhVvAy3Nn,spotify:artist:2iUVQjheBnvOt8vaBrxXJz,3
4593,spotify:artist:2ueoLVCXQ948OfhVvAy3Nn,spotify:artist:7bcbShaqKdcyjnmv4Ix8j6,3
4594,spotify:artist:2ueoLVCXQ948OfhVvAy3Nn,spotify:artist:3AHFDfqhSqPBecjQDIOIJA,3
4595,spotify:artist:2ueoLVCXQ948OfhVvAy3Nn,spotify:artist:7hAolICGSgXJuM6DUpK5rp,3
4596,spotify:artist:2ueoLVCXQ948OfhVvAy3Nn,spotify:artist:1wmiQ6ytATiGnJs6uFluKO,3
4597,spotify:artist:2ueoLVCXQ948OfhVvAy3Nn,spotify:artist:5QuBVnBPEzwYvFrgBbwpmU,3
4598,spotify:artist:2ueoLVCXQ948OfhVvAy3Nn,spotify:artist:1jwOuEBcOKq0BeudSarbEM,3
4599,spotify:artist:2ueoLVCXQ948OfhVvAy3Nn,spotify:artist:7MoIc5s9KXolCBH1fy9kkw,3
4600,spotify:artist:05fo024EFotg9songSENOZ,spotify:artist:4fxp616ALtFWnXfwxnjLzW,3
4601,spotify:artist:05fo024EFotg9songSENOZ,spotify:artist:2mAYpnSe3g2Y22JcZ2ddku,3
4602,spotify:artist:05fo024EFotg9songSENOZ,spotify:artist:37qXWlhfRvpxmIeTKvfw8B,3
4603,spotify:artist:05fo024EFotg9songSENOZ,spotify:artist:5hE6NCoobhyEu6TRSbjOJY,3
4604,spotify:artist:05fo024EFotg9songSENOZ,spotify:artist:6l77PmL5iuEEcYjGl8K6s7,3
4605,spotify:artist:05fo024EFotg9songSENOZ,spotify:artist:1YZEoYFXx4AxVv13OiOPvZ,3
4606,spotify:artist:05fo024EFotg9songSENOZ,spotify:artist:7eQZTqEMozBcuSubfu52i4,3
4607,spotify:artist:05fo024EFotg9songSENOZ,spotify:artist:6G7OerKc3eBO9sVkRNopFC,3
4608,spotify:artist:05fo024EFotg9songSENOZ,spotify:artist:2QIHd0B2VIKlmLyoq4lUr7,3
4609,spotify:artist:05fo024EFotg9songSENOZ,spotify:artist:6VJZYivuYJGCrPuOAnI7Qo,3
4610,spotify:artist:05fo024EFotg9songSENOZ,spotify:artist:5isqImG0rLfAgBJSPMEVXF,3
4611,spotify:artist:05fo024EFotg9songSENOZ,spotify:artist:6UOcY6w4K6Ek5Lw5rFDHdP,3
4612,spotify:artist:05fo024EFotg9songSENOZ,spotify:artist:2mcNCn1qbZUQ3J9KHapUxj,3
4613,spotify:artist:05fo024EFotg9songSENOZ,spotify:artist:4Q3f2YYH4gQxWFS3WY5G3j,3
4614,spotify:artist:05fo024EFotg9songSENOZ,spotify:artist:7w29UYBi0qsHi5RTcv3lmA,3
4615,spotify:artist:05fo024EFotg9songSENOZ,spotify:artist:4mw86zm4QZIL8SksdyE6OU,3
4616,spotify:artist:05fo024EFotg9songSENOZ,spotify:artist:3AmgGrYHXqgbmZ2yKoIVzO,3
4617,spotify:artist:05fo024EFotg9songSENOZ,spotify:artist:12VaqyEhgwDRuFfEqbnrpz,3
4618,spotify:artist:05fo024EFotg9songSENOZ,spotify:artist:2rBcvLKWCZs9w1qIWv560v,3
4619,spotify:artist:05fo024EFotg9songSENOZ,spotify:artist:0MHcaxRSYyXEIJWsB2VF6B,3
4620,spotify:artist:3qwabfaWewpfli7hMNM3O8,spotify:artist:5BKsn7SCN2XmbF7apdCpRS,3
4621,spotify:artist:3qwabfaWewpfli7hMNM3O8,spotify:artist:4aaBjq7VqqQvpSF69GglvO,3
4622,spotify:artist:3qwabfaWewpfli7hMNM3O8,spotify:artist:0MoXIHcFwhIWnFgBfdvQ30,3
4623,spotify:artist:3qwabfaWewpfli7hMNM3O8,spotify:artist:7zt6Af78CalxaPDqORfw8L,3
4624,spotify:artist:3qwabfaWewpfli7hMNM3O8,spotify:artist:6UOcY6w4K6Ek5Lw5rFDHdP,3
4625,spotify:artist:3qwabfaWewpfli7hMNM3O8,spotify:artist:7y8lzaGqtadGmtAtg2SGv4,3
4626,spotify:artist:3qwabfaWewpfli7hMNM3O8,spotify:artist:1WHoAjAWGx5qLsgzpaOk7W,3
4627,spotify:artist:3qwabfaWewpfli7hMNM3O8,spotify:artist:7eQZTqEMozBcuSubfu52i4,3
4628,spotify:artist:3qwabfaWewpfli7hMNM3O8,spotify:artist:0ucLPotcQNI7AViFytdhBz,3
4629,spotify:artist:3qwabfaWewpfli7hMNM3O8,spotify:artist:6l77PmL5iuEEcYjGl8K6s7,3
4630,spotify:artist:3qwabfaWewpfli7hMNM3O8,spotify:artist:3K2zB87GZv1krx031en5VA,3
4631,spotify:artist:3qwabfaWewpfli7hMNM3O8,spotify:artist:6Tyzp9KzpiZ04DABQoedps,3
4632,spotify:artist:3qwabfaWewpfli7hMNM3O8,spotify:artist:5sL9uDMwceYHPknnCLAAwJ,3
4633,spotify:artist:3qwabfaWewpfli7hMNM3O8,spotify:artist:0H0rBbf7vHXO3qh50Wap7y,3
4634,spotify:artist:3qwabfaWewpfli7hMNM3O8,spotify:artist:7w29UYBi0qsHi5RTcv3lmA,3
4635,spotify:artist:3qwabfaWewpfli7hMNM3O8,spotify:artist:5hE6NCoobhyEu6TRSbjOJY,3
4636,spotify:artist:3qwabfaWewpfli7hMNM3O8,spotify:artist:7qHOphlWaJrfFa0BqpayDG,3
4637,spotify:artist:3qwabfaWewpfli7hMNM3O8,spotify:artist:6UE7nl9mha6s8z0wFQFIZ2,3
4638,spotify:artist:3qwabfaWewpfli7hMNM3O8,spotify:artist:7xFnmid57ZE6iWEXdEXO3b,3
4639,spotify:artist:3qwabfaWewpfli7hMNM3O8,spotify:artist:2f9ZiYA2ic1r1voObUimdd,3
4640,spotify:artist:1WHoAjAWGx5qLsgzpaOk7W,spotify:artist:7gG6LkU3pCSQmCIPR4aSBt,3
4641,spotify:artist:1WHoAjAWGx5qLsgzpaOk7W,spotify:artist:39x9e2QDpAxK8xTuJDwRqR,3
4642,spotify:artist:1WHoAjAWGx5qLsgzpaOk7W,spotify:artist:7atGlyFY5574ph1tGMs6gD,3
4643,spotify:artist:1WHoAjAWGx5qLsgzpaOk7W,spotify:artist:50Lr1puweM1hFsF1LpIZLM,3
4644,spotify:artist:1WHoAjAWGx5qLsgzpaOk7W,spotify:artist:2Vhc7Y0Kc6HzMC6glKM4h6,3
4645,spotify:artist:1WHoAjAWGx5qLsgzpaOk7W,spotify:artist:37uLId6Z5ZXCx19vuruvv5,3
4646,spotify:artist:1WHoAjAWGx5qLsgzpaOk7W,spotify:artist:4EENT7N7rCBwrddM3s0vFS,3
4647,spotify:artist:1WHoAjAWGx5qLsgzpaOk7W,spotify:artist:1qchowrzlYU0bUrJA6Oy8X,3
4648,spotify:artist:1WHoAjAWGx5qLsgzpaOk7W,spotify:artist:5miWG3FgilzOG7dy3aowZc,3
4649,spotify:artist:1WHoAjAWGx5qLsgzpaOk7W,spotify:artist:3qwabfaWewpfli7hMNM3O8,3
4650,spotify:artist:1WHoAjAWGx5qLsgzpaOk7W,spotify:artist:31DXlldabwPHwu6dYevuzK,3
4651,spotify:artist:1WHoAjAWGx5qLsgzpaOk7W,spotify:artist:0j2MwhbFTvquOBhs3LeIfU,3
4652,spotify:artist:1WHoAjAWGx5qLsgzpaOk7W,spotify:artist:166Dz1GX3xonSQ3Z6CQW26,3
4653,spotify:artist:1WHoAjAWGx5qLsgzpaOk7W,spotify:artist:7eQZTqEMozBcuSubfu52i4,3
4654,spotify:artist:1WHoAjAWGx5qLsgzpaOk7W,spotify:artist:5R7K1GezC0jy24v1R2n4x3,3
4655,spotify:artist:1WHoAjAWGx5qLsgzpaOk7W,spotify:artist:5sL9uDMwceYHPknnCLAAwJ,3
4656,spotify:artist:1WHoAjAWGx5qLsgzpaOk7W,spotify:artist:2ZvXaOrinJFZDexa3fWqMZ,3
4657,spotify:artist:1WHoAjAWGx5qLsgzpaOk7W,spotify:artist:0WbqAlM1WvfUD6dF7omThd,3
4658,spotify:artist:1WHoAjAWGx5qLsgzpaOk7W,spotify:artist:0ucLPotcQNI7AViFytdhBz,3
4659,spotify:artist:1WHoAjAWGx5qLsgzpaOk7W,spotify:artist:57anmI1X2hXWPrNagFdzZr,3
4660,spotify:artist:1o43SzzuLoyOxqThmp7s0g,spotify:artist:2M45qKMZX16QUyOiKyluI0,3
4661,spotify:artist:1o43SzzuLoyOxqThmp7s0g,spotify:artist:7qHOphlWaJrfFa0BqpayDG,3
4662,spotify:artist:1o43SzzuLoyOxqThmp7s0g,spotify:artist:78OKNrjc3BvniYTqvpOp6P,3
4663,spotify:artist:1o43SzzuLoyOxqThmp7s0g,spotify:artist:6UOcY6w4K6Ek5Lw5rFDHdP,3
4664,spotify:artist:1o43SzzuLoyOxqThmp7s0g,spotify:artist:5xfJLyvC5UElVSiMuLt1ss,3
4665,spotify:artist:1o43SzzuLoyOxqThmp7s0g,spotify:artist:5hE6NCoobhyEu6TRSbjOJY,3
4666,spotify:artist:1o43SzzuLoyOxqThmp7s0g,spotify:artist:7JUms0YyWoLQ0ICQvrEgjL,3
4667,spotify:artist:1o43SzzuLoyOxqThmp7s0g,spotify:artist:7eQZTqEMozBcuSubfu52i4,3
4668,spotify:artist:1o43SzzuLoyOxqThmp7s0g,spotify:artist:6l77PmL5iuEEcYjGl8K6s7,3
4669,spotify:artist:1o43SzzuLoyOxqThmp7s0g,spotify:artist:0ucLPotcQNI7AViFytdhBz,3
4670,spotify:artist:1o43SzzuLoyOxqThmp7s0g,spotify:artist:2y98d6N81pArQNXYvkupr8,3
4671,spotify:artist:1o43SzzuLoyOxqThmp7s0g,spotify:artist:7atGlyFY5574ph1tGMs6gD,3
4672,spotify:artist:1o43SzzuLoyOxqThmp7s0g,spotify:artist:7x3Y6pFeDGLJjv1V5uToHv,3
4673,spotify:artist:1o43SzzuLoyOxqThmp7s0g,spotify:artist:3AmgGrYHXqgbmZ2yKoIVzO,3
4674,spotify:artist:1o43SzzuLoyOxqThmp7s0g,spotify:artist:4tOVIRjlWWfR1RrAxyRqTE,3
4675,spotify:artist:1o43SzzuLoyOxqThmp7s0g,spotify:artist:6ys6r2ftzNbWUTSlqlkPO2,3
4676,spotify:artist:1o43SzzuLoyOxqThmp7s0g,spotify:artist:1ssulsHf3JrWakLxa8yFad,3
4677,spotify:artist:1o43SzzuLoyOxqThmp7s0g,spotify:artist:34vLhockmYhf3LgznwyNaQ,3
4678,spotify:artist:1o43SzzuLoyOxqThmp7s0g,spotify:artist:2mAYpnSe3g2Y22JcZ2ddku,3
4679,spotify:artist:1o43SzzuLoyOxqThmp7s0g,spotify:artist:7hAolICGSgXJuM6DUpK5rp,3
4680,spotify:artist:7x3Y6pFeDGLJjv1V5uToHv,spotify:artist:1rlC0qRy1Ndg2uAoFoFlyJ,3
4681,spotify:artist:7x3Y6pFeDGLJjv1V5uToHv,spotify:artist:6UOcY6w4K6Ek5Lw5rFDHdP,3
4682,spotify:artist:7x3Y6pFeDGLJjv1V5uToHv,spotify:artist:202HZzqKvPsMHcbwnDZx7u,3
4683,spotify:artist:7x3Y6pFeDGLJjv1V5uToHv,spotify:artist:7JUms0YyWoLQ0ICQvrEgjL,3
4684,spotify:artist:7x3Y6pFeDGLJjv1V5uToHv,spotify:artist:06O23tLg0or676h8EEzH7W,3
4685,spotify:artist:7x3Y6pFeDGLJjv1V5uToHv,spotify:artist:1qpR5mURxk3d8f6mww6uKT,3
4686,spotify:artist:7x3Y6pFeDGLJjv1V5uToHv,spotify:artist:2KEqzdPS7M5YwGmiuPTdr5,3
4687,spotify:artist:7x3Y6pFeDGLJjv1V5uToHv,spotify:artist:1v9FPBHwuI4FjR7ewOifmJ,3
4688,spotify:artist:7x3Y6pFeDGLJjv1V5uToHv,spotify:artist:5oTcfscmHhEknUGkGmOeSU,3
4689,spotify:artist:7x3Y6pFeDGLJjv1V5uToHv,spotify:artist:6VJZYivuYJGCrPuOAnI7Qo,3
4690,spotify:artist:7x3Y6pFeDGLJjv1V5uToHv,spotify:artist:1o43SzzuLoyOxqThmp7s0g,3
4691,spotify:artist:7x3Y6pFeDGLJjv1V5uToHv,spotify:artist:1oPRcJUkloHaRLYx0olBLJ,3
4692,spotify:artist:7x3Y6pFeDGLJjv1V5uToHv,spotify:artist:224Zsim3dmWXWYUXFuHv0o,3
4693,spotify:artist:7x3Y6pFeDGLJjv1V5uToHv,spotify:artist:4iom7VVRU6AHRIu1JUXpLG,3
4694,spotify:artist:7x3Y6pFeDGLJjv1V5uToHv,spotify:artist:0MoXIHcFwhIWnFgBfdvQ30,3
4695,spotify:artist:7x3Y6pFeDGLJjv1V5uToHv,spotify:artist:4ukk0IyB7vL97QirpOcNr3,3
4696,spotify:artist:7x3Y6pFeDGLJjv1V5uToHv,spotify:artist:5QuBVnBPEzwYvFrgBbwpmU,3
4697,spotify:artist:7x3Y6pFeDGLJjv1V5uToHv,spotify:artist:78OKNrjc3BvniYTqvpOp6P,3
4698,spotify:artist:7x3Y6pFeDGLJjv1V5uToHv,spotify:artist:0ucLPotcQNI7AViFytdhBz,3
4699,spotify:artist:7x3Y6pFeDGLJjv1V5uToHv,spotify:artist:7qHOphlWaJrfFa0BqpayDG,3
4700,spotify:artist:223iUzG0kb5V166FJP9ovD,spotify:artist:2zRt0sfxNnqI8gLR7d8gWt,3
4701,spotify:artist:223iUzG0kb5V166FJP9ovD,spotify:artist:1EJWNhiYbOyeUHbsS7Kp1P,3
4702,spotify:artist:223iUzG0kb5V166FJP9ovD,spotify:artist:0ucLPotcQNI7AViFytdhBz,3
4703,spotify:artist:223iUzG0kb5V166FJP9ovD,spotify:artist:4WM2JNPCcZ7f6M72C0bTyM,3
4704,spotify:artist:223iUzG0kb5V166FJP9ovD,spotify:artist:6niO7WSbw5n0nD58jPi2Mx,3
4705,spotify:artist:223iUzG0kb5V166FJP9ovD,spotify:artist:1uS4cYRRZRtauASIM9RxBG,3
4706,spotify:artist:223iUzG0kb5V166FJP9ovD,spotify:artist:3OHbToMuJihWhRcqzKjpBd,3
4707,spotify:artist:223iUzG0kb5V166FJP9ovD,spotify:artist:3rclGaNhwMNMcU2GkN91j9,3
4708,spotify:artist:223iUzG0kb5V166FJP9ovD,spotify:artist:11zG3SH7tJ36wYmCJ2oWyB,3
4709,spotify:artist:223iUzG0kb5V166FJP9ovD,spotify:artist:7hKXTmrq3ZppBx881yBbOr,3
4710,spotify:artist:223iUzG0kb5V166FJP9ovD,spotify:artist:1yDbenrXWhaQij3SCpsXe7,3
4711,spotify:artist:223iUzG0kb5V166FJP9ovD,spotify:artist:4KlYg0F5KG9QNDFKaeTNAy,3
4712,spotify:artist:223iUzG0kb5V166FJP9ovD,spotify:artist:7pwThElmrxl0pjTwXMojCx,3
4713,spotify:artist:223iUzG0kb5V166FJP9ovD,spotify:artist:1bN9idF4rgIhaaKFpwgzoQ,3
4714,spotify:artist:223iUzG0kb5V166FJP9ovD,spotify:artist:1Jgp0YCPHCJx5XD7nlfGVN,3
4715,spotify:artist:223iUzG0kb5V166FJP9ovD,spotify:artist:16AVsBqzmIZTNHd0eX8VbK,3
4716,spotify:artist:223iUzG0kb5V166FJP9ovD,spotify:artist:6OAueBADydAjR5lP5NqTvv,3
4717,spotify:artist:223iUzG0kb5V166FJP9ovD,spotify:artist:5PpBa5lqZ9ppWbtqoo6ZNM,3
4718,spotify:artist:223iUzG0kb5V166FJP9ovD,spotify:artist:0zUDeBCtajKzgNJTeWQiNi,3
4719,spotify:artist:223iUzG0kb5V166FJP9ovD,spotify:artist:1ZJYzl0sevnazdNkEYsAOW,3
4720,spotify:artist:7eQZTqEMozBcuSubfu52i4,spotify:artist:5hE6NCoobhyEu6TRSbjOJY,3
4721,spotify:artist:7eQZTqEMozBcuSubfu52i4,spotify:artist:7JUms0YyWoLQ0ICQvrEgjL,3
4722,spotify:artist:7eQZTqEMozBcuSubfu52i4,spotify:artist:0ucLPotcQNI7AViFytdhBz,3
4723,spotify:artist:7eQZTqEMozBcuSubfu52i4,spotify:artist:7qHOphlWaJrfFa0BqpayDG,3
4724,spotify:artist:7eQZTqEMozBcuSubfu52i4,spotify:artist:6UOcY6w4K6Ek5Lw5rFDHdP,3
4725,spotify:artist:7eQZTqEMozBcuSubfu52i4,spotify:artist:5R7K1GezC0jy24v1R2n4x3,3
4726,spotify:artist:7eQZTqEMozBcuSubfu52i4,spotify:artist:1WHoAjAWGx5qLsgzpaOk7W,3
4727,spotify:artist:7eQZTqEMozBcuSubfu52i4,spotify:artist:05fo024EFotg9songSENOZ,3
4728,spotify:artist:7eQZTqEMozBcuSubfu52i4,spotify:artist:3QhNv79NoIvarU6N57GBzL,3
4729,spotify:artist:7eQZTqEMozBcuSubfu52i4,spotify:artist:3qwabfaWewpfli7hMNM3O8,3
4730,spotify:artist:7eQZTqEMozBcuSubfu52i4,spotify:artist:1gkSl4XpHIHI4I1WQbfXOE,3
4731,spotify:artist:7eQZTqEMozBcuSubfu52i4,spotify:artist:7atGlyFY5574ph1tGMs6gD,3
4732,spotify:artist:7eQZTqEMozBcuSubfu52i4,spotify:artist:1o43SzzuLoyOxqThmp7s0g,3
4733,spotify:artist:7eQZTqEMozBcuSubfu52i4,spotify:artist:7K3zpFXBvPcvzhj7zlGJdO,3
4734,spotify:artist:7eQZTqEMozBcuSubfu52i4,spotify:artist:39x9e2QDpAxK8xTuJDwRqR,3
4735,spotify:artist:7eQZTqEMozBcuSubfu52i4,spotify:artist:6VJZYivuYJGCrPuOAnI7Qo,3
4736,spotify:artist:7eQZTqEMozBcuSubfu52i4,spotify:artist:5BKsn7SCN2XmbF7apdCpRS,3
4737,spotify:artist:7eQZTqEMozBcuSubfu52i4,spotify:artist:6l77PmL5iuEEcYjGl8K6s7,3
4738,spotify:artist:7eQZTqEMozBcuSubfu52i4,spotify:artist:7w29UYBi0qsHi5RTcv3lmA,3
4739,spotify:artist:7eQZTqEMozBcuSubfu52i4,spotify:artist:4tOVIRjlWWfR1RrAxyRqTE,3
4740,spotify:artist:3kZdsaTYgaaolNxpnJ4iDe,spotify:artist:5zS8r5hRRk1jzD41yYS1NO,3
4741,spotify:artist:3kZdsaTYgaaolNxpnJ4iDe,spotify:artist:1PmVyfIR9KtCxbHWuga8E5,3
4742,spotify:artist:3kZdsaTYgaaolNxpnJ4iDe,spotify:artist:2ueoLVCXQ948OfhVvAy3Nn,3
4743,spotify:artist:3kZdsaTYgaaolNxpnJ4iDe,spotify:artist:5o8Wylae9k23IEJMIiwd8s,3
4744,spotify:artist:3kZdsaTYgaaolNxpnJ4iDe,spotify:artist:44TGR1CzjKBxSHsSEy7bi9,3
4745,spotify:artist:3kZdsaTYgaaolNxpnJ4iDe,spotify:artist:2mAYpnSe3g2Y22JcZ2ddku,3
4746,spotify:artist:3kZdsaTYgaaolNxpnJ4iDe,spotify:artist:0bRtSoJSpQdnbB3dWrWprR,3
4747,spotify:artist:3kZdsaTYgaaolNxpnJ4iDe,spotify:artist:2VarlUiM6Lw0SA7BvwVPRP,3
4748,spotify:artist:3kZdsaTYgaaolNxpnJ4iDe,spotify:artist:1l9d7B8W0IHy3LqWsxP2SH,3
4749,spotify:artist:3kZdsaTYgaaolNxpnJ4iDe,spotify:artist:40Ojab0UtVQFjA76qXr8Ot,3
4750,spotify:artist:3kZdsaTYgaaolNxpnJ4iDe,spotify:artist:223iUzG0kb5V166FJP9ovD,3
4751,spotify:artist:3kZdsaTYgaaolNxpnJ4iDe,spotify:artist:6epDO0nPVXpbXBUt4Otiik,3
4752,spotify:artist:3kZdsaTYgaaolNxpnJ4iDe,spotify:artist:6XZYAWJLL8UIbxAqjKj3cg,3
4753,spotify:artist:3kZdsaTYgaaolNxpnJ4iDe,spotify:artist:2exkZbmNqMKnT8LRWuxWgy,3
4754,spotify:artist:3kZdsaTYgaaolNxpnJ4iDe,spotify:artist:3Dw9w3jnmr58ocgxiwITcq,3
4755,spotify:artist:3kZdsaTYgaaolNxpnJ4iDe,spotify:artist:1v5bOzXbhrQ57qSvRwGA6s,3
4756,spotify:artist:3kZdsaTYgaaolNxpnJ4iDe,spotify:artist:5MraexJKZDrQYzS98kNwie,3
4757,spotify:artist:3kZdsaTYgaaolNxpnJ4iDe,spotify:artist:5EDkJDlRNcMs3ewliB24QA,3
4758,spotify:artist:3kZdsaTYgaaolNxpnJ4iDe,spotify:artist:37qXWlhfRvpxmIeTKvfw8B,3
4759,spotify:artist:3kZdsaTYgaaolNxpnJ4iDe,spotify:artist:2Jv5eshHtLycR6R8KQCdc4,3
4760,spotify:artist:7bPs6jf983f0bjRAt1yxDM,spotify:artist:2LSJrlndCuTpdEluvYHc2E,3
4761,spotify:artist:7bPs6jf983f0bjRAt1yxDM,spotify:artist:2m1l9MLSslzup4vvokKgvQ,3
4762,spotify:artist:7bPs6jf983f0bjRAt1yxDM,spotify:artist:6l8KabfQ4VAdFHzm3ZOOYZ,3
4763,spotify:artist:7bPs6jf983f0bjRAt1yxDM,spotify:artist:3jzXlBF2157k4exx7idecs,3
4764,spotify:artist:7bPs6jf983f0bjRAt1yxDM,spotify:artist:3k0HFz1mMtmsaWYsX75MiW,3
4765,spotify:artist:7bPs6jf983f0bjRAt1yxDM,spotify:artist:6zmMGBnFE2DCkAxaCVULRP,3
4766,spotify:artist:7bPs6jf983f0bjRAt1yxDM,spotify:artist:384YLF1kNQk9Ccl8pn7BSO,3
4767,spotify:artist:7bPs6jf983f0bjRAt1yxDM,spotify:artist:4wxSKb9ur3AbGRCv81xFAd,3
4768,spotify:artist:7bPs6jf983f0bjRAt1yxDM,spotify:artist:6ZsvBr9pLJY16NqVRKO88G,3
4769,spotify:artist:7bPs6jf983f0bjRAt1yxDM,spotify:artist:2QIHd0B2VIKlmLyoq4lUr7,3
4770,spotify:artist:7bPs6jf983f0bjRAt1yxDM,spotify:artist:4uSftVc3FPWe6RJuMZNEe9,3
4771,spotify:artist:7bPs6jf983f0bjRAt1yxDM,spotify:artist:4fxp616ALtFWnXfwxnjLzW,3
4772,spotify:artist:7bPs6jf983f0bjRAt1yxDM,spotify:artist:7HeVXdOdMhLslVputGTZFQ,3
4773,spotify:artist:7bPs6jf983f0bjRAt1yxDM,spotify:artist:2IAG8mcBKZoIc5VbcPgNNc,3
4774,spotify:artist:7bPs6jf983f0bjRAt1yxDM,spotify:artist:2ndxSSEDxr0s9csEgGYMrE,3
4775,spotify:artist:7bPs6jf983f0bjRAt1yxDM,spotify:artist:3bw0A7x5AgdJsK20ai5iS6,3
4776,spotify:artist:7bPs6jf983f0bjRAt1yxDM,spotify:artist:4x2kecgGRpDooou3CIYnlr,3
4777,spotify:artist:7bPs6jf983f0bjRAt1yxDM,spotify:artist:6LLYwvo2N1nDcUvyw9XPGN,3
4778,spotify:artist:7bPs6jf983f0bjRAt1yxDM,spotify:artist:57GQLJX1O8guO5PVj46e6l,3
4779,spotify:artist:7bPs6jf983f0bjRAt1yxDM,spotify:artist:5x9UA1g9OYt1wCyPb0YN8l,3
4780,spotify:artist:5BKsn7SCN2XmbF7apdCpRS,spotify:artist:3qwabfaWewpfli7hMNM3O8,3
4781,spotify:artist:5BKsn7SCN2XmbF7apdCpRS,spotify:artist:4aaBjq7VqqQvpSF69GglvO,3
4782,spotify:artist:5BKsn7SCN2XmbF7apdCpRS,spotify:artist:7w29UYBi0qsHi5RTcv3lmA,3
4783,spotify:artist:5BKsn7SCN2XmbF7apdCpRS,spotify:artist:0ucLPotcQNI7AViFytdhBz,3
4784,spotify:artist:5BKsn7SCN2XmbF7apdCpRS,spotify:artist:0MoXIHcFwhIWnFgBfdvQ30,3
4785,spotify:artist:5BKsn7SCN2XmbF7apdCpRS,spotify:artist:6UOcY6w4K6Ek5Lw5rFDHdP,3
4786,spotify:artist:5BKsn7SCN2XmbF7apdCpRS,spotify:artist:08YvZ2qzFrDSITfHLbPKMP,3
4787,spotify:artist:5BKsn7SCN2XmbF7apdCpRS,spotify:artist:5TfnQ0Ai1cEbKY5katFK14,3
4788,spotify:artist:5BKsn7SCN2XmbF7apdCpRS,spotify:artist:1EJWNhiYbOyeUHbsS7Kp1P,3
4789,spotify:artist:5BKsn7SCN2XmbF7apdCpRS,spotify:artist:5nPOO9iTcrs9k6yFffPxjH,3
4790,spotify:artist:5BKsn7SCN2XmbF7apdCpRS,spotify:artist:7eQZTqEMozBcuSubfu52i4,3
4791,spotify:artist:5BKsn7SCN2XmbF7apdCpRS,spotify:artist:5EP020iZcwBqHRnJftibXX,3
4792,spotify:artist:5BKsn7SCN2XmbF7apdCpRS,spotify:artist:7zt6Af78CalxaPDqORfw8L,3
4793,spotify:artist:5BKsn7SCN2XmbF7apdCpRS,spotify:artist:1WHoAjAWGx5qLsgzpaOk7W,3
4794,spotify:artist:5BKsn7SCN2XmbF7apdCpRS,spotify:artist:1gkSl4XpHIHI4I1WQbfXOE,3
4795,spotify:artist:5BKsn7SCN2XmbF7apdCpRS,spotify:artist:08j69Ndyx1P7RLO3Janb5P,3
4796,spotify:artist:5BKsn7SCN2XmbF7apdCpRS,spotify:artist:2rBcvLKWCZs9w1qIWv560v,3
4797,spotify:artist:5BKsn7SCN2XmbF7apdCpRS,spotify:artist:1Tz1kM5vFyBpzD22fHW609,3
4798,spotify:artist:5BKsn7SCN2XmbF7apdCpRS,spotify:artist:5R7K1GezC0jy24v1R2n4x3,3
4799,spotify:artist:5BKsn7SCN2XmbF7apdCpRS,spotify:artist:6l77PmL5iuEEcYjGl8K6s7,3
4800,spotify:artist:13ccXrK7AmXb4TddMkE7jy,spotify:artist:4aaBjq7VqqQvpSF69GglvO,3
4801,spotify:artist:13ccXrK7AmXb4TddMkE7jy,spotify:artist:7xFnmid57ZE6iWEXdEXO3b,3
4802,spotify:artist:13ccXrK7AmXb4TddMkE7jy,spotify:artist:4RIOH6XCUt1Xr8NLUj2u66,3
4803,spotify:artist:13ccXrK7AmXb4TddMkE7jy,spotify:artist:59xljcfdN2Z9VX2U5RFKEa,3
4804,spotify:artist:13ccXrK7AmXb4TddMkE7jy,spotify:artist:6cLEWhEKQl6nAvgr60M7zC,3
4805,spotify:artist:13ccXrK7AmXb4TddMkE7jy,spotify:artist:4w3QqrcmBv8dasemwBXmxf,3
4806,spotify:artist:13ccXrK7AmXb4TddMkE7jy,spotify:artist:3loflELg7MzgrOyNqERolN,3
4807,spotify:artist:13ccXrK7AmXb4TddMkE7jy,spotify:artist:5BKsn7SCN2XmbF7apdCpRS,3
4808,spotify:artist:13ccXrK7AmXb4TddMkE7jy,spotify:artist:14H7ag1wpQOsPPQJOD6Dqr,3
4809,spotify:artist:13ccXrK7AmXb4TddMkE7jy,spotify:artist:1N2FgBLehaq77UEdJhCt7f,3
4810,spotify:artist:13ccXrK7AmXb4TddMkE7jy,spotify:artist:1GWV70Reko15eV2nHCm0bM,3
4811,spotify:artist:13ccXrK7AmXb4TddMkE7jy,spotify:artist:4phr5rAgWhcZtWJu8w8lKv,3
4812,spotify:artist:13ccXrK7AmXb4TddMkE7jy,spotify:artist:08YvZ2qzFrDSITfHLbPKMP,3
4813,spotify:artist:13ccXrK7AmXb4TddMkE7jy,spotify:artist:6bWxFw65IEJzBYjx3SxUXd,3
4814,spotify:artist:13ccXrK7AmXb4TddMkE7jy,spotify:artist:7sbwBqdkynNUDgiWU3TQ5J,3
4815,spotify:artist:13ccXrK7AmXb4TddMkE7jy,spotify:artist:0iCwkCRUEPkbSNyTVPKxf2,3
4816,spotify:artist:13ccXrK7AmXb4TddMkE7jy,spotify:artist:0WUphJOGHE5i95IeR87hsO,3
4817,spotify:artist:13ccXrK7AmXb4TddMkE7jy,spotify:artist:3qwabfaWewpfli7hMNM3O8,3
4818,spotify:artist:13ccXrK7AmXb4TddMkE7jy,spotify:artist:6FXMGgJwohJLUSr5nVlf9X,3
4819,spotify:artist:13ccXrK7AmXb4TddMkE7jy,spotify:artist:4nlqDmbzFzbNITaqjJv7D7,3
4820,spotify:artist:1N2FgBLehaq77UEdJhCt7f,spotify:artist:3SRTWBeGhX3o5DCQ2zzTdI,3
4821,spotify:artist:1N2FgBLehaq77UEdJhCt7f,spotify:artist:3xYNGCooNIzKMAtJYKSOyq,3
4822,spotify:artist:1N2FgBLehaq77UEdJhCt7f,spotify:artist:7xFnmid57ZE6iWEXdEXO3b,3
4823,spotify:artist:1N2FgBLehaq77UEdJhCt7f,spotify:artist:46h3caIKtqPlEfRHuSdibg,3
4824,spotify:artist:1N2FgBLehaq77UEdJhCt7f,spotify:artist:4tfyTbsNNN5xfxKDwG4VfP,3
4825,spotify:artist:1N2FgBLehaq77UEdJhCt7f,spotify:artist:339DNkQkuhHKEcHw6oK8f0,3
4826,spotify:artist:1N2FgBLehaq77UEdJhCt7f,spotify:artist:66GWpx9iLxrvvfhDsG9STP,3
4827,spotify:artist:1N2FgBLehaq77UEdJhCt7f,spotify:artist:4w3QqrcmBv8dasemwBXmxf,3
4828,spotify:artist:1N2FgBLehaq77UEdJhCt7f,spotify:artist:2u7xZP39dtED9EuRX9MUwu,3
4829,spotify:artist:1N2FgBLehaq77UEdJhCt7f,spotify:artist:7sbwBqdkynNUDgiWU3TQ5J,3
4830,spotify:artist:1N2FgBLehaq77UEdJhCt7f,spotify:artist:5fScAXreYFnuqwOgBsJgSd,3
4831,spotify:artist:1N2FgBLehaq77UEdJhCt7f,spotify:artist:3wury2nd8idV4GecUg5xze,3
4832,spotify:artist:1N2FgBLehaq77UEdJhCt7f,spotify:artist:4tyCvqG48h4LdcbFfWBjR9,3
4833,spotify:artist:1N2FgBLehaq77UEdJhCt7f,spotify:artist:5Rsu72e1qrjIUtxH6Zmy9K,3
4834,spotify:artist:1N2FgBLehaq77UEdJhCt7f,spotify:artist:4nlqDmbzFzbNITaqjJv7D7,3
4835,spotify:artist:1N2FgBLehaq77UEdJhCt7f,spotify:artist:3ysp8GwsheDcBxP9q65lBg,3
4836,spotify:artist:1N2FgBLehaq77UEdJhCt7f,spotify:artist:0NbfEPYRgMczimdfM3skmH,3
4837,spotify:artist:1N2FgBLehaq77UEdJhCt7f,spotify:artist:7hFdUW64G4iU1tz46ITRfN,3
4838,spotify:artist:1N2FgBLehaq77UEdJhCt7f,spotify:artist:1GWV70Reko15eV2nHCm0bM,3
4839,spotify:artist:1N2FgBLehaq77UEdJhCt7f,spotify:artist:0FOcXqJgJ1oq9XfzYTDZmZ,3
4840,spotify:artist:6cLEWhEKQl6nAvgr60M7zC,spotify:artist:3UpIbyXfGzmHG6TMH4dJEk,3
4841,spotify:artist:6cLEWhEKQl6nAvgr60M7zC,spotify:artist:73JEBdDEFeVaOLg3y0HhBD,3
4842,spotify:artist:6cLEWhEKQl6nAvgr60M7zC,spotify:artist:67pQ8Yr09zDDzzwWw3EG9R,3
4843,spotify:artist:6cLEWhEKQl6nAvgr60M7zC,spotify:artist:3X0tJzVYoWlfjLYI0Ridsw,3
4844,spotify:artist:6cLEWhEKQl6nAvgr60M7zC,spotify:artist:0jkK3K1ATFFHofEWjd2i00,3
4845,spotify:artist:6cLEWhEKQl6nAvgr60M7zC,spotify:artist:1KsASRNugxU85T0u6zSg32,3
4846,spotify:artist:6cLEWhEKQl6nAvgr60M7zC,spotify:artist:7xFnmid57ZE6iWEXdEXO3b,3
4847,spotify:artist:6cLEWhEKQl6nAvgr60M7zC,spotify:artist:76oeXwztPqAxVg9oqozK3z,3
4848,spotify:artist:6cLEWhEKQl6nAvgr60M7zC,spotify:artist:6PBv8t9YTLggA9ZMwpeoqj,3
4849,spotify:artist:6cLEWhEKQl6nAvgr60M7zC,spotify:artist:0AiTwNtYX8m4uhfU7rJ8RD,3
4850,spotify:artist:6cLEWhEKQl6nAvgr60M7zC,spotify:artist:3CYSRCHfilgR8DSbkCMp5j,3
4851,spotify:artist:6cLEWhEKQl6nAvgr60M7zC,spotify:artist:0MBIKH9DjtBkv8O3nS6szj,3
4852,spotify:artist:6cLEWhEKQl6nAvgr60M7zC,spotify:artist:13ccXrK7AmXb4TddMkE7jy,3
4853,spotify:artist:6cLEWhEKQl6nAvgr60M7zC,spotify:artist:4Cedjq5BQL3MhapRvDpFED,3
4854,spotify:artist:6cLEWhEKQl6nAvgr60M7zC,spotify:artist:4nlqDmbzFzbNITaqjJv7D7,3
4855,spotify:artist:6cLEWhEKQl6nAvgr60M7zC,spotify:artist:0K7VN4aHxHcEb7PqkfoIVA,3
4856,spotify:artist:6cLEWhEKQl6nAvgr60M7zC,spotify:artist:7x4So74vIUx3DaLk93JCFf,3
4857,spotify:artist:6cLEWhEKQl6nAvgr60M7zC,spotify:artist:6ZWUhhSv3IahZyW5keNSxK,3
4858,spotify:artist:6cLEWhEKQl6nAvgr60M7zC,spotify:artist:4sD9znwiVFx9cgRPZ42aQ1,3
4859,spotify:artist:6cLEWhEKQl6nAvgr60M7zC,spotify:artist:1N2FgBLehaq77UEdJhCt7f,3
4860,spotify:artist:3qwabfaWewpfli7hMNM3O8,spotify:artist:5BKsn7SCN2XmbF7apdCpRS,3
4861,spotify:artist:3qwabfaWewpfli7hMNM3O8,spotify:artist:4aaBjq7VqqQvpSF69GglvO,3
4862,spotify:artist:3qwabfaWewpfli7hMNM3O8,spotify:artist:0MoXIHcFwhIWnFgBfdvQ30,3
4863,spotify:artist:3qwabfaWewpfli7hMNM3O8,spotify:artist:7zt6Af78CalxaPDqORfw8L,3
4864,spotify:artist:3qwabfaWewpfli7hMNM3O8,spotify:artist:6UOcY6w4K6Ek5Lw5rFDHdP,3
4865,spotify:artist:3qwabfaWewpfli7hMNM3O8,spotify:artist:7y8lzaGqtadGmtAtg2SGv4,3
4866,spotify:artist:3qwabfaWewpfli7hMNM3O8,spotify:artist:1WHoAjAWGx5qLsgzpaOk7W,3
4867,spotify:artist:3qwabfaWewpfli7hMNM3O8,spotify:artist:7eQZTqEMozBcuSubfu52i4,3
4868,spotify:artist:3qwabfaWewpfli7hMNM3O8,spotify:artist:0ucLPotcQNI7AViFytdhBz,3
4869,spotify:artist:3qwabfaWewpfli7hMNM3O8,spotify:artist:6l77PmL5iuEEcYjGl8K6s7,3
4870,spotify:artist:3qwabfaWewpfli7hMNM3O8,spotify:artist:3K2zB87GZv1krx031en5VA,3
4871,spotify:artist:3qwabfaWewpfli7hMNM3O8,spotify:artist:6Tyzp9KzpiZ04DABQoedps,3
4872,spotify:artist:3qwabfaWewpfli7hMNM3O8,spotify:artist:5sL9uDMwceYHPknnCLAAwJ,3
4873,spotify:artist:3qwabfaWewpfli7hMNM3O8,spotify:artist:0H0rBbf7vHXO3qh50Wap7y,3
4874,spotify:artist:3qwabfaWewpfli7hMNM3O8,spotify:artist:7w29UYBi0qsHi5RTcv3lmA,3
4875,spotify:artist:3qwabfaWewpfli7hMNM3O8,spotify:artist:5hE6NCoobhyEu6TRSbjOJY,3
4876,spotify:artist:3qwabfaWewpfli7hMNM3O8,spotify:artist:7qHOphlWaJrfFa0BqpayDG,3
4877,spotify:artist:3qwabfaWewpfli7hMNM3O8,spotify:artist:6UE7nl9mha6s8z0wFQFIZ2,3
4878,spotify:artist:3qwabfaWewpfli7hMNM3O8,spotify:artist:7xFnmid57ZE6iWEXdEXO3b,3
4879,spotify:artist:3qwabfaWewpfli7hMNM3O8,spotify:artist:2f9ZiYA2ic1r1voObUimdd,3
4880,spotify:artist:1GWV70Reko15eV2nHCm0bM,spotify:artist:4w3QqrcmBv8dasemwBXmxf,3
4881,spotify:artist:1GWV70Reko15eV2nHCm0bM,spotify:artist:7sbwBqdkynNUDgiWU3TQ5J,3
4882,spotify:artist:1GWV70Reko15eV2nHCm0bM,spotify:artist:6juuiuCv8jRHZOcvP2BqKp,3
4883,spotify:artist:1GWV70Reko15eV2nHCm0bM,spotify:artist:5CXWXFfhDhFN5uzbfUwAKt,3
4884,spotify:artist:1GWV70Reko15eV2nHCm0bM,spotify:artist:0WUphJOGHE5i95IeR87hsO,3
4885,spotify:artist:1GWV70Reko15eV2nHCm0bM,spotify:artist:59luKpdal8UwxcuLJNoKwS,3
4886,spotify:artist:1GWV70Reko15eV2nHCm0bM,spotify:artist:7cKtqv9cYVlOwnuCFH95ce,3
4887,spotify:artist:1GWV70Reko15eV2nHCm0bM,spotify:artist:3loflELg7MzgrOyNqERolN,3
4888,spotify:artist:1GWV70Reko15eV2nHCm0bM,spotify:artist:0rWZGN2Zuv77euApjvZgkI,3
4889,spotify:artist:1GWV70Reko15eV2nHCm0bM,spotify:artist:7vPXrGlSGukcwpaPxUfKKR,3
4890,spotify:artist:1GWV70Reko15eV2nHCm0bM,spotify:artist:7GsdZ6T45uXudJ8Wsko9sB,3
4891,spotify:artist:1GWV70Reko15eV2nHCm0bM,spotify:artist:2oyWkw7sq99yqj12hVUHtw,3
4892,spotify:artist:1GWV70Reko15eV2nHCm0bM,spotify:artist:5jqKIZLB5WA5KquEihB3ND,3
4893,spotify:artist:1GWV70Reko15eV2nHCm0bM,spotify:artist:4c9NYYIAGKWqPDTkoVnGr7,3
4894,spotify:artist:1GWV70Reko15eV2nHCm0bM,spotify:artist:7Fo8TAyGJr4VmhE68QamMf,3
4895,spotify:artist:1GWV70Reko15eV2nHCm0bM,spotify:artist:2u7xZP39dtED9EuRX9MUwu,3
4896,spotify:artist:1GWV70Reko15eV2nHCm0bM,spotify:artist:0THUMJMWUd5L8os9K6O4FE,3
4897,spotify:artist:1GWV70Reko15eV2nHCm0bM,spotify:artist:4HCubdy7diarb4KZo8etrq,3
4898,spotify:artist:1GWV70Reko15eV2nHCm0bM,spotify:artist:4AIo9dEYhuS3AtwhhKgA0M,3
4899,spotify:artist:1GWV70Reko15eV2nHCm0bM,spotify:artist:2Uz58cSxlJgefDaSikxYQ7,3
4900,spotify:artist:4w3QqrcmBv8dasemwBXmxf,spotify:artist:7sbwBqdkynNUDgiWU3TQ5J,3
4901,spotify:artist:4w3QqrcmBv8dasemwBXmxf,spotify:artist:1GWV70Reko15eV2nHCm0bM,3
4902,spotify:artist:4w3QqrcmBv8dasemwBXmxf,spotify:artist:3loflELg7MzgrOyNqERolN,3
4903,spotify:artist:4w3QqrcmBv8dasemwBXmxf,spotify:artist:6juuiuCv8jRHZOcvP2BqKp,3
4904,spotify:artist:4w3QqrcmBv8dasemwBXmxf,spotify:artist:59luKpdal8UwxcuLJNoKwS,3
4905,spotify:artist:4w3QqrcmBv8dasemwBXmxf,spotify:artist:5CXWXFfhDhFN5uzbfUwAKt,3
4906,spotify:artist:4w3QqrcmBv8dasemwBXmxf,spotify:artist:0WUphJOGHE5i95IeR87hsO,3
4907,spotify:artist:4w3QqrcmBv8dasemwBXmxf,spotify:artist:5jqKIZLB5WA5KquEihB3ND,3
4908,spotify:artist:4w3QqrcmBv8dasemwBXmxf,spotify:artist:7cKtqv9cYVlOwnuCFH95ce,3
4909,spotify:artist:4w3QqrcmBv8dasemwBXmxf,spotify:artist:7ckJvU525aRrorybAq1Rcg,3
4910,spotify:artist:4w3QqrcmBv8dasemwBXmxf,spotify:artist:77D38RDgCtlYNLpayStftL,3
4911,spotify:artist:4w3QqrcmBv8dasemwBXmxf,spotify:artist:7vPXrGlSGukcwpaPxUfKKR,3
4912,spotify:artist:4w3QqrcmBv8dasemwBXmxf,spotify:artist:2u7xZP39dtED9EuRX9MUwu,3
4913,spotify:artist:4w3QqrcmBv8dasemwBXmxf,spotify:artist:06tPmk0aHzCFK0T96YzXnN,3
4914,spotify:artist:4w3QqrcmBv8dasemwBXmxf,spotify:artist:2Uz58cSxlJgefDaSikxYQ7,3
4915,spotify:artist:4w3QqrcmBv8dasemwBXmxf,spotify:artist:7GsdZ6T45uXudJ8Wsko9sB,3
4916,spotify:artist:4w3QqrcmBv8dasemwBXmxf,spotify:artist:5PYuBRQMHh7nWmdV076sH9,3
4917,spotify:artist:4w3QqrcmBv8dasemwBXmxf,spotify:artist:0THUMJMWUd5L8os9K6O4FE,3
4918,spotify:artist:4w3QqrcmBv8dasemwBXmxf,spotify:artist:2s79xe5F6eUQkjwjww27Fh,3
4919,spotify:artist:4w3QqrcmBv8dasemwBXmxf,spotify:artist:5sMku8iI6FH3ypZTErz4kv,3
4920,spotify:artist:4RIOH6XCUt1Xr8NLUj2u66,spotify:artist:7xFnmid57ZE6iWEXdEXO3b,3
4921,spotify:artist:4RIOH6XCUt1Xr8NLUj2u66,spotify:artist:4R024vmmAv1tyJGZPWkEDu,3
4922,spotify:artist:4RIOH6XCUt1Xr8NLUj2u66,spotify:artist:3Wok7FweiLrlia97LMCJh1,3
4923,spotify:artist:4RIOH6XCUt1Xr8NLUj2u66,spotify:artist:1cMcFL2NdeUDYg0OtD1GeA,3
4924,spotify:artist:4RIOH6XCUt1Xr8NLUj2u66,spotify:artist:7wbZFLV3wwTqyrKNCJ8Y8D,3
4925,spotify:artist:4RIOH6XCUt1Xr8NLUj2u66,spotify:artist:3b0YRaadaoMwK4STNVeHGF,3
4926,spotify:artist:4RIOH6XCUt1Xr8NLUj2u66,spotify:artist:62NNHMoDbLSbR3THDaFNO7,3
4927,spotify:artist:4RIOH6XCUt1Xr8NLUj2u66,spotify:artist:5P1tdwsQdI6z9MXXfmYRDS,3
4928,spotify:artist:4RIOH6XCUt1Xr8NLUj2u66,spotify:artist:7sx3r4lMo079vO7lIi0fng,3
4929,spotify:artist:4RIOH6XCUt1Xr8NLUj2u66,spotify:artist:4yvuCAFk8vERXXBf138h8S,3
4930,spotify:artist:4RIOH6XCUt1Xr8NLUj2u66,spotify:artist:53HMXaQpXt5m6cBJNO5OFX,3
4931,spotify:artist:4RIOH6XCUt1Xr8NLUj2u66,spotify:artist:5CXWXFfhDhFN5uzbfUwAKt,3
4932,spotify:artist:4RIOH6XCUt1Xr8NLUj2u66,spotify:artist:6ktzu3KxlqOqd3eKnqTCyb,3
4933,spotify:artist:4RIOH6XCUt1Xr8NLUj2u66,spotify:artist:13ccXrK7AmXb4TddMkE7jy,3
4934,spotify:artist:4RIOH6XCUt1Xr8NLUj2u66,spotify:artist:3pbCt8oM8Y03U1VpxkZgWM,3
4935,spotify:artist:4RIOH6XCUt1Xr8NLUj2u66,spotify:artist:55dlp5I9jyc4UjzlrcKMnq,3
4936,spotify:artist:4RIOH6XCUt1Xr8NLUj2u66,spotify:artist:4tSxfdWuRgYtlPQ1d4kjYE,3
4937,spotify:artist:4RIOH6XCUt1Xr8NLUj2u66,spotify:artist:2dxi3wnJ9h9kNioaWyIpYd,3
4938,spotify:artist:4RIOH6XCUt1Xr8NLUj2u66,spotify:artist:6FP6ynzSPeBFX46vkI1OsW,3
4939,spotify:artist:4RIOH6XCUt1Xr8NLUj2u66,spotify:artist:3ygFnvt1R5sH1eu3eC9hxe,3
4940,spotify:artist:5BKsn7SCN2XmbF7apdCpRS,spotify:artist:3qwabfaWewpfli7hMNM3O8,3
4941,spotify:artist:5BKsn7SCN2XmbF7apdCpRS,spotify:artist:4aaBjq7VqqQvpSF69GglvO,3
4942,spotify:artist:5BKsn7SCN2XmbF7apdCpRS,spotify:artist:7w29UYBi0qsHi5RTcv3lmA,3
4943,spotify:artist:5BKsn7SCN2XmbF7apdCpRS,spotify:artist:0ucLPotcQNI7AViFytdhBz,3
4944,spotify:artist:5BKsn7SCN2XmbF7apdCpRS,spotify:artist:0MoXIHcFwhIWnFgBfdvQ30,3
4945,spotify:artist:5BKsn7SCN2XmbF7apdCpRS,spotify:artist:6UOcY6w4K6Ek5Lw5rFDHdP,3
4946,spotify:artist:5BKsn7SCN2XmbF7apdCpRS,spotify:artist:08YvZ2qzFrDSITfHLbPKMP,3
4947,spotify:artist:5BKsn7SCN2XmbF7apdCpRS,spotify:artist:5TfnQ0Ai1cEbKY5katFK14,3
4948,spotify:artist:5BKsn7SCN2XmbF7apdCpRS,spotify:artist:1EJWNhiYbOyeUHbsS7Kp1P,3
4949,spotify:artist:5BKsn7SCN2XmbF7apdCpRS,spotify:artist:5nPOO9iTcrs9k6yFffPxjH,3
4950,spotify:artist:5BKsn7SCN2XmbF7apdCpRS,spotify:artist:7eQZTqEMozBcuSubfu52i4,3
4951,spotify:artist:5BKsn7SCN2XmbF7apdCpRS,spotify:artist:5EP020iZcwBqHRnJftibXX,3
4952,spotify:artist:5BKsn7SCN2XmbF7apdCpRS,spotify:artist:7zt6Af78CalxaPDqORfw8L,3
4953,spotify:artist:5BKsn7SCN2XmbF7apdCpRS,spotify:artist:1WHoAjAWGx5qLsgzpaOk7W,3
4954,spotify:artist:5BKsn7SCN2XmbF7apdCpRS,spotify:artist:1gkSl4XpHIHI4I1WQbfXOE,3
4955,spotify:artist:5BKsn7SCN2XmbF7apdCpRS,spotify:artist:08j69Ndyx1P7RLO3Janb5P,3
4956,spotify:artist:5BKsn7SCN2XmbF7apdCpRS,spotify:artist:2rBcvLKWCZs9w1qIWv560v,3
4957,spotify:artist:5BKsn7SCN2XmbF7apdCpRS,spotify:artist:1Tz1kM5vFyBpzD22fHW609,3
4958,spotify:artist:5BKsn7SCN2XmbF7apdCpRS,spotify:artist:5R7K1GezC0jy24v1R2n4x3,3
4959,spotify:artist:5BKsn7SCN2XmbF7apdCpRS,spotify:artist:6l77PmL5iuEEcYjGl8K6s7,3
4960,spotify:artist:5CXWXFfhDhFN5uzbfUwAKt,spotify:artist:4w3QqrcmBv8dasemwBXmxf,3
4961,spotify:artist:5CXWXFfhDhFN5uzbfUwAKt,spotify:artist:1cMcFL2NdeUDYg0OtD1GeA,3
4962,spotify:artist:5CXWXFfhDhFN5uzbfUwAKt,spotify:artist:1GWV70Reko15eV2nHCm0bM,3
4963,spotify:artist:5CXWXFfhDhFN5uzbfUwAKt,spotify:artist:7sbwBqdkynNUDgiWU3TQ5J,3
4964,spotify:artist:5CXWXFfhDhFN5uzbfUwAKt,spotify:artist:6juuiuCv8jRHZOcvP2BqKp,3
4965,spotify:artist:5CXWXFfhDhFN5uzbfUwAKt,spotify:artist:4yvuCAFk8vERXXBf138h8S,3
4966,spotify:artist:5CXWXFfhDhFN5uzbfUwAKt,spotify:artist:3XdsvDqukVnHTVUhI3cB2c,3
4967,spotify:artist:5CXWXFfhDhFN5uzbfUwAKt,spotify:artist:0THUMJMWUd5L8os9K6O4FE,3
4968,spotify:artist:5CXWXFfhDhFN5uzbfUwAKt,spotify:artist:7tfS18oUEffScrxryTgwyC,3
4969,spotify:artist:5CXWXFfhDhFN5uzbfUwAKt,spotify:artist:5Qlt3zQ63Z99mNhuun0JAT,3
4970,spotify:artist:5CXWXFfhDhFN5uzbfUwAKt,spotify:artist:4HCubdy7diarb4KZo8etrq,3
4971,spotify:artist:5CXWXFfhDhFN5uzbfUwAKt,spotify:artist:7cKtqv9cYVlOwnuCFH95ce,3
4972,spotify:artist:5CXWXFfhDhFN5uzbfUwAKt,spotify:artist:2kTn692duPSkqN6czSilyk,3
4973,spotify:artist:5CXWXFfhDhFN5uzbfUwAKt,spotify:artist:4tfyTbsNNN5xfxKDwG4VfP,3
4974,spotify:artist:5CXWXFfhDhFN5uzbfUwAKt,spotify:artist:0i2IEcWvtHUBYPkYWwCgjC,3
4975,spotify:artist:5CXWXFfhDhFN5uzbfUwAKt,spotify:artist:7ckJvU525aRrorybAq1Rcg,3
4976,spotify:artist:5CXWXFfhDhFN5uzbfUwAKt,spotify:artist:5TnuP42pw475UrjjeabtwZ,3
4977,spotify:artist:5CXWXFfhDhFN5uzbfUwAKt,spotify:artist:5sMku8iI6FH3ypZTErz4kv,3
4978,spotify:artist:5CXWXFfhDhFN5uzbfUwAKt,spotify:artist:3loflELg7MzgrOyNqERolN,3
4979,spotify:artist:5CXWXFfhDhFN5uzbfUwAKt,spotify:artist:1ZsnHGOLYFg8CAHQQBc1ut,3
4980,spotify:artist:7sbwBqdkynNUDgiWU3TQ5J,spotify:artist:4w3QqrcmBv8dasemwBXmxf,3
4981,spotify:artist:7sbwBqdkynNUDgiWU3TQ5J,spotify:artist:6juuiuCv8jRHZOcvP2BqKp,3
4982,spotify:artist:7sbwBqdkynNUDgiWU3TQ5J,spotify:artist:7ckJvU525aRrorybAq1Rcg,3
4983,spotify:artist:7sbwBqdkynNUDgiWU3TQ5J,spotify:artist:3loflELg7MzgrOyNqERolN,3
4984,spotify:artist:7sbwBqdkynNUDgiWU3TQ5J,spotify:artist:1GWV70Reko15eV2nHCm0bM,3
4985,spotify:artist:7sbwBqdkynNUDgiWU3TQ5J,spotify:artist:5CXWXFfhDhFN5uzbfUwAKt,3
4986,spotify:artist:7sbwBqdkynNUDgiWU3TQ5J,spotify:artist:77D38RDgCtlYNLpayStftL,3
4987,spotify:artist:7sbwBqdkynNUDgiWU3TQ5J,spotify:artist:06Rbwc8jaQ1d5fDPZiasE0,3
4988,spotify:artist:7sbwBqdkynNUDgiWU3TQ5J,spotify:artist:2u7xZP39dtED9EuRX9MUwu,3
4989,spotify:artist:7sbwBqdkynNUDgiWU3TQ5J,spotify:artist:0WUphJOGHE5i95IeR87hsO,3
4990,spotify:artist:7sbwBqdkynNUDgiWU3TQ5J,spotify:artist:2DmyIp3IBWUwRukba22G3n,3
4991,spotify:artist:7sbwBqdkynNUDgiWU3TQ5J,spotify:artist:63yEaRONzlJVu1ozymo4Fk,3
4992,spotify:artist:7sbwBqdkynNUDgiWU3TQ5J,spotify:artist:3XdsvDqukVnHTVUhI3cB2c,3
4993,spotify:artist:7sbwBqdkynNUDgiWU3TQ5J,spotify:artist:59luKpdal8UwxcuLJNoKwS,3
4994,spotify:artist:7sbwBqdkynNUDgiWU3TQ5J,spotify:artist:4AIo9dEYhuS3AtwhhKgA0M,3
4995,spotify:artist:7sbwBqdkynNUDgiWU3TQ5J,spotify:artist:56RZYoZM05z29KIlNlAAQX,3
4996,spotify:artist:7sbwBqdkynNUDgiWU3TQ5J,spotify:artist:6imyM8T1Xbe8v2iZe41dR7,3
4997,spotify:artist:7sbwBqdkynNUDgiWU3TQ5J,spotify:artist:5jqKIZLB5WA5KquEihB3ND,3
4998,spotify:artist:7sbwBqdkynNUDgiWU3TQ5J,spotify:artist:7GsdZ6T45uXudJ8Wsko9sB,3
4999,spotify:artist:7sbwBqdkynNUDgiWU3TQ5J,spotify:artist:39afGThIZjTTMH5enuLXYI,3
5000,spotify:artist:3loflELg7MzgrOyNqERolN,spotify:artist:4w3QqrcmBv8dasemwBXmxf,3
5001,spotify:artist:3loflELg7MzgrOyNqERolN,spotify:artist:7sbwBqdkynNUDgiWU3TQ5J,3
5002,spotify:artist:3loflELg7MzgrOyNqERolN,spotify:artist:59luKpdal8UwxcuLJNoKwS,3
5003,spotify:artist:3loflELg7MzgrOyNqERolN,spotify:artist:6KOqPxwfNAmZPkiCnDE9yT,3
5004,spotify:artist:3loflELg7MzgrOyNqERolN,spotify:artist:0WUphJOGHE5i95IeR87hsO,3
5005,spotify:artist:3loflELg7MzgrOyNqERolN,spotify:artist:5jqKIZLB5WA5KquEihB3ND,3
5006,spotify:artist:3loflELg7MzgrOyNqERolN,spotify:artist:1dmEUAQBopYUrsMnQnScWL,3
5007,spotify:artist:3loflELg7MzgrOyNqERolN,spotify:artist:6juuiuCv8jRHZOcvP2BqKp,3
5008,spotify:artist:3loflELg7MzgrOyNqERolN,spotify:artist:2s79xe5F6eUQkjwjww27Fh,3
5009,spotify:artist:3loflELg7MzgrOyNqERolN,spotify:artist:06tPmk0aHzCFK0T96YzXnN,3
5010,spotify:artist:3loflELg7MzgrOyNqERolN,spotify:artist:77D38RDgCtlYNLpayStftL,3
5011,spotify:artist:3loflELg7MzgrOyNqERolN,spotify:artist:1h8YIw9HLr6E8gdXVDRbVJ,3
5012,spotify:artist:3loflELg7MzgrOyNqERolN,spotify:artist:4R90PNicCsCsEoRm8XwiMS,3
5013,spotify:artist:3loflELg7MzgrOyNqERolN,spotify:artist:6imyM8T1Xbe8v2iZe41dR7,3
5014,spotify:artist:3loflELg7MzgrOyNqERolN,spotify:artist:1GWV70Reko15eV2nHCm0bM,3
5015,spotify:artist:3loflELg7MzgrOyNqERolN,spotify:artist:5PYuBRQMHh7nWmdV076sH9,3
5016,spotify:artist:3loflELg7MzgrOyNqERolN,spotify:artist:6Jrj26oAY96EEC2lqC6fua,3
5017,spotify:artist:3loflELg7MzgrOyNqERolN,spotify:artist:20p5D2KrE8CGuOjHtxsyTp,3
5018,spotify:artist:3loflELg7MzgrOyNqERolN,spotify:artist:7cKtqv9cYVlOwnuCFH95ce,3
5019,spotify:artist:3loflELg7MzgrOyNqERolN,spotify:artist:2P560DaOMNDUACoH8ZhOCR,3
5020,spotify:artist:1ZsnHGOLYFg8CAHQQBc1ut,spotify:artist:7EV6jW6dotBdvsHj6xPixi,3
5021,spotify:artist:1ZsnHGOLYFg8CAHQQBc1ut,spotify:artist:244fcyNSuyhbRlMGfMbYrO,3
5022,spotify:artist:1ZsnHGOLYFg8CAHQQBc1ut,spotify:artist:3dmSPhg0tdao8ePj4pySJ5,3
5023,spotify:artist:1ZsnHGOLYFg8CAHQQBc1ut,spotify:artist:5EOPLr73C9nIPYwVEAsiOY,3
5024,spotify:artist:1ZsnHGOLYFg8CAHQQBc1ut,spotify:artist:77oD8X9qLXZhpbCjv53l5n,3
5025,spotify:artist:1ZsnHGOLYFg8CAHQQBc1ut,spotify:artist:3TScZ6zJkavDy0tqoGqiCf,3
5026,spotify:artist:1ZsnHGOLYFg8CAHQQBc1ut,spotify:artist:4IDoKaZIEacb3QncU8RQMp,3
5027,spotify:artist:1ZsnHGOLYFg8CAHQQBc1ut,spotify:artist:2Lhs0asnFQiLuntn3s8p78,3
5028,spotify:artist:1ZsnHGOLYFg8CAHQQBc1ut,spotify:artist:4yvuCAFk8vERXXBf138h8S,3
5029,spotify:artist:1ZsnHGOLYFg8CAHQQBc1ut,spotify:artist:13W7XLRXdWeLmIu9vacE1w,3
5030,spotify:artist:1ZsnHGOLYFg8CAHQQBc1ut,spotify:artist:5CXWXFfhDhFN5uzbfUwAKt,3
5031,spotify:artist:1ZsnHGOLYFg8CAHQQBc1ut,spotify:artist:1GWV70Reko15eV2nHCm0bM,3
5032,spotify:artist:1ZsnHGOLYFg8CAHQQBc1ut,spotify:artist:0LVrQUinPUBFvVD5pLqmWY,3
5033,spotify:artist:1ZsnHGOLYFg8CAHQQBc1ut,spotify:artist:0dLSQG3IV62UNVhWUe6mx6,3
5034,spotify:artist:1ZsnHGOLYFg8CAHQQBc1ut,spotify:artist:2wXBWJhbm1gfEVjyEEuhDH,3
5035,spotify:artist:1ZsnHGOLYFg8CAHQQBc1ut,spotify:artist:0TJB3EE2efClsYIDQ8V2Jk,3
5036,spotify:artist:1ZsnHGOLYFg8CAHQQBc1ut,spotify:artist:04tBaW21jyUfeP5iqiKBVq,3
5037,spotify:artist:1ZsnHGOLYFg8CAHQQBc1ut,spotify:artist:38euc5ce2q2MMzaoJcPstz,3
5038,spotify:artist:1ZsnHGOLYFg8CAHQQBc1ut,spotify:artist:7Lf3LOZp3U3u2f6cWMd3AH,3
5039,spotify:artist:1ZsnHGOLYFg8CAHQQBc1ut,spotify:artist:2E70ENJNHoACgzTkJ3QnO4,3
5040,spotify:artist:06U3HB7kYW3D8AORt54Xp8,spotify:artist:5DYT0cYfntdC8sxyIOAhiC,3
5041,spotify:artist:06U3HB7kYW3D8AORt54Xp8,spotify:artist:4Nu0EL8c5d2vFHPOcNjlBP,3
5042,spotify:artist:06U3HB7kYW3D8AORt54Xp8,spotify:artist:2xLjx9vPwpFEf7Jx62ZTuh,3
5043,spotify:artist:06U3HB7kYW3D8AORt54Xp8,spotify:artist:0hTUZPp1ELWpYFuSYoNPgB,3
5044,spotify:artist:06U3HB7kYW3D8AORt54Xp8,spotify:artist:3twRxnjZrSKByPGQErO6V8,3
5045,spotify:artist:06U3HB7kYW3D8AORt54Xp8,spotify:artist:3hhbHynBIT7ulyfJfrDKLt,3
5046,spotify:artist:06U3HB7kYW3D8AORt54Xp8,spotify:artist:1qHR9DMfOJQjvWLEfMZQlG,3
5047,spotify:artist:06U3HB7kYW3D8AORt54Xp8,spotify:artist:4MlLVFHiA4e7BU7vQ4r5Lh,3
5048,spotify:artist:06U3HB7kYW3D8AORt54Xp8,spotify:artist:0Ve1sk7tcGsb7ZVsp4o8GG,3
5049,spotify:artist:06U3HB7kYW3D8AORt54Xp8,spotify:artist:6EGQKKjGZOxDJ1iy7Pw25M,3
5050,spotify:artist:06U3HB7kYW3D8AORt54Xp8,spotify:artist:3KH6DLHeoFZgVbtKiLXb6L,3
5051,spotify:artist:06U3HB7kYW3D8AORt54Xp8,spotify:artist:4wWQkHhmUNlXvhbHRUSqZW,3
5052,spotify:artist:06U3HB7kYW3D8AORt54Xp8,spotify:artist:0tQ2Q4y9iUkKszxXyB14ZH,3
5053,spotify:artist:06U3HB7kYW3D8AORt54Xp8,spotify:artist:4t7bXPFEPe0pu1ozhdDLOp,3
5054,spotify:artist:06U3HB7kYW3D8AORt54Xp8,spotify:artist:2u7xZP39dtED9EuRX9MUwu,3
5055,spotify:artist:06U3HB7kYW3D8AORt54Xp8,spotify:artist:1wAvVTxYw932BnBO5JhrXJ,3
5056,spotify:artist:06U3HB7kYW3D8AORt54Xp8,spotify:artist:1imEozQrzLhh9b8LOZESx5,3
5057,spotify:artist:06U3HB7kYW3D8AORt54Xp8,spotify:artist:39aYm70XPfUpkMIKSfeeig,3
5058,spotify:artist:06U3HB7kYW3D8AORt54Xp8,spotify:artist:2YvNi4oPdBgD45gc1UycxW,3
5059,spotify:artist:06U3HB7kYW3D8AORt54Xp8,spotify:artist:6TR7TYiDiS5okigndyMIpK,3
5060,spotify:artist:3UpIbyXfGzmHG6TMH4dJEk,spotify:artist:6cLEWhEKQl6nAvgr60M7zC,3
5061,spotify:artist:3UpIbyXfGzmHG6TMH4dJEk,spotify:artist:73JEBdDEFeVaOLg3y0HhBD,3
5062,spotify:artist:3UpIbyXfGzmHG6TMH4dJEk,spotify:artist:2LXeJdQVcFkhkWydphLI74,3
5063,spotify:artist:3UpIbyXfGzmHG6TMH4dJEk,spotify:artist:3X0tJzVYoWlfjLYI0Ridsw,3
5064,spotify:artist:3UpIbyXfGzmHG6TMH4dJEk,spotify:artist:1KsASRNugxU85T0u6zSg32,3
5065,spotify:artist:3UpIbyXfGzmHG6TMH4dJEk,spotify:artist:3g2kUQ6tHLLbmkV7T4GPtL,3
5066,spotify:artist:3UpIbyXfGzmHG6TMH4dJEk,spotify:artist:0MBIKH9DjtBkv8O3nS6szj,3
5067,spotify:artist:3UpIbyXfGzmHG6TMH4dJEk,spotify:artist:0AiTwNtYX8m4uhfU7rJ8RD,3
5068,spotify:artist:3UpIbyXfGzmHG6TMH4dJEk,spotify:artist:0K7VN4aHxHcEb7PqkfoIVA,3
5069,spotify:artist:3UpIbyXfGzmHG6TMH4dJEk,spotify:artist:3CYSRCHfilgR8DSbkCMp5j,3
5070,spotify:artist:3UpIbyXfGzmHG6TMH4dJEk,spotify:artist:4L1danWWAgSc0b7nBgY9CB,3
5071,spotify:artist:3UpIbyXfGzmHG6TMH4dJEk,spotify:artist:4Cedjq5BQL3MhapRvDpFED,3
5072,spotify:artist:3UpIbyXfGzmHG6TMH4dJEk,spotify:artist:1L0y9srZMyh9XUnYGv37IP,3
5073,spotify:artist:3UpIbyXfGzmHG6TMH4dJEk,spotify:artist:2PfBzriIMRsCXPDtSy9vg8,3
5074,spotify:artist:3UpIbyXfGzmHG6TMH4dJEk,spotify:artist:7x4So74vIUx3DaLk93JCFf,3
5075,spotify:artist:3UpIbyXfGzmHG6TMH4dJEk,spotify:artist:7tNLRmiAN8hpmFrbIHiHsy,3
5076,spotify:artist:3UpIbyXfGzmHG6TMH4dJEk,spotify:artist:2idymNTKUdnTxforkb12Mw,3
5077,spotify:artist:3UpIbyXfGzmHG6TMH4dJEk,spotify:artist:0jkK3K1ATFFHofEWjd2i00,3
5078,spotify:artist:3UpIbyXfGzmHG6TMH4dJEk,spotify:artist:60ht0hWRy1yjUDfNsLuHuP,3
5079,spotify:artist:3UpIbyXfGzmHG6TMH4dJEk,spotify:artist:4wM29TDTr3HI0qFY3KoSFG,3
5080,spotify:artist:2wXBWJhbm1gfEVjyEEuhDH,spotify:artist:1z98aCtgTzyUkAHR50ryFN,3
5081,spotify:artist:2wXBWJhbm1gfEVjyEEuhDH,spotify:artist:38euc5ce2q2MMzaoJcPstz,3
5082,spotify:artist:2wXBWJhbm1gfEVjyEEuhDH,spotify:artist:0TeVWuc8Sw05X4Qkl3AA5r,3
5083,spotify:artist:2wXBWJhbm1gfEVjyEEuhDH,spotify:artist:7x4So74vIUx3DaLk93JCFf,3
5084,spotify:artist:2wXBWJhbm1gfEVjyEEuhDH,spotify:artist:2PfBzriIMRsCXPDtSy9vg8,3
5085,spotify:artist:2wXBWJhbm1gfEVjyEEuhDH,spotify:artist:5EOPLr73C9nIPYwVEAsiOY,3
5086,spotify:artist:2wXBWJhbm1gfEVjyEEuhDH,spotify:artist:2UDplVRprMbazU74Hq8OLl,3
5087,spotify:artist:2wXBWJhbm1gfEVjyEEuhDH,spotify:artist:0RyvcOVrlV86NmFz0MrG9e,3
5088,spotify:artist:2wXBWJhbm1gfEVjyEEuhDH,spotify:artist:1ZsnHGOLYFg8CAHQQBc1ut,3
5089,spotify:artist:2wXBWJhbm1gfEVjyEEuhDH,spotify:artist:3vidJsiALgVC5ZuweJgeDT,3
5090,spotify:artist:2wXBWJhbm1gfEVjyEEuhDH,spotify:artist:4yvuCAFk8vERXXBf138h8S,3
5091,spotify:artist:2wXBWJhbm1gfEVjyEEuhDH,spotify:artist:3BqaUtuQmqIHg7B5Bc7fP7,3
5092,spotify:artist:2wXBWJhbm1gfEVjyEEuhDH,spotify:artist:5w75MoT8FfcGOMgjgrj1cz,3
5093,spotify:artist:2wXBWJhbm1gfEVjyEEuhDH,spotify:artist:3loACRmkzdtOMNJEaB6j8L,3
5094,spotify:artist:2wXBWJhbm1gfEVjyEEuhDH,spotify:artist:5CXWXFfhDhFN5uzbfUwAKt,3
5095,spotify:artist:2wXBWJhbm1gfEVjyEEuhDH,spotify:artist:1CgvL3gASrnuI8SKXr8K7F,3
5096,spotify:artist:2wXBWJhbm1gfEVjyEEuhDH,spotify:artist:3oAbjWINfcTSAuVUlXXMty,3
5097,spotify:artist:2wXBWJhbm1gfEVjyEEuhDH,spotify:artist:3Wok7FweiLrlia97LMCJh1,3
5098,spotify:artist:2wXBWJhbm1gfEVjyEEuhDH,spotify:artist:6zKkaqMGGmaKLUSLTcsrls,3
5099,spotify:artist:2wXBWJhbm1gfEVjyEEuhDH,spotify:artist:4sh4MHP7lhrSUakxwZzwqz,3
5100,spotify:artist:59luKpdal8UwxcuLJNoKwS,spotify:artist:4w3QqrcmBv8dasemwBXmxf,3
5101,spotify:artist:59luKpdal8UwxcuLJNoKwS,spotify:artist:0WUphJOGHE5i95IeR87hsO,3
5102,spotify:artist:59luKpdal8UwxcuLJNoKwS,spotify:artist:5PYuBRQMHh7nWmdV076sH9,3
5103,spotify:artist:59luKpdal8UwxcuLJNoKwS,spotify:artist:7vPXrGlSGukcwpaPxUfKKR,3
5104,spotify:artist:59luKpdal8UwxcuLJNoKwS,spotify:artist:7GsdZ6T45uXudJ8Wsko9sB,3
5105,spotify:artist:59luKpdal8UwxcuLJNoKwS,spotify:artist:2Uz58cSxlJgefDaSikxYQ7,3
5106,spotify:artist:59luKpdal8UwxcuLJNoKwS,spotify:artist:2s79xe5F6eUQkjwjww27Fh,3
5107,spotify:artist:59luKpdal8UwxcuLJNoKwS,spotify:artist:3loflELg7MzgrOyNqERolN,3
5108,spotify:artist:59luKpdal8UwxcuLJNoKwS,spotify:artist:2DmyIp3IBWUwRukba22G3n,3
5109,spotify:artist:59luKpdal8UwxcuLJNoKwS,spotify:artist:7sbwBqdkynNUDgiWU3TQ5J,3
5110,spotify:artist:59luKpdal8UwxcuLJNoKwS,spotify:artist:3LtBdgNHdH0Ix8hCFZ4NJG,3
5111,spotify:artist:59luKpdal8UwxcuLJNoKwS,spotify:artist:1GWV70Reko15eV2nHCm0bM,3
5112,spotify:artist:59luKpdal8UwxcuLJNoKwS,spotify:artist:4ihCM8I0fpWodgjo0mTlhZ,3
5113,spotify:artist:59luKpdal8UwxcuLJNoKwS,spotify:artist:06tPmk0aHzCFK0T96YzXnN,3
5114,spotify:artist:59luKpdal8UwxcuLJNoKwS,spotify:artist:0f3kLT4wvi2mFHlHJgV8Hl,3
5115,spotify:artist:59luKpdal8UwxcuLJNoKwS,spotify:artist:07h7JMfYWswTq4qpinC5q4,3
5116,spotify:artist:59luKpdal8UwxcuLJNoKwS,spotify:artist:6imyM8T1Xbe8v2iZe41dR7,3
5117,spotify:artist:59luKpdal8UwxcuLJNoKwS,spotify:artist:28yIUgPYZqgJoNZjeBvrHn,3
5118,spotify:artist:59luKpdal8UwxcuLJNoKwS,spotify:artist:1dmEUAQBopYUrsMnQnScWL,3
5119,spotify:artist:59luKpdal8UwxcuLJNoKwS,spotify:artist:1aX2dmV8XoHYCOQRxjPESG,3
5120,spotify:artist:6juuiuCv8jRHZOcvP2BqKp,spotify:artist:7sbwBqdkynNUDgiWU3TQ5J,3
5121,spotify:artist:6juuiuCv8jRHZOcvP2BqKp,spotify:artist:4w3QqrcmBv8dasemwBXmxf,3
5122,spotify:artist:6juuiuCv8jRHZOcvP2BqKp,spotify:artist:1GWV70Reko15eV2nHCm0bM,3
5123,spotify:artist:6juuiuCv8jRHZOcvP2BqKp,spotify:artist:77D38RDgCtlYNLpayStftL,3
5124,spotify:artist:6juuiuCv8jRHZOcvP2BqKp,spotify:artist:5CXWXFfhDhFN5uzbfUwAKt,3
5125,spotify:artist:6juuiuCv8jRHZOcvP2BqKp,spotify:artist:7cKtqv9cYVlOwnuCFH95ce,3
5126,spotify:artist:6juuiuCv8jRHZOcvP2BqKp,spotify:artist:3loflELg7MzgrOyNqERolN,3
5127,spotify:artist:6juuiuCv8jRHZOcvP2BqKp,spotify:artist:4tfyTbsNNN5xfxKDwG4VfP,3
5128,spotify:artist:6juuiuCv8jRHZOcvP2BqKp,spotify:artist:0WUphJOGHE5i95IeR87hsO,3
5129,spotify:artist:6juuiuCv8jRHZOcvP2BqKp,spotify:artist:0THUMJMWUd5L8os9K6O4FE,3
5130,spotify:artist:6juuiuCv8jRHZOcvP2BqKp,spotify:artist:5TnuP42pw475UrjjeabtwZ,3
5131,spotify:artist:6juuiuCv8jRHZOcvP2BqKp,spotify:artist:5sMku8iI6FH3ypZTErz4kv,3
5132,spotify:artist:6juuiuCv8jRHZOcvP2BqKp,spotify:artist:1h8YIw9HLr6E8gdXVDRbVJ,3
5133,spotify:artist:6juuiuCv8jRHZOcvP2BqKp,spotify:artist:4AIo9dEYhuS3AtwhhKgA0M,3
5134,spotify:artist:6juuiuCv8jRHZOcvP2BqKp,spotify:artist:4HCubdy7diarb4KZo8etrq,3
5135,spotify:artist:6juuiuCv8jRHZOcvP2BqKp,spotify:artist:39afGThIZjTTMH5enuLXYI,3
5136,spotify:artist:6juuiuCv8jRHZOcvP2BqKp,spotify:artist:59luKpdal8UwxcuLJNoKwS,3
5137,spotify:artist:6juuiuCv8jRHZOcvP2BqKp,spotify:artist:2kTn692duPSkqN6czSilyk,3
5138,spotify:artist:6juuiuCv8jRHZOcvP2BqKp,spotify:artist:7ckJvU525aRrorybAq1Rcg,3
5139,spotify:artist:6juuiuCv8jRHZOcvP2BqKp,spotify:artist:6An62UauVVUH7OCxt5bnZu,3
5140,spotify:artist:3JxCEqL9zjKnDJgUhRuRJD,spotify:artist:2sIx6SmAMw9IBySG3Uj0jf,3
5141,spotify:artist:3JxCEqL9zjKnDJgUhRuRJD,spotify:artist:1JpHKf8Ztyd8HXU8p6m9cc,3
5142,spotify:artist:3JxCEqL9zjKnDJgUhRuRJD,spotify:artist:4eQJIXFEujzhTVVS1gIfu5,3
5143,spotify:artist:3JxCEqL9zjKnDJgUhRuRJD,spotify:artist:4ihCM8I0fpWodgjo0mTlhZ,3
5144,spotify:artist:3JxCEqL9zjKnDJgUhRuRJD,spotify:artist:2f9ZiYA2ic1r1voObUimdd,3
5145,spotify:artist:3JxCEqL9zjKnDJgUhRuRJD,spotify:artist:7ooOn6bokl4mGV4CEaUz6A,3
5146,spotify:artist:3JxCEqL9zjKnDJgUhRuRJD,spotify:artist:0vUJ3QLN3MlRfjOc2LjGWp,3
5147,spotify:artist:3JxCEqL9zjKnDJgUhRuRJD,spotify:artist:4k7b3DWqBnYpobDWbNWLdM,3
5148,spotify:artist:3JxCEqL9zjKnDJgUhRuRJD,spotify:artist:2PvqyOwynRF4BveaU6IA7S,3
5149,spotify:artist:3JxCEqL9zjKnDJgUhRuRJD,spotify:artist:46h3caIKtqPlEfRHuSdibg,3
5150,spotify:artist:3JxCEqL9zjKnDJgUhRuRJD,spotify:artist:1N2FgBLehaq77UEdJhCt7f,3
5151,spotify:artist:3JxCEqL9zjKnDJgUhRuRJD,spotify:artist:3lcbKPLl0ci2mKRdcP5Etf,3
5152,spotify:artist:3JxCEqL9zjKnDJgUhRuRJD,spotify:artist:59luKpdal8UwxcuLJNoKwS,3
5153,spotify:artist:3JxCEqL9zjKnDJgUhRuRJD,spotify:artist:4toJT7YydhWcrYNgWJK4hW,3
5154,spotify:artist:3JxCEqL9zjKnDJgUhRuRJD,spotify:artist:7xFnmid57ZE6iWEXdEXO3b,3
5155,spotify:artist:3JxCEqL9zjKnDJgUhRuRJD,spotify:artist:3sc7iUG1Wwpwx7bHeZolgx,3
5156,spotify:artist:3JxCEqL9zjKnDJgUhRuRJD,spotify:artist:3kLkYmt0NnxLNMOruQQtl4,3
5157,spotify:artist:3JxCEqL9zjKnDJgUhRuRJD,spotify:artist:3qwabfaWewpfli7hMNM3O8,3
5158,spotify:artist:3JxCEqL9zjKnDJgUhRuRJD,spotify:artist:2Kmao3yzMTfAXQr3Wznw2B,3
5159,spotify:artist:3JxCEqL9zjKnDJgUhRuRJD,spotify:artist:5E704N5StxMVKpalhaJ5L3,3
5160,spotify:artist:7nBZYpVAH6bD0QlD7Mpil7,spotify:artist:6aq8T2RcspxVOGgMrTzjWc,3
5161,spotify:artist:7nBZYpVAH6bD0QlD7Mpil7,spotify:artist:3LtBdgNHdH0Ix8hCFZ4NJG,3
5162,spotify:artist:7nBZYpVAH6bD0QlD7Mpil7,spotify:artist:0EPf9vAXPdFV5Ezp1sMX8B,3
5163,spotify:artist:7nBZYpVAH6bD0QlD7Mpil7,spotify:artist:5PYuBRQMHh7nWmdV076sH9,3
5164,spotify:artist:7nBZYpVAH6bD0QlD7Mpil7,spotify:artist:28yIUgPYZqgJoNZjeBvrHn,3
5165,spotify:artist:7nBZYpVAH6bD0QlD7Mpil7,spotify:artist:1G1mX30GpUJqOr1QU2eBSs,3
5166,spotify:artist:7nBZYpVAH6bD0QlD7Mpil7,spotify:artist:2wpWOzQE5TpA0dVnh5YD08,3
5167,spotify:artist:7nBZYpVAH6bD0QlD7Mpil7,spotify:artist:3iUjRVvYCsMfz7tuAQtBDI,3
5168,spotify:artist:7nBZYpVAH6bD0QlD7Mpil7,spotify:artist:1aX2dmV8XoHYCOQRxjPESG,3
5169,spotify:artist:7nBZYpVAH6bD0QlD7Mpil7,spotify:artist:2N4isf5pypyuDVpBofqEN8,3
5170,spotify:artist:7nBZYpVAH6bD0QlD7Mpil7,spotify:artist:7vPXrGlSGukcwpaPxUfKKR,3
5171,spotify:artist:7nBZYpVAH6bD0QlD7Mpil7,spotify:artist:7GsdZ6T45uXudJ8Wsko9sB,3
5172,spotify:artist:7nBZYpVAH6bD0QlD7Mpil7,spotify:artist:2s79xe5F6eUQkjwjww27Fh,3
5173,spotify:artist:7nBZYpVAH6bD0QlD7Mpil7,spotify:artist:5KQMtyPE8DCQNUzoNqlEsE,3
5174,spotify:artist:7nBZYpVAH6bD0QlD7Mpil7,spotify:artist:4xAp8DM4iDR67SRodGv4dM,3
5175,spotify:artist:7nBZYpVAH6bD0QlD7Mpil7,spotify:artist:36pk438TUUMdX59j1zbvTu,3
5176,spotify:artist:7nBZYpVAH6bD0QlD7Mpil7,spotify:artist:7pwjGKaqnfkvS7eQbHaqyH,3
5177,spotify:artist:7nBZYpVAH6bD0QlD7Mpil7,spotify:artist:0WUphJOGHE5i95IeR87hsO,3
5178,spotify:artist:7nBZYpVAH6bD0QlD7Mpil7,spotify:artist:46h3caIKtqPlEfRHuSdibg,3
5179,spotify:artist:7nBZYpVAH6bD0QlD7Mpil7,spotify:artist:7wJ9NwdRWtN92NunmXuwBk,3
5180,spotify:artist:6PBv8t9YTLggA9ZMwpeoqj,spotify:artist:67pQ8Yr09zDDzzwWw3EG9R,3
5181,spotify:artist:6PBv8t9YTLggA9ZMwpeoqj,spotify:artist:55dlp5I9jyc4UjzlrcKMnq,3
5182,spotify:artist:6PBv8t9YTLggA9ZMwpeoqj,spotify:artist:50sSN9E5i4DJzYDclAXlSo,3
5183,spotify:artist:6PBv8t9YTLggA9ZMwpeoqj,spotify:artist:0jkK3K1ATFFHofEWjd2i00,3
5184,spotify:artist:6PBv8t9YTLggA9ZMwpeoqj,spotify:artist:0fqE57gXXTTqxXlFYVNG2u,3
5185,spotify:artist:6PBv8t9YTLggA9ZMwpeoqj,spotify:artist:3TScZ6zJkavDy0tqoGqiCf,3
5186,spotify:artist:6PBv8t9YTLggA9ZMwpeoqj,spotify:artist:6cLEWhEKQl6nAvgr60M7zC,3
5187,spotify:artist:6PBv8t9YTLggA9ZMwpeoqj,spotify:artist:3dmSPhg0tdao8ePj4pySJ5,3
5188,spotify:artist:6PBv8t9YTLggA9ZMwpeoqj,spotify:artist:37qXWlhfRvpxmIeTKvfw8B,3
5189,spotify:artist:6PBv8t9YTLggA9ZMwpeoqj,spotify:artist:6l77PmL5iuEEcYjGl8K6s7,3
5190,spotify:artist:6PBv8t9YTLggA9ZMwpeoqj,spotify:artist:6G7OerKc3eBO9sVkRNopFC,3
5191,spotify:artist:6PBv8t9YTLggA9ZMwpeoqj,spotify:artist:3nOQJdlPEzFVhTEzxwcGax,3
5192,spotify:artist:6PBv8t9YTLggA9ZMwpeoqj,spotify:artist:4fxp616ALtFWnXfwxnjLzW,3
5193,spotify:artist:6PBv8t9YTLggA9ZMwpeoqj,spotify:artist:12VaqyEhgwDRuFfEqbnrpz,3
5194,spotify:artist:6PBv8t9YTLggA9ZMwpeoqj,spotify:artist:0LZac5VicY19QLaIUvIB0G,3
5195,spotify:artist:6PBv8t9YTLggA9ZMwpeoqj,spotify:artist:2QIHd0B2VIKlmLyoq4lUr7,3
5196,spotify:artist:6PBv8t9YTLggA9ZMwpeoqj,spotify:artist:6Lt6KFXX3P0v6vfrynQAMo,3
5197,spotify:artist:6PBv8t9YTLggA9ZMwpeoqj,spotify:artist:0ZUyFEafMwocvApBjTXvdo,3
5198,spotify:artist:6PBv8t9YTLggA9ZMwpeoqj,spotify:artist:2Lhs0asnFQiLuntn3s8p78,3
5199,spotify:artist:6PBv8t9YTLggA9ZMwpeoqj,spotify:artist:2zAvisjImPICTNsRgagqlV,3
5200,spotify:artist:6XCS9JCn56Q252cMOTbeq6,spotify:artist:7gRmesSjINzb4xXApfMV5E,3
5201,spotify:artist:6XCS9JCn56Q252cMOTbeq6,spotify:artist:7LP4hiTAVkw3Rtc1hqtLi4,3
5202,spotify:artist:6XCS9JCn56Q252cMOTbeq6,spotify:artist:44h2oaMjofGcXfryCCVzhV,3
5203,spotify:artist:6XCS9JCn56Q252cMOTbeq6,spotify:artist:5orH1OWgjAYUX8sZ5gihTv,3
5204,spotify:artist:6XCS9JCn56Q252cMOTbeq6,spotify:artist:2AEEnr6Le5zHzBwpnlZSmq,3
5205,spotify:artist:6XCS9JCn56Q252cMOTbeq6,spotify:artist:3RjnAn8EWb7zaLlGWVxQeP,3
5206,spotify:artist:6XCS9JCn56Q252cMOTbeq6,spotify:artist:60vX3zLcdKRXvKLITVh5Df,3
5207,spotify:artist:6XCS9JCn56Q252cMOTbeq6,spotify:artist:54w1dJI7MTjkRGNfGuu2fc,3
5208,spotify:artist:6XCS9JCn56Q252cMOTbeq6,spotify:artist:6htUPs3clIStnkvg5jimKZ,3
5209,spotify:artist:6XCS9JCn56Q252cMOTbeq6,spotify:artist:17UkABEasVRlCcIFZ3wHb7,3
5210,spotify:artist:6XCS9JCn56Q252cMOTbeq6,spotify:artist:2cBh5lVMg222FFuRU7EfDE,3
5211,spotify:artist:6XCS9JCn56Q252cMOTbeq6,spotify:artist:3fWTpVNnrGmdo0jMbsRsRf,3
5212,spotify:artist:6XCS9JCn56Q252cMOTbeq6,spotify:artist:12EtLdLfJ41vUOoVzPZIUy,3
5213,spotify:artist:6XCS9JCn56Q252cMOTbeq6,spotify:artist:27ul3mOdPyXZEtI17EjCWa,3
5214,spotify:artist:6XCS9JCn56Q252cMOTbeq6,spotify:artist:7zt6Af78CalxaPDqORfw8L,3
5215,spotify:artist:6XCS9JCn56Q252cMOTbeq6,spotify:artist:7edpqbQnGU6YySpab5ItAU,3
5216,spotify:artist:6XCS9JCn56Q252cMOTbeq6,spotify:artist:7rZNSLWMjTbwdLNskFbzFf,3
5217,spotify:artist:6XCS9JCn56Q252cMOTbeq6,spotify:artist:25tu0d8Po5c4IVXsZnXUU8,3
5218,spotify:artist:6XCS9JCn56Q252cMOTbeq6,spotify:artist:5TDVKqW9uhqGjwwwKGuma4,3
5219,spotify:artist:6XCS9JCn56Q252cMOTbeq6,spotify:artist:48I6TLnfZjyLXTqBtQvhgZ,3
5220,spotify:artist:0H0rBbf7vHXO3qh50Wap7y,spotify:artist:0MoXIHcFwhIWnFgBfdvQ30,3
5221,spotify:artist:0H0rBbf7vHXO3qh50Wap7y,spotify:artist:7zt6Af78CalxaPDqORfw8L,3
5222,spotify:artist:0H0rBbf7vHXO3qh50Wap7y,spotify:artist:3K2zB87GZv1krx031en5VA,3
5223,spotify:artist:0H0rBbf7vHXO3qh50Wap7y,spotify:artist:1Eqmku5RGosz51zTCZFgDi,3
5224,spotify:artist:0H0rBbf7vHXO3qh50Wap7y,spotify:artist:4GLJPBj5Cdr9AgLKvLWM4n,3
5225,spotify:artist:0H0rBbf7vHXO3qh50Wap7y,spotify:artist:3qwabfaWewpfli7hMNM3O8,3
5226,spotify:artist:0H0rBbf7vHXO3qh50Wap7y,spotify:artist:25bvQC4jyyFUce6jbzNlwb,3
5227,spotify:artist:0H0rBbf7vHXO3qh50Wap7y,spotify:artist:6prqlx3RqGdTYsXANXDCR1,3
5228,spotify:artist:0H0rBbf7vHXO3qh50Wap7y,spotify:artist:3Y10boYzeuFCJ4Qgp53w6o,3
5229,spotify:artist:0H0rBbf7vHXO3qh50Wap7y,spotify:artist:6XCS9JCn56Q252cMOTbeq6,3
5230,spotify:artist:0H0rBbf7vHXO3qh50Wap7y,spotify:artist:6UE7nl9mha6s8z0wFQFIZ2,3
5231,spotify:artist:0H0rBbf7vHXO3qh50Wap7y,spotify:artist:1WHoAjAWGx5qLsgzpaOk7W,3
5232,spotify:artist:0H0rBbf7vHXO3qh50Wap7y,spotify:artist:2mV8aJphiSHYJf43DxL7Gt,3
5233,spotify:artist:0H0rBbf7vHXO3qh50Wap7y,spotify:artist:2cBh5lVMg222FFuRU7EfDE,3
5234,spotify:artist:0H0rBbf7vHXO3qh50Wap7y,spotify:artist:5BKsn7SCN2XmbF7apdCpRS,3
5235,spotify:artist:0H0rBbf7vHXO3qh50Wap7y,spotify:artist:5TfnQ0Ai1cEbKY5katFK14,3
5236,spotify:artist:0H0rBbf7vHXO3qh50Wap7y,spotify:artist:7gRhy3MIPHQo5CXYfWaw9I,3
5237,spotify:artist:0H0rBbf7vHXO3qh50Wap7y,spotify:artist:7y8lzaGqtadGmtAtg2SGv4,3
5238,spotify:artist:0H0rBbf7vHXO3qh50Wap7y,spotify:artist:6ieVhWXtOmK6DO6dmX7Eko,3
5239,spotify:artist:0H0rBbf7vHXO3qh50Wap7y,spotify:artist:0WbqAlM1WvfUD6dF7omThd,3
5240,spotify:artist:5UxnCYXggRNdaKBUgPIviq,spotify:artist:4rPzjuxvcad2GgpIRt2civ,3
5241,spotify:artist:5UxnCYXggRNdaKBUgPIviq,spotify:artist:2SdOKxC1sSxEyv8JYERaNe,3
5242,spotify:artist:5UxnCYXggRNdaKBUgPIviq,spotify:artist:3M09gMoXXM7K2RitFqbFSM,3
5243,spotify:artist:5UxnCYXggRNdaKBUgPIviq,spotify:artist:6l0msaZPAzFDz1UDDv6BV8,3
5244,spotify:artist:5UxnCYXggRNdaKBUgPIviq,spotify:artist:1YJ9OtMAkpvxO70ydEm7aZ,3
5245,spotify:artist:5UxnCYXggRNdaKBUgPIviq,spotify:artist:6uPnr3XdPsToaX6kKfptwd,3
5246,spotify:artist:5UxnCYXggRNdaKBUgPIviq,spotify:artist:555RRfX2scuBv0h2Z3TAst,3
5247,spotify:artist:5UxnCYXggRNdaKBUgPIviq,spotify:artist:1cJCVvFLO8SLM8W9EITe1g,3
5248,spotify:artist:5UxnCYXggRNdaKBUgPIviq,spotify:artist:2Dymd4r1i4EfE8iooyCi1L,3
5249,spotify:artist:5UxnCYXggRNdaKBUgPIviq,spotify:artist:0pcMlaHGK1AkSexNBhDFrq,3
5250,spotify:artist:5UxnCYXggRNdaKBUgPIviq,spotify:artist:4d5CbyJTqjfFvn9ZgU5bEa,3
5251,spotify:artist:5UxnCYXggRNdaKBUgPIviq,spotify:artist:7czghyR75hlwV4ddLK5MeD,3
5252,spotify:artist:5UxnCYXggRNdaKBUgPIviq,spotify:artist:5sNf4pPJimYJ0Qg8nipo5a,3
5253,spotify:artist:5UxnCYXggRNdaKBUgPIviq,spotify:artist:7yPRmfUuRcpGwOsHVqQgae,3
5254,spotify:artist:5UxnCYXggRNdaKBUgPIviq,spotify:artist:4k2ggpJpzdQHCBQ84f1jBy,3
5255,spotify:artist:5UxnCYXggRNdaKBUgPIviq,spotify:artist:6prqlx3RqGdTYsXANXDCR1,3
5256,spotify:artist:5UxnCYXggRNdaKBUgPIviq,spotify:artist:0fWt4FY87imqsBJpt2QVL0,3
5257,spotify:artist:5UxnCYXggRNdaKBUgPIviq,spotify:artist:0ZVqyfTk5GaaRiQNQaW9jg,3
5258,spotify:artist:5UxnCYXggRNdaKBUgPIviq,spotify:artist:1jLgVMxSprO07X145B7W3U,3
5259,spotify:artist:5UxnCYXggRNdaKBUgPIviq,spotify:artist:71WL5bNm5jPPpwpDcW3Icj,3
5260,spotify:artist:3Y10boYzeuFCJ4Qgp53w6o,spotify:artist:0MoXIHcFwhIWnFgBfdvQ30,3
5261,spotify:artist:3Y10boYzeuFCJ4Qgp53w6o,spotify:artist:5BKsn7SCN2XmbF7apdCpRS,3
5262,spotify:artist:3Y10boYzeuFCJ4Qgp53w6o,spotify:artist:3K2zB87GZv1krx031en5VA,3
5263,spotify:artist:3Y10boYzeuFCJ4Qgp53w6o,spotify:artist:3sFTupo9UGgrujjN21BjwR,3
5264,spotify:artist:3Y10boYzeuFCJ4Qgp53w6o,spotify:artist:2wvUfjKGoXvcnDHq7GgMOa,3
5265,spotify:artist:3Y10boYzeuFCJ4Qgp53w6o,spotify:artist:6prqlx3RqGdTYsXANXDCR1,3
5266,spotify:artist:3Y10boYzeuFCJ4Qgp53w6o,spotify:artist:3qwabfaWewpfli7hMNM3O8,3
5267,spotify:artist:3Y10boYzeuFCJ4Qgp53w6o,spotify:artist:5MmVJVhhYKQ86izuGHzJYA,3
5268,spotify:artist:3Y10boYzeuFCJ4Qgp53w6o,spotify:artist:6UE7nl9mha6s8z0wFQFIZ2,3
5269,spotify:artist:3Y10boYzeuFCJ4Qgp53w6o,spotify:artist:4fwuXg6XQHfdlOdmw36OHa,3
5270,spotify:artist:3Y10boYzeuFCJ4Qgp53w6o,spotify:artist:12EtLdLfJ41vUOoVzPZIUy,3
5271,spotify:artist:3Y10boYzeuFCJ4Qgp53w6o,spotify:artist:0WbqAlM1WvfUD6dF7omThd,3
5272,spotify:artist:3Y10boYzeuFCJ4Qgp53w6o,spotify:artist:5TfnQ0Ai1cEbKY5katFK14,3
5273,spotify:artist:3Y10boYzeuFCJ4Qgp53w6o,spotify:artist:13saZpZnCDWOI9D4IJhp1f,3
5274,spotify:artist:3Y10boYzeuFCJ4Qgp53w6o,spotify:artist:1WHoAjAWGx5qLsgzpaOk7W,3
5275,spotify:artist:3Y10boYzeuFCJ4Qgp53w6o,spotify:artist:7rZNSLWMjTbwdLNskFbzFf,3
5276,spotify:artist:3Y10boYzeuFCJ4Qgp53w6o,spotify:artist:2cBh5lVMg222FFuRU7EfDE,3
5277,spotify:artist:3Y10boYzeuFCJ4Qgp53w6o,spotify:artist:2U6gqwyl9F33YxawnFrZG7,3
5278,spotify:artist:3Y10boYzeuFCJ4Qgp53w6o,spotify:artist:4RVnAU35WRWra6OZ3CbbMA,3
5279,spotify:artist:3Y10boYzeuFCJ4Qgp53w6o,spotify:artist:5TDVKqW9uhqGjwwwKGuma4,3
5280,spotify:artist:25bvQC4jyyFUce6jbzNlwb,spotify:artist:2fkmfYw1KeOiDLA6MHDwU8,3
5281,spotify:artist:25bvQC4jyyFUce6jbzNlwb,spotify:artist:3Kt34aALAZu5GUd3WRqsrZ,3
5282,spotify:artist:25bvQC4jyyFUce6jbzNlwb,spotify:artist:7zt6Af78CalxaPDqORfw8L,3
5283,spotify:artist:25bvQC4jyyFUce6jbzNlwb,spotify:artist:0H0rBbf7vHXO3qh50Wap7y,3
5284,spotify:artist:25bvQC4jyyFUce6jbzNlwb,spotify:artist:0MoXIHcFwhIWnFgBfdvQ30,3
5285,spotify:artist:25bvQC4jyyFUce6jbzNlwb,spotify:artist:4GLJPBj5Cdr9AgLKvLWM4n,3
5286,spotify:artist:25bvQC4jyyFUce6jbzNlwb,spotify:artist:3jcHyrPcJhrTMdlthE8p74,3
5287,spotify:artist:25bvQC4jyyFUce6jbzNlwb,spotify:artist:7edpqbQnGU6YySpab5ItAU,3
5288,spotify:artist:25bvQC4jyyFUce6jbzNlwb,spotify:artist:1Eqmku5RGosz51zTCZFgDi,3
5289,spotify:artist:25bvQC4jyyFUce6jbzNlwb,spotify:artist:48I6TLnfZjyLXTqBtQvhgZ,3
5290,spotify:artist:25bvQC4jyyFUce6jbzNlwb,spotify:artist:6prqlx3RqGdTYsXANXDCR1,3
5291,spotify:artist:25bvQC4jyyFUce6jbzNlwb,spotify:artist:3qwabfaWewpfli7hMNM3O8,3
5292,spotify:artist:25bvQC4jyyFUce6jbzNlwb,spotify:artist:2U6gqwyl9F33YxawnFrZG7,3
5293,spotify:artist:25bvQC4jyyFUce6jbzNlwb,spotify:artist:6XCS9JCn56Q252cMOTbeq6,3
5294,spotify:artist:25bvQC4jyyFUce6jbzNlwb,spotify:artist:7Defmv25Kj9knpobhHIghm,3
5295,spotify:artist:25bvQC4jyyFUce6jbzNlwb,spotify:artist:4YXRO4slasYnty9nb73LrO,3
5296,spotify:artist:25bvQC4jyyFUce6jbzNlwb,spotify:artist:58FAQGIDRMXK5AsxJu9YNp,3
5297,spotify:artist:25bvQC4jyyFUce6jbzNlwb,spotify:artist:60vX3zLcdKRXvKLITVh5Df,3
5298,spotify:artist:25bvQC4jyyFUce6jbzNlwb,spotify:artist:7bFb3qT35kK9wSeZZ7pwCj,3
5299,spotify:artist:25bvQC4jyyFUce6jbzNlwb,spotify:artist:2cBh5lVMg222FFuRU7EfDE,3
5300,spotify:artist:0MoXIHcFwhIWnFgBfdvQ30,spotify:artist:4GLJPBj5Cdr9AgLKvLWM4n,3
5301,spotify:artist:0MoXIHcFwhIWnFgBfdvQ30,spotify:artist:3K2zB87GZv1krx031en5VA,3
5302,spotify:artist:0MoXIHcFwhIWnFgBfdvQ30,spotify:artist:7zt6Af78CalxaPDqORfw8L,3
5303,spotify:artist:0MoXIHcFwhIWnFgBfdvQ30,spotify:artist:5TfnQ0Ai1cEbKY5katFK14,3
5304,spotify:artist:0MoXIHcFwhIWnFgBfdvQ30,spotify:artist:2fkmfYw1KeOiDLA6MHDwU8,3
5305,spotify:artist:0MoXIHcFwhIWnFgBfdvQ30,spotify:artist:0WbqAlM1WvfUD6dF7omThd,3
5306,spotify:artist:0MoXIHcFwhIWnFgBfdvQ30,spotify:artist:39ZHUueufhIdbW4yu9uODG,3
5307,spotify:artist:0MoXIHcFwhIWnFgBfdvQ30,spotify:artist:0H0rBbf7vHXO3qh50Wap7y,3
5308,spotify:artist:0MoXIHcFwhIWnFgBfdvQ30,spotify:artist:2wvUfjKGoXvcnDHq7GgMOa,3
5309,spotify:artist:0MoXIHcFwhIWnFgBfdvQ30,spotify:artist:1Eqmku5RGosz51zTCZFgDi,3
5310,spotify:artist:0MoXIHcFwhIWnFgBfdvQ30,spotify:artist:3qwabfaWewpfli7hMNM3O8,3
5311,spotify:artist:0MoXIHcFwhIWnFgBfdvQ30,spotify:artist:5BKsn7SCN2XmbF7apdCpRS,3
5312,spotify:artist:0MoXIHcFwhIWnFgBfdvQ30,spotify:artist:6UOcY6w4K6Ek5Lw5rFDHdP,3
5313,spotify:artist:0MoXIHcFwhIWnFgBfdvQ30,spotify:artist:48I6TLnfZjyLXTqBtQvhgZ,3
5314,spotify:artist:0MoXIHcFwhIWnFgBfdvQ30,spotify:artist:2s6lxOYvvCvzpHtd3VyuMj,3
5315,spotify:artist:0MoXIHcFwhIWnFgBfdvQ30,spotify:artist:7pyhre5oEEFMqcgMEvJY7q,3
5316,spotify:artist:0MoXIHcFwhIWnFgBfdvQ30,spotify:artist:46CuxapoPjUfIOiXdNq7qM,3
5317,spotify:artist:0MoXIHcFwhIWnFgBfdvQ30,spotify:artist:2K13AVg3bFpHSxDM1vJ0qA,3
5318,spotify:artist:0MoXIHcFwhIWnFgBfdvQ30,spotify:artist:25bvQC4jyyFUce6jbzNlwb,3
5319,spotify:artist:0MoXIHcFwhIWnFgBfdvQ30,spotify:artist:7y8lzaGqtadGmtAtg2SGv4,3
5320,spotify:artist:4GLJPBj5Cdr9AgLKvLWM4n,spotify:artist:0MoXIHcFwhIWnFgBfdvQ30,3
5321,spotify:artist:4GLJPBj5Cdr9AgLKvLWM4n,spotify:artist:5TfnQ0Ai1cEbKY5katFK14,3
5322,spotify:artist:4GLJPBj5Cdr9AgLKvLWM4n,spotify:artist:7zt6Af78CalxaPDqORfw8L,3
5323,spotify:artist:4GLJPBj5Cdr9AgLKvLWM4n,spotify:artist:3K2zB87GZv1krx031en5VA,3
5324,spotify:artist:4GLJPBj5Cdr9AgLKvLWM4n,spotify:artist:2fkmfYw1KeOiDLA6MHDwU8,3
5325,spotify:artist:4GLJPBj5Cdr9AgLKvLWM4n,spotify:artist:0WbqAlM1WvfUD6dF7omThd,3
5326,spotify:artist:4GLJPBj5Cdr9AgLKvLWM4n,spotify:artist:1Eqmku5RGosz51zTCZFgDi,3
5327,spotify:artist:4GLJPBj5Cdr9AgLKvLWM4n,spotify:artist:2wvUfjKGoXvcnDHq7GgMOa,3
5328,spotify:artist:4GLJPBj5Cdr9AgLKvLWM4n,spotify:artist:5BKsn7SCN2XmbF7apdCpRS,3
5329,spotify:artist:4GLJPBj5Cdr9AgLKvLWM4n,spotify:artist:39ZHUueufhIdbW4yu9uODG,3
5330,spotify:artist:4GLJPBj5Cdr9AgLKvLWM4n,spotify:artist:0H0rBbf7vHXO3qh50Wap7y,3
5331,spotify:artist:4GLJPBj5Cdr9AgLKvLWM4n,spotify:artist:6UocZe4AprSYBvmn3J0oqY,3
5332,spotify:artist:4GLJPBj5Cdr9AgLKvLWM4n,spotify:artist:2K13AVg3bFpHSxDM1vJ0qA,3
5333,spotify:artist:4GLJPBj5Cdr9AgLKvLWM4n,spotify:artist:3Y10boYzeuFCJ4Qgp53w6o,3
5334,spotify:artist:4GLJPBj5Cdr9AgLKvLWM4n,spotify:artist:25bvQC4jyyFUce6jbzNlwb,3
5335,spotify:artist:4GLJPBj5Cdr9AgLKvLWM4n,spotify:artist:7y8lzaGqtadGmtAtg2SGv4,3
5336,spotify:artist:4GLJPBj5Cdr9AgLKvLWM4n,spotify:artist:3qwabfaWewpfli7hMNM3O8,3
5337,spotify:artist:4GLJPBj5Cdr9AgLKvLWM4n,spotify:artist:0ucLPotcQNI7AViFytdhBz,3
5338,spotify:artist:4GLJPBj5Cdr9AgLKvLWM4n,spotify:artist:2s6lxOYvvCvzpHtd3VyuMj,3
5339,spotify:artist:4GLJPBj5Cdr9AgLKvLWM4n,spotify:artist:6UOcY6w4K6Ek5Lw5rFDHdP,3
5340,spotify:artist:5BKsn7SCN2XmbF7apdCpRS,spotify:artist:3qwabfaWewpfli7hMNM3O8,3
5341,spotify:artist:5BKsn7SCN2XmbF7apdCpRS,spotify:artist:4aaBjq7VqqQvpSF69GglvO,3
5342,spotify:artist:5BKsn7SCN2XmbF7apdCpRS,spotify:artist:7w29UYBi0qsHi5RTcv3lmA,3
5343,spotify:artist:5BKsn7SCN2XmbF7apdCpRS,spotify:artist:0ucLPotcQNI7AViFytdhBz,3
5344,spotify:artist:5BKsn7SCN2XmbF7apdCpRS,spotify:artist:0MoXIHcFwhIWnFgBfdvQ30,3
5345,spotify:artist:5BKsn7SCN2XmbF7apdCpRS,spotify:artist:6UOcY6w4K6Ek5Lw5rFDHdP,3
5346,spotify:artist:5BKsn7SCN2XmbF7apdCpRS,spotify:artist:08YvZ2qzFrDSITfHLbPKMP,3
5347,spotify:artist:5BKsn7SCN2XmbF7apdCpRS,spotify:artist:5TfnQ0Ai1cEbKY5katFK14,3
5348,spotify:artist:5BKsn7SCN2XmbF7apdCpRS,spotify:artist:1EJWNhiYbOyeUHbsS7Kp1P,3
5349,spotify:artist:5BKsn7SCN2XmbF7apdCpRS,spotify:artist:5nPOO9iTcrs9k6yFffPxjH,3
5350,spotify:artist:5BKsn7SCN2XmbF7apdCpRS,spotify:artist:7eQZTqEMozBcuSubfu52i4,3
5351,spotify:artist:5BKsn7SCN2XmbF7apdCpRS,spotify:artist:5EP020iZcwBqHRnJftibXX,3
5352,spotify:artist:5BKsn7SCN2XmbF7apdCpRS,spotify:artist:7zt6Af78CalxaPDqORfw8L,3
5353,spotify:artist:5BKsn7SCN2XmbF7apdCpRS,spotify:artist:1WHoAjAWGx5qLsgzpaOk7W,3
5354,spotify:artist:5BKsn7SCN2XmbF7apdCpRS,spotify:artist:1gkSl4XpHIHI4I1WQbfXOE,3
5355,spotify:artist:5BKsn7SCN2XmbF7apdCpRS,spotify:artist:08j69Ndyx1P7RLO3Janb5P,3
5356,spotify:artist:5BKsn7SCN2XmbF7apdCpRS,spotify:artist:2rBcvLKWCZs9w1qIWv560v,3
5357,spotify:artist:5BKsn7SCN2XmbF7apdCpRS,spotify:artist:1Tz1kM5vFyBpzD22fHW609,3
5358,spotify:artist:5BKsn7SCN2XmbF7apdCpRS,spotify:artist:5R7K1GezC0jy24v1R2n4x3,3
5359,spotify:artist:5BKsn7SCN2XmbF7apdCpRS,spotify:artist:6l77PmL5iuEEcYjGl8K6s7,3
5360,spotify:artist:2SdOKxC1sSxEyv8JYERaNe,spotify:artist:6l0msaZPAzFDz1UDDv6BV8,3
5361,spotify:artist:2SdOKxC1sSxEyv8JYERaNe,spotify:artist:5UxnCYXggRNdaKBUgPIviq,3
5362,spotify:artist:2SdOKxC1sSxEyv8JYERaNe,spotify:artist:1cJCVvFLO8SLM8W9EITe1g,3
5363,spotify:artist:2SdOKxC1sSxEyv8JYERaNe,spotify:artist:4k2ggpJpzdQHCBQ84f1jBy,3
5364,spotify:artist:2SdOKxC1sSxEyv8JYERaNe,spotify:artist:72OaDtakiy6yFqkt4TsiFt,3
5365,spotify:artist:2SdOKxC1sSxEyv8JYERaNe,spotify:artist:4PpmBoqphQusNFsxuVKb6j,3
5366,spotify:artist:2SdOKxC1sSxEyv8JYERaNe,spotify:artist:7yPRmfUuRcpGwOsHVqQgae,3
5367,spotify:artist:2SdOKxC1sSxEyv8JYERaNe,spotify:artist:5l1BwcEGGLpX6Y9668D8sd,3
5368,spotify:artist:2SdOKxC1sSxEyv8JYERaNe,spotify:artist:3tdsh4B7GuigHI4vPtUs87,3
5369,spotify:artist:2SdOKxC1sSxEyv8JYERaNe,spotify:artist:0fWt4FY87imqsBJpt2QVL0,3
5370,spotify:artist:2SdOKxC1sSxEyv8JYERaNe,spotify:artist:4RVnAU35WRWra6OZ3CbbMA,3
5371,spotify:artist:2SdOKxC1sSxEyv8JYERaNe,spotify:artist:1vkJFCwstOoJO7yQ4lTtLK,3
5372,spotify:artist:2SdOKxC1sSxEyv8JYERaNe,spotify:artist:6uPnr3XdPsToaX6kKfptwd,3
5373,spotify:artist:2SdOKxC1sSxEyv8JYERaNe,spotify:artist:6tbjWDEIzxoDsBA1FuhfPW,3
5374,spotify:artist:2SdOKxC1sSxEyv8JYERaNe,spotify:artist:6rYhtNKtoVz8SxSylWyUeR,3
5375,spotify:artist:2SdOKxC1sSxEyv8JYERaNe,spotify:artist:0ZVqyfTk5GaaRiQNQaW9jg,3
5376,spotify:artist:2SdOKxC1sSxEyv8JYERaNe,spotify:artist:27x5boWqlA0tWUHq9F1UPb,3
5377,spotify:artist:2SdOKxC1sSxEyv8JYERaNe,spotify:artist:6XCS9JCn56Q252cMOTbeq6,3
5378,spotify:artist:2SdOKxC1sSxEyv8JYERaNe,spotify:artist:6UE7nl9mha6s8z0wFQFIZ2,3
5379,spotify:artist:2SdOKxC1sSxEyv8JYERaNe,spotify:artist:3Y10boYzeuFCJ4Qgp53w6o,3
5380,spotify:artist:6l0msaZPAzFDz1UDDv6BV8,spotify:artist:1cJCVvFLO8SLM8W9EITe1g,3
5381,spotify:artist:6l0msaZPAzFDz1UDDv6BV8,spotify:artist:2SdOKxC1sSxEyv8JYERaNe,3
5382,spotify:artist:6l0msaZPAzFDz1UDDv6BV8,spotify:artist:7czghyR75hlwV4ddLK5MeD,3
5383,spotify:artist:6l0msaZPAzFDz1UDDv6BV8,spotify:artist:5l1BwcEGGLpX6Y9668D8sd,3
5384,spotify:artist:6l0msaZPAzFDz1UDDv6BV8,spotify:artist:7yPRmfUuRcpGwOsHVqQgae,3
5385,spotify:artist:6l0msaZPAzFDz1UDDv6BV8,spotify:artist:71WL5bNm5jPPpwpDcW3Icj,3
5386,spotify:artist:6l0msaZPAzFDz1UDDv6BV8,spotify:artist:3tdsh4B7GuigHI4vPtUs87,3
5387,spotify:artist:6l0msaZPAzFDz1UDDv6BV8,spotify:artist:5sNf4pPJimYJ0Qg8nipo5a,3
5388,spotify:artist:6l0msaZPAzFDz1UDDv6BV8,spotify:artist:1jLgVMxSprO07X145B7W3U,3
5389,spotify:artist:6l0msaZPAzFDz1UDDv6BV8,spotify:artist:4k2ggpJpzdQHCBQ84f1jBy,3
5390,spotify:artist:6l0msaZPAzFDz1UDDv6BV8,spotify:artist:0RQTMmeu6M6VQg5zPeWKgw,3
5391,spotify:artist:6l0msaZPAzFDz1UDDv6BV8,spotify:artist:4wLH0JOgX7xiI0JCHnuf8r,3
5392,spotify:artist:6l0msaZPAzFDz1UDDv6BV8,spotify:artist:6rYhtNKtoVz8SxSylWyUeR,3
5393,spotify:artist:6l0msaZPAzFDz1UDDv6BV8,spotify:artist:2FaZdTkWlJXrx0fbHuUfeE,3
5394,spotify:artist:6l0msaZPAzFDz1UDDv6BV8,spotify:artist:3XiIfBzhVYaADoU54bFm2w,3
5395,spotify:artist:6l0msaZPAzFDz1UDDv6BV8,spotify:artist:5UxnCYXggRNdaKBUgPIviq,3
5396,spotify:artist:6l0msaZPAzFDz1UDDv6BV8,spotify:artist:0FrOnmhn1KtQ2n5mHF2SD6,3
5397,spotify:artist:6l0msaZPAzFDz1UDDv6BV8,spotify:artist:0fWt4FY87imqsBJpt2QVL0,3
5398,spotify:artist:6l0msaZPAzFDz1UDDv6BV8,spotify:artist:6BfSZGCE3g7igMB3F3AkGF,3
5399,spotify:artist:6l0msaZPAzFDz1UDDv6BV8,spotify:artist:39MrkAPZRa0GzXX7KaSC3m,3
5400,spotify:artist:2cBh5lVMg222FFuRU7EfDE,spotify:artist:2AEEnr6Le5zHzBwpnlZSmq,3
5401,spotify:artist:2cBh5lVMg222FFuRU7EfDE,spotify:artist:7zt6Af78CalxaPDqORfw8L,3
5402,spotify:artist:2cBh5lVMg222FFuRU7EfDE,spotify:artist:7LP4hiTAVkw3Rtc1hqtLi4,3
5403,spotify:artist:2cBh5lVMg222FFuRU7EfDE,spotify:artist:5orH1OWgjAYUX8sZ5gihTv,3
5404,spotify:artist:2cBh5lVMg222FFuRU7EfDE,spotify:artist:12EtLdLfJ41vUOoVzPZIUy,3
5405,spotify:artist:2cBh5lVMg222FFuRU7EfDE,spotify:artist:6XCS9JCn56Q252cMOTbeq6,3
5406,spotify:artist:2cBh5lVMg222FFuRU7EfDE,spotify:artist:7gRmesSjINzb4xXApfMV5E,3
5407,spotify:artist:2cBh5lVMg222FFuRU7EfDE,spotify:artist:60vX3zLcdKRXvKLITVh5Df,3
5408,spotify:artist:2cBh5lVMg222FFuRU7EfDE,spotify:artist:7rZNSLWMjTbwdLNskFbzFf,3
5409,spotify:artist:2cBh5lVMg222FFuRU7EfDE,spotify:artist:5TDVKqW9uhqGjwwwKGuma4,3
5410,spotify:artist:2cBh5lVMg222FFuRU7EfDE,spotify:artist:48I6TLnfZjyLXTqBtQvhgZ,3
5411,spotify:artist:2cBh5lVMg222FFuRU7EfDE,spotify:artist:4RVnAU35WRWra6OZ3CbbMA,3
5412,spotify:artist:2cBh5lVMg222FFuRU7EfDE,spotify:artist:3RjnAn8EWb7zaLlGWVxQeP,3
5413,spotify:artist:2cBh5lVMg222FFuRU7EfDE,spotify:artist:6htUPs3clIStnkvg5jimKZ,3
5414,spotify:artist:2cBh5lVMg222FFuRU7EfDE,spotify:artist:0MoXIHcFwhIWnFgBfdvQ30,3
5415,spotify:artist:2cBh5lVMg222FFuRU7EfDE,spotify:artist:2U6gqwyl9F33YxawnFrZG7,3
5416,spotify:artist:2cBh5lVMg222FFuRU7EfDE,spotify:artist:49H2dQUNhIlso7VNkS8nFR,3
5417,spotify:artist:2cBh5lVMg222FFuRU7EfDE,spotify:artist:17UkABEasVRlCcIFZ3wHb7,3
5418,spotify:artist:2cBh5lVMg222FFuRU7EfDE,spotify:artist:3fWTpVNnrGmdo0jMbsRsRf,3
5419,spotify:artist:2cBh5lVMg222FFuRU7EfDE,spotify:artist:0dlOr0VIysztGWvU1dpjmP,3
5420,spotify:artist:60vX3zLcdKRXvKLITVh5Df,spotify:artist:2AEEnr6Le5zHzBwpnlZSmq,3
5421,spotify:artist:60vX3zLcdKRXvKLITVh5Df,spotify:artist:7rZNSLWMjTbwdLNskFbzFf,3
5422,spotify:artist:60vX3zLcdKRXvKLITVh5Df,spotify:artist:5orH1OWgjAYUX8sZ5gihTv,3
5423,spotify:artist:60vX3zLcdKRXvKLITVh5Df,spotify:artist:54w1dJI7MTjkRGNfGuu2fc,3
5424,spotify:artist:60vX3zLcdKRXvKLITVh5Df,spotify:artist:2vJU4d2jRQb4zJJIQRkyDB,3
5425,spotify:artist:60vX3zLcdKRXvKLITVh5Df,spotify:artist:7gRmesSjINzb4xXApfMV5E,3
5426,spotify:artist:60vX3zLcdKRXvKLITVh5Df,spotify:artist:7LP4hiTAVkw3Rtc1hqtLi4,3
5427,spotify:artist:60vX3zLcdKRXvKLITVh5Df,spotify:artist:12EtLdLfJ41vUOoVzPZIUy,3
5428,spotify:artist:60vX3zLcdKRXvKLITVh5Df,spotify:artist:0uq5PttqEjj3IH1bzwcrXF,3
5429,spotify:artist:60vX3zLcdKRXvKLITVh5Df,spotify:artist:5TDVKqW9uhqGjwwwKGuma4,3
5430,spotify:artist:60vX3zLcdKRXvKLITVh5Df,spotify:artist:3RjnAn8EWb7zaLlGWVxQeP,3
5431,spotify:artist:60vX3zLcdKRXvKLITVh5Df,spotify:artist:3fWTpVNnrGmdo0jMbsRsRf,3
5432,spotify:artist:60vX3zLcdKRXvKLITVh5Df,spotify:artist:0dlOr0VIysztGWvU1dpjmP,3
5433,spotify:artist:60vX3zLcdKRXvKLITVh5Df,spotify:artist:6JMHws5haIO6V35YNYDnDw,3
5434,spotify:artist:60vX3zLcdKRXvKLITVh5Df,spotify:artist:6XCS9JCn56Q252cMOTbeq6,3
5435,spotify:artist:60vX3zLcdKRXvKLITVh5Df,spotify:artist:7L12TqJ0fbwtFljTbwfwRI,3
5436,spotify:artist:60vX3zLcdKRXvKLITVh5Df,spotify:artist:2U6gqwyl9F33YxawnFrZG7,3
5437,spotify:artist:60vX3zLcdKRXvKLITVh5Df,spotify:artist:17UkABEasVRlCcIFZ3wHb7,3
5438,spotify:artist:60vX3zLcdKRXvKLITVh5Df,spotify:artist:6htUPs3clIStnkvg5jimKZ,3
5439,spotify:artist:60vX3zLcdKRXvKLITVh5Df,spotify:artist:15qI5w4XJFLRMwOp2VrlD5,3
5440,spotify:artist:7y8lzaGqtadGmtAtg2SGv4,spotify:artist:0WbqAlM1WvfUD6dF7omThd,3
5441,spotify:artist:7y8lzaGqtadGmtAtg2SGv4,spotify:artist:5TfnQ0Ai1cEbKY5katFK14,3
5442,spotify:artist:7y8lzaGqtadGmtAtg2SGv4,spotify:artist:0MoXIHcFwhIWnFgBfdvQ30,3
5443,spotify:artist:7y8lzaGqtadGmtAtg2SGv4,spotify:artist:3sFTupo9UGgrujjN21BjwR,3
5444,spotify:artist:7y8lzaGqtadGmtAtg2SGv4,spotify:artist:3qwabfaWewpfli7hMNM3O8,3
5445,spotify:artist:7y8lzaGqtadGmtAtg2SGv4,spotify:artist:4GLJPBj5Cdr9AgLKvLWM4n,3
5446,spotify:artist:7y8lzaGqtadGmtAtg2SGv4,spotify:artist:3K2zB87GZv1krx031en5VA,3
5447,spotify:artist:7y8lzaGqtadGmtAtg2SGv4,spotify:artist:1qchowrzlYU0bUrJA6Oy8X,3
5448,spotify:artist:7y8lzaGqtadGmtAtg2SGv4,spotify:artist:5BKsn7SCN2XmbF7apdCpRS,3
5449,spotify:artist:7y8lzaGqtadGmtAtg2SGv4,spotify:artist:7zt6Af78CalxaPDqORfw8L,3
5450,spotify:artist:7y8lzaGqtadGmtAtg2SGv4,spotify:artist:1WHoAjAWGx5qLsgzpaOk7W,3
5451,spotify:artist:7y8lzaGqtadGmtAtg2SGv4,spotify:artist:3Y10boYzeuFCJ4Qgp53w6o,3
5452,spotify:artist:7y8lzaGqtadGmtAtg2SGv4,spotify:artist:6UE7nl9mha6s8z0wFQFIZ2,3
5453,spotify:artist:7y8lzaGqtadGmtAtg2SGv4,spotify:artist:6UOcY6w4K6Ek5Lw5rFDHdP,3
5454,spotify:artist:7y8lzaGqtadGmtAtg2SGv4,spotify:artist:0H0rBbf7vHXO3qh50Wap7y,3
5455,spotify:artist:7y8lzaGqtadGmtAtg2SGv4,spotify:artist:1gkSl4XpHIHI4I1WQbfXOE,3
5456,spotify:artist:7y8lzaGqtadGmtAtg2SGv4,spotify:artist:6l77PmL5iuEEcYjGl8K6s7,3
5457,spotify:artist:7y8lzaGqtadGmtAtg2SGv4,spotify:artist:2K13AVg3bFpHSxDM1vJ0qA,3
5458,spotify:artist:7y8lzaGqtadGmtAtg2SGv4,spotify:artist:2wvUfjKGoXvcnDHq7GgMOa,3
5459,spotify:artist:7y8lzaGqtadGmtAtg2SGv4,spotify:artist:4XbiPPlbv4ush1isus6Daj,3
5460,spotify:artist:3qwabfaWewpfli7hMNM3O8,spotify:artist:5BKsn7SCN2XmbF7apdCpRS,3
5461,spotify:artist:3qwabfaWewpfli7hMNM3O8,spotify:artist:4aaBjq7VqqQvpSF69GglvO,3
5462,spotify:artist:3qwabfaWewpfli7hMNM3O8,spotify:artist:0MoXIHcFwhIWnFgBfdvQ30,3
5463,spotify:artist:3qwabfaWewpfli7hMNM3O8,spotify:artist:7zt6Af78CalxaPDqORfw8L,3
5464,spotify:artist:3qwabfaWewpfli7hMNM3O8,spotify:artist:6UOcY6w4K6Ek5Lw5rFDHdP,3
5465,spotify:artist:3qwabfaWewpfli7hMNM3O8,spotify:artist:7y8lzaGqtadGmtAtg2SGv4,3
5466,spotify:artist:3qwabfaWewpfli7hMNM3O8,spotify:artist:1WHoAjAWGx5qLsgzpaOk7W,3
5467,spotify:artist:3qwabfaWewpfli7hMNM3O8,spotify:artist:7eQZTqEMozBcuSubfu52i4,3
5468,spotify:artist:3qwabfaWewpfli7hMNM3O8,spotify:artist:0ucLPotcQNI7AViFytdhBz,3
5469,spotify:artist:3qwabfaWewpfli7hMNM3O8,spotify:artist:6l77PmL5iuEEcYjGl8K6s7,3
5470,spotify:artist:3qwabfaWewpfli7hMNM3O8,spotify:artist:3K2zB87GZv1krx031en5VA,3
5471,spotify:artist:3qwabfaWewpfli7hMNM3O8,spotify:artist:6Tyzp9KzpiZ04DABQoedps,3
5472,spotify:artist:3qwabfaWewpfli7hMNM3O8,spotify:artist:5sL9uDMwceYHPknnCLAAwJ,3
5473,spotify:artist:3qwabfaWewpfli7hMNM3O8,spotify:artist:0H0rBbf7vHXO3qh50Wap7y,3
5474,spotify:artist:3qwabfaWewpfli7hMNM3O8,spotify:artist:7w29UYBi0qsHi5RTcv3lmA,3
5475,spotify:artist:3qwabfaWewpfli7hMNM3O8,spotify:artist:5hE6NCoobhyEu6TRSbjOJY,3
5476,spotify:artist:3qwabfaWewpfli7hMNM3O8,spotify:artist:7qHOphlWaJrfFa0BqpayDG,3
5477,spotify:artist:3qwabfaWewpfli7hMNM3O8,spotify:artist:6UE7nl9mha6s8z0wFQFIZ2,3
5478,spotify:artist:3qwabfaWewpfli7hMNM3O8,spotify:artist:7xFnmid57ZE6iWEXdEXO3b,3
5479,spotify:artist:3qwabfaWewpfli7hMNM3O8,spotify:artist:2f9ZiYA2ic1r1voObUimdd,3
5480,spotify:artist:4RVnAU35WRWra6OZ3CbbMA,spotify:artist:6XCS9JCn56Q252cMOTbeq6,3
5481,spotify:artist:4RVnAU35WRWra6OZ3CbbMA,spotify:artist:7rZNSLWMjTbwdLNskFbzFf,3
5482,spotify:artist:4RVnAU35WRWra6OZ3CbbMA,spotify:artist:60vX3zLcdKRXvKLITVh5Df,3
5483,spotify:artist:4RVnAU35WRWra6OZ3CbbMA,spotify:artist:12EtLdLfJ41vUOoVzPZIUy,3
5484,spotify:artist:4RVnAU35WRWra6OZ3CbbMA,spotify:artist:5orH1OWgjAYUX8sZ5gihTv,3
5485,spotify:artist:4RVnAU35WRWra6OZ3CbbMA,spotify:artist:2cBh5lVMg222FFuRU7EfDE,3
5486,spotify:artist:4RVnAU35WRWra6OZ3CbbMA,spotify:artist:0uq5PttqEjj3IH1bzwcrXF,3
5487,spotify:artist:4RVnAU35WRWra6OZ3CbbMA,spotify:artist:5TDVKqW9uhqGjwwwKGuma4,3
5488,spotify:artist:4RVnAU35WRWra6OZ3CbbMA,spotify:artist:17UkABEasVRlCcIFZ3wHb7,3
5489,spotify:artist:4RVnAU35WRWra6OZ3CbbMA,spotify:artist:15qI5w4XJFLRMwOp2VrlD5,3
5490,spotify:artist:4RVnAU35WRWra6OZ3CbbMA,spotify:artist:6tbjWDEIzxoDsBA1FuhfPW,3
5491,spotify:artist:4RVnAU35WRWra6OZ3CbbMA,spotify:artist:40xbWSB4JPdOkRyuTDy1oP,3
5492,spotify:artist:4RVnAU35WRWra6OZ3CbbMA,spotify:artist:3sc7iUG1Wwpwx7bHeZolgx,3
5493,spotify:artist:4RVnAU35WRWra6OZ3CbbMA,spotify:artist:2SdOKxC1sSxEyv8JYERaNe,3
5494,spotify:artist:4RVnAU35WRWra6OZ3CbbMA,spotify:artist:2U6gqwyl9F33YxawnFrZG7,3
5495,spotify:artist:4RVnAU35WRWra6OZ3CbbMA,spotify:artist:1vkJFCwstOoJO7yQ4lTtLK,3
5496,spotify:artist:4RVnAU35WRWra6OZ3CbbMA,spotify:artist:3Y10boYzeuFCJ4Qgp53w6o,3
5497,spotify:artist:4RVnAU35WRWra6OZ3CbbMA,spotify:artist:72OaDtakiy6yFqkt4TsiFt,3
5498,spotify:artist:4RVnAU35WRWra6OZ3CbbMA,spotify:artist:6UE7nl9mha6s8z0wFQFIZ2,3
5499,spotify:artist:4RVnAU35WRWra6OZ3CbbMA,spotify:artist:1kM5rgJvkiDMOoKX56H6pX,3
5500,spotify:artist:4k2ggpJpzdQHCBQ84f1jBy,spotify:artist:71WL5bNm5jPPpwpDcW3Icj,3
5501,spotify:artist:4k2ggpJpzdQHCBQ84f1jBy,spotify:artist:4wLH0JOgX7xiI0JCHnuf8r,3
5502,spotify:artist:4k2ggpJpzdQHCBQ84f1jBy,spotify:artist:3tdsh4B7GuigHI4vPtUs87,3
5503,spotify:artist:4k2ggpJpzdQHCBQ84f1jBy,spotify:artist:7yPRmfUuRcpGwOsHVqQgae,3
5504,spotify:artist:4k2ggpJpzdQHCBQ84f1jBy,spotify:artist:5l1BwcEGGLpX6Y9668D8sd,3
5505,spotify:artist:4k2ggpJpzdQHCBQ84f1jBy,spotify:artist:1jLgVMxSprO07X145B7W3U,3
5506,spotify:artist:4k2ggpJpzdQHCBQ84f1jBy,spotify:artist:2FaZdTkWlJXrx0fbHuUfeE,3
5507,spotify:artist:4k2ggpJpzdQHCBQ84f1jBy,spotify:artist:0RQTMmeu6M6VQg5zPeWKgw,3
5508,spotify:artist:4k2ggpJpzdQHCBQ84f1jBy,spotify:artist:6rYhtNKtoVz8SxSylWyUeR,3
5509,spotify:artist:4k2ggpJpzdQHCBQ84f1jBy,spotify:artist:0fWt4FY87imqsBJpt2QVL0,3
5510,spotify:artist:4k2ggpJpzdQHCBQ84f1jBy,spotify:artist:0FrOnmhn1KtQ2n5mHF2SD6,3
5511,spotify:artist:4k2ggpJpzdQHCBQ84f1jBy,spotify:artist:39MrkAPZRa0GzXX7KaSC3m,3
5512,spotify:artist:4k2ggpJpzdQHCBQ84f1jBy,spotify:artist:6BfSZGCE3g7igMB3F3AkGF,3
5513,spotify:artist:4k2ggpJpzdQHCBQ84f1jBy,spotify:artist:171RfdnImls6jLTt975fg1,3
5514,spotify:artist:4k2ggpJpzdQHCBQ84f1jBy,spotify:artist:3XiIfBzhVYaADoU54bFm2w,3
5515,spotify:artist:4k2ggpJpzdQHCBQ84f1jBy,spotify:artist:1cJCVvFLO8SLM8W9EITe1g,3
5516,spotify:artist:4k2ggpJpzdQHCBQ84f1jBy,spotify:artist:5sNf4pPJimYJ0Qg8nipo5a,3
5517,spotify:artist:4k2ggpJpzdQHCBQ84f1jBy,spotify:artist:1zoflf6jZMLDZ65uJXAAwq,3
5518,spotify:artist:4k2ggpJpzdQHCBQ84f1jBy,spotify:artist:6l0msaZPAzFDz1UDDv6BV8,3
5519,spotify:artist:4k2ggpJpzdQHCBQ84f1jBy,spotify:artist:2SdOKxC1sSxEyv8JYERaNe,3
5520,spotify:artist:6UE7nl9mha6s8z0wFQFIZ2,spotify:artist:3qwabfaWewpfli7hMNM3O8,3
5521,spotify:artist:6UE7nl9mha6s8z0wFQFIZ2,spotify:artist:0MoXIHcFwhIWnFgBfdvQ30,3
5522,spotify:artist:6UE7nl9mha6s8z0wFQFIZ2,spotify:artist:7pyhre5oEEFMqcgMEvJY7q,3
5523,spotify:artist:6UE7nl9mha6s8z0wFQFIZ2,spotify:artist:3K2zB87GZv1krx031en5VA,3
5524,spotify:artist:6UE7nl9mha6s8z0wFQFIZ2,spotify:artist:6oBm8HB0yfrIc9IHbxs6in,3
5525,spotify:artist:6UE7nl9mha6s8z0wFQFIZ2,spotify:artist:7gRhy3MIPHQo5CXYfWaw9I,3
5526,spotify:artist:6UE7nl9mha6s8z0wFQFIZ2,spotify:artist:2YL0l5fnyHE9FEf1bwFGCc,3
5527,spotify:artist:6UE7nl9mha6s8z0wFQFIZ2,spotify:artist:4hiLNlqr4vQdiuo1aQKSXS,3
5528,spotify:artist:6UE7nl9mha6s8z0wFQFIZ2,spotify:artist:6SYIsHAQ1sPokVxmzpaDBU,3
5529,spotify:artist:6UE7nl9mha6s8z0wFQFIZ2,spotify:artist:6UOcY6w4K6Ek5Lw5rFDHdP,3
5530,spotify:artist:6UE7nl9mha6s8z0wFQFIZ2,spotify:artist:6ueGR6SWhUJfvEhqkvMsVs,3
5531,spotify:artist:6UE7nl9mha6s8z0wFQFIZ2,spotify:artist:5QuBVnBPEzwYvFrgBbwpmU,3
5532,spotify:artist:6UE7nl9mha6s8z0wFQFIZ2,spotify:artist:7eQZTqEMozBcuSubfu52i4,3
5533,spotify:artist:6UE7nl9mha6s8z0wFQFIZ2,spotify:artist:4Ge8xMJNwt6EEXOzVXju9a,3
5534,spotify:artist:6UE7nl9mha6s8z0wFQFIZ2,spotify:artist:4cJKxS7uOPhwb5UQ70sYpN,3
5535,spotify:artist:6UE7nl9mha6s8z0wFQFIZ2,spotify:artist:1qpR5mURxk3d8f6mww6uKT,3
5536,spotify:artist:6UE7nl9mha6s8z0wFQFIZ2,spotify:artist:5BKsn7SCN2XmbF7apdCpRS,3
5537,spotify:artist:6UE7nl9mha6s8z0wFQFIZ2,spotify:artist:3P6ePaE5unCm7vjccfcBAe,3
5538,spotify:artist:6UE7nl9mha6s8z0wFQFIZ2,spotify:artist:3Xt3RrJMFv5SZkCfUE8C1J,3
5539,spotify:artist:6UE7nl9mha6s8z0wFQFIZ2,spotify:artist:2ueoLVCXQ948OfhVvAy3Nn,3
5540,spotify:artist:2U6gqwyl9F33YxawnFrZG7,spotify:artist:1XgFuvRd7r5g0h844A5ZUQ,3
5541,spotify:artist:2U6gqwyl9F33YxawnFrZG7,spotify:artist:17UkABEasVRlCcIFZ3wHb7,3
5542,spotify:artist:2U6gqwyl9F33YxawnFrZG7,spotify:artist:12EtLdLfJ41vUOoVzPZIUy,3
5543,spotify:artist:2U6gqwyl9F33YxawnFrZG7,spotify:artist:7rZNSLWMjTbwdLNskFbzFf,3
5544,spotify:artist:2U6gqwyl9F33YxawnFrZG7,spotify:artist:3ZcbVcd3fsf9qKK02UVzGB,3
5545,spotify:artist:2U6gqwyl9F33YxawnFrZG7,spotify:artist:3nlHsNqwCSvT988ZfSW1Yh,3
5546,spotify:artist:2U6gqwyl9F33YxawnFrZG7,spotify:artist:4nNwfeVaNJlfz8RdCT5MJO,3
5547,spotify:artist:2U6gqwyl9F33YxawnFrZG7,spotify:artist:11hIqBsGRPztdjBHCSLClX,3
5548,spotify:artist:2U6gqwyl9F33YxawnFrZG7,spotify:artist:6JMHws5haIO6V35YNYDnDw,3
5549,spotify:artist:2U6gqwyl9F33YxawnFrZG7,spotify:artist:5TDVKqW9uhqGjwwwKGuma4,3
5550,spotify:artist:2U6gqwyl9F33YxawnFrZG7,spotify:artist:60vX3zLcdKRXvKLITVh5Df,3
5551,spotify:artist:2U6gqwyl9F33YxawnFrZG7,spotify:artist:2AEEnr6Le5zHzBwpnlZSmq,3
5552,spotify:artist:2U6gqwyl9F33YxawnFrZG7,spotify:artist:6X9aYHnQ75YI8o08aoa0iS,3
5553,spotify:artist:2U6gqwyl9F33YxawnFrZG7,spotify:artist:15qI5w4XJFLRMwOp2VrlD5,3
5554,spotify:artist:2U6gqwyl9F33YxawnFrZG7,spotify:artist:1kM5rgJvkiDMOoKX56H6pX,3
5555,spotify:artist:2U6gqwyl9F33YxawnFrZG7,spotify:artist:6htUPs3clIStnkvg5jimKZ,3
5556,spotify:artist:2U6gqwyl9F33YxawnFrZG7,spotify:artist:7uztWv5UVx4hwcJXCtRyDV,3
5557,spotify:artist:2U6gqwyl9F33YxawnFrZG7,spotify:artist:6edGSAX5dVpeJVwu1Q0NwJ,3
5558,spotify:artist:2U6gqwyl9F33YxawnFrZG7,spotify:artist:7rftfGIYEeZ79sLb58ZBDi,3
5559,spotify:artist:2U6gqwyl9F33YxawnFrZG7,spotify:artist:6yZoNdsPrYLviaEOOzbZt8,3
5560,spotify:artist:3K2zB87GZv1krx031en5VA,spotify:artist:0MoXIHcFwhIWnFgBfdvQ30,3
5561,spotify:artist:3K2zB87GZv1krx031en5VA,spotify:artist:5TfnQ0Ai1cEbKY5katFK14,3
5562,spotify:artist:3K2zB87GZv1krx031en5VA,spotify:artist:0WbqAlM1WvfUD6dF7omThd,3
5563,spotify:artist:3K2zB87GZv1krx031en5VA,spotify:artist:2wvUfjKGoXvcnDHq7GgMOa,3
5564,spotify:artist:3K2zB87GZv1krx031en5VA,spotify:artist:4GLJPBj5Cdr9AgLKvLWM4n,3
5565,spotify:artist:3K2zB87GZv1krx031en5VA,spotify:artist:3sFTupo9UGgrujjN21BjwR,3
5566,spotify:artist:3K2zB87GZv1krx031en5VA,spotify:artist:5BKsn7SCN2XmbF7apdCpRS,3
5567,spotify:artist:3K2zB87GZv1krx031en5VA,spotify:artist:3qwabfaWewpfli7hMNM3O8,3
5568,spotify:artist:3K2zB87GZv1krx031en5VA,spotify:artist:2K13AVg3bFpHSxDM1vJ0qA,3
5569,spotify:artist:3K2zB87GZv1krx031en5VA,spotify:artist:3Y10boYzeuFCJ4Qgp53w6o,3
5570,spotify:artist:3K2zB87GZv1krx031en5VA,spotify:artist:6UE7nl9mha6s8z0wFQFIZ2,3
5571,spotify:artist:3K2zB87GZv1krx031en5VA,spotify:artist:7pyhre5oEEFMqcgMEvJY7q,3
5572,spotify:artist:3K2zB87GZv1krx031en5VA,spotify:artist:37uLId6Z5ZXCx19vuruvv5,3
5573,spotify:artist:3K2zB87GZv1krx031en5VA,spotify:artist:6oBm8HB0yfrIc9IHbxs6in,3
5574,spotify:artist:3K2zB87GZv1krx031en5VA,spotify:artist:6UOcY6w4K6Ek5Lw5rFDHdP,3
5575,spotify:artist:3K2zB87GZv1krx031en5VA,spotify:artist:1WHoAjAWGx5qLsgzpaOk7W,3
5576,spotify:artist:3K2zB87GZv1krx031en5VA,spotify:artist:0ucLPotcQNI7AViFytdhBz,3
5577,spotify:artist:3K2zB87GZv1krx031en5VA,spotify:artist:6l77PmL5iuEEcYjGl8K6s7,3
5578,spotify:artist:3K2zB87GZv1krx031en5VA,spotify:artist:6Jrxnp0JgqmeUX1veU591p,3
5579,spotify:artist:3K2zB87GZv1krx031en5VA,spotify:artist:0H0rBbf7vHXO3qh50Wap7y,3
5580,spotify:artist:2AEEnr6Le5zHzBwpnlZSmq,spotify:artist:2vJU4d2jRQb4zJJIQRkyDB,3
5581,spotify:artist:2AEEnr6Le5zHzBwpnlZSmq,spotify:artist:54w1dJI7MTjkRGNfGuu2fc,3
5582,spotify:artist:2AEEnr6Le5zHzBwpnlZSmq,spotify:artist:60vX3zLcdKRXvKLITVh5Df,3
5583,spotify:artist:2AEEnr6Le5zHzBwpnlZSmq,spotify:artist:5orH1OWgjAYUX8sZ5gihTv,3
5584,spotify:artist:2AEEnr6Le5zHzBwpnlZSmq,spotify:artist:2YoYDF80se1baOnPA7T6Pm,3
5585,spotify:artist:2AEEnr6Le5zHzBwpnlZSmq,spotify:artist:3RjnAn8EWb7zaLlGWVxQeP,3
5586,spotify:artist:2AEEnr6Le5zHzBwpnlZSmq,spotify:artist:1kMfh3vEY0iWX9SDVjvdsd,3
5587,spotify:artist:2AEEnr6Le5zHzBwpnlZSmq,spotify:artist:7LP4hiTAVkw3Rtc1hqtLi4,3
5588,spotify:artist:2AEEnr6Le5zHzBwpnlZSmq,spotify:artist:12EtLdLfJ41vUOoVzPZIUy,3
5589,spotify:artist:2AEEnr6Le5zHzBwpnlZSmq,spotify:artist:7gRmesSjINzb4xXApfMV5E,3
5590,spotify:artist:2AEEnr6Le5zHzBwpnlZSmq,spotify:artist:3fWTpVNnrGmdo0jMbsRsRf,3
5591,spotify:artist:2AEEnr6Le5zHzBwpnlZSmq,spotify:artist:5TDVKqW9uhqGjwwwKGuma4,3
5592,spotify:artist:2AEEnr6Le5zHzBwpnlZSmq,spotify:artist:44h2oaMjofGcXfryCCVzhV,3
5593,spotify:artist:2AEEnr6Le5zHzBwpnlZSmq,spotify:artist:7rZNSLWMjTbwdLNskFbzFf,3
5594,spotify:artist:2AEEnr6Le5zHzBwpnlZSmq,spotify:artist:6htUPs3clIStnkvg5jimKZ,3
5595,spotify:artist:2AEEnr6Le5zHzBwpnlZSmq,spotify:artist:2cBh5lVMg222FFuRU7EfDE,3
5596,spotify:artist:2AEEnr6Le5zHzBwpnlZSmq,spotify:artist:17UkABEasVRlCcIFZ3wHb7,3
5597,spotify:artist:2AEEnr6Le5zHzBwpnlZSmq,spotify:artist:6JMHws5haIO6V35YNYDnDw,3
5598,spotify:artist:2AEEnr6Le5zHzBwpnlZSmq,spotify:artist:6XCS9JCn56Q252cMOTbeq6,3
5599,spotify:artist:2AEEnr6Le5zHzBwpnlZSmq,spotify:artist:0uq5PttqEjj3IH1bzwcrXF,3
5600,spotify:artist:1v5bOzXbhrQ57qSvRwGA6s,spotify:artist:4fxp616ALtFWnXfwxnjLzW,3
5601,spotify:artist:1v5bOzXbhrQ57qSvRwGA6s,spotify:artist:6s92YZUPkTK1HL1WIGrPKE,3
5602,spotify:artist:1v5bOzXbhrQ57qSvRwGA6s,spotify:artist:6VJZYivuYJGCrPuOAnI7Qo,3
5603,spotify:artist:1v5bOzXbhrQ57qSvRwGA6s,spotify:artist:2mAYpnSe3g2Y22JcZ2ddku,3
5604,spotify:artist:1v5bOzXbhrQ57qSvRwGA6s,spotify:artist:6UOcY6w4K6Ek5Lw5rFDHdP,3
5605,spotify:artist:1v5bOzXbhrQ57qSvRwGA6s,spotify:artist:7qHOphlWaJrfFa0BqpayDG,3
5606,spotify:artist:1v5bOzXbhrQ57qSvRwGA6s,spotify:artist:5hE6NCoobhyEu6TRSbjOJY,3
5607,spotify:artist:1v5bOzXbhrQ57qSvRwGA6s,spotify:artist:44TGR1CzjKBxSHsSEy7bi9,3
5608,spotify:artist:1v5bOzXbhrQ57qSvRwGA6s,spotify:artist:6l77PmL5iuEEcYjGl8K6s7,3
5609,spotify:artist:1v5bOzXbhrQ57qSvRwGA6s,spotify:artist:2ueoLVCXQ948OfhVvAy3Nn,3
5610,spotify:artist:1v5bOzXbhrQ57qSvRwGA6s,spotify:artist:05fo024EFotg9songSENOZ,3
5611,spotify:artist:1v5bOzXbhrQ57qSvRwGA6s,spotify:artist:3qwabfaWewpfli7hMNM3O8,3
5612,spotify:artist:1v5bOzXbhrQ57qSvRwGA6s,spotify:artist:1WHoAjAWGx5qLsgzpaOk7W,3
5613,spotify:artist:1v5bOzXbhrQ57qSvRwGA6s,spotify:artist:1o43SzzuLoyOxqThmp7s0g,3
5614,spotify:artist:1v5bOzXbhrQ57qSvRwGA6s,spotify:artist:7x3Y6pFeDGLJjv1V5uToHv,3
5615,spotify:artist:1v5bOzXbhrQ57qSvRwGA6s,spotify:artist:223iUzG0kb5V166FJP9ovD,3
5616,spotify:artist:1v5bOzXbhrQ57qSvRwGA6s,spotify:artist:7eQZTqEMozBcuSubfu52i4,3
5617,spotify:artist:1v5bOzXbhrQ57qSvRwGA6s,spotify:artist:3kZdsaTYgaaolNxpnJ4iDe,3
5618,spotify:artist:1v5bOzXbhrQ57qSvRwGA6s,spotify:artist:7bPs6jf983f0bjRAt1yxDM,3
5619,spotify:artist:1v5bOzXbhrQ57qSvRwGA6s,spotify:artist:5BKsn7SCN2XmbF7apdCpRS,3
5620,spotify:artist:4fxp616ALtFWnXfwxnjLzW,spotify:artist:2PfBzriIMRsCXPDtSy9vg8,3
5621,spotify:artist:4fxp616ALtFWnXfwxnjLzW,spotify:artist:6s92YZUPkTK1HL1WIGrPKE,3
5622,spotify:artist:4fxp616ALtFWnXfwxnjLzW,spotify:artist:6G7OerKc3eBO9sVkRNopFC,3
5623,spotify:artist:4fxp616ALtFWnXfwxnjLzW,spotify:artist:6VJZYivuYJGCrPuOAnI7Qo,3
5624,spotify:artist:4fxp616ALtFWnXfwxnjLzW,spotify:artist:6PBv8t9YTLggA9ZMwpeoqj,3
5625,spotify:artist:4fxp616ALtFWnXfwxnjLzW,spotify:artist:05fo024EFotg9songSENOZ,3
5626,spotify:artist:4fxp616ALtFWnXfwxnjLzW,spotify:artist:1v5bOzXbhrQ57qSvRwGA6s,3
5627,spotify:artist:4fxp616ALtFWnXfwxnjLzW,spotify:artist:2mAYpnSe3g2Y22JcZ2ddku,3
5628,spotify:artist:4fxp616ALtFWnXfwxnjLzW,spotify:artist:2QIHd0B2VIKlmLyoq4lUr7,3
5629,spotify:artist:4fxp616ALtFWnXfwxnjLzW,spotify:artist:7bPs6jf983f0bjRAt1yxDM,3
5630,spotify:artist:4fxp616ALtFWnXfwxnjLzW,spotify:artist:12VaqyEhgwDRuFfEqbnrpz,3
5631,spotify:artist:4fxp616ALtFWnXfwxnjLzW,spotify:artist:3dmSPhg0tdao8ePj4pySJ5,3
5632,spotify:artist:4fxp616ALtFWnXfwxnjLzW,spotify:artist:67pQ8Yr09zDDzzwWw3EG9R,3
5633,spotify:artist:4fxp616ALtFWnXfwxnjLzW,spotify:artist:3IbqRfvnvj5C22pHD38KXI,3
5634,spotify:artist:4fxp616ALtFWnXfwxnjLzW,spotify:artist:6l77PmL5iuEEcYjGl8K6s7,3
5635,spotify:artist:4fxp616ALtFWnXfwxnjLzW,spotify:artist:6Lt6KFXX3P0v6vfrynQAMo,3
5636,spotify:artist:4fxp616ALtFWnXfwxnjLzW,spotify:artist:2L3kwZFd16zjHz9a5kEPAm,3
5637,spotify:artist:4fxp616ALtFWnXfwxnjLzW,spotify:artist:2ueoLVCXQ948OfhVvAy3Nn,3
5638,spotify:artist:4fxp616ALtFWnXfwxnjLzW,spotify:artist:7mlge4peaoNgzTsY6M32RB,3
5639,spotify:artist:4fxp616ALtFWnXfwxnjLzW,spotify:artist:3nnQpaTvKb5jCQabZefACI,3
5640,spotify:artist:6VJZYivuYJGCrPuOAnI7Qo,spotify:artist:4fxp616ALtFWnXfwxnjLzW,3
5641,spotify:artist:6VJZYivuYJGCrPuOAnI7Qo,spotify:artist:7qHOphlWaJrfFa0BqpayDG,3
5642,spotify:artist:6VJZYivuYJGCrPuOAnI7Qo,spotify:artist:6UOcY6w4K6Ek5Lw5rFDHdP,3
5643,spotify:artist:6VJZYivuYJGCrPuOAnI7Qo,spotify:artist:05fo024EFotg9songSENOZ,3
5644,spotify:artist:6VJZYivuYJGCrPuOAnI7Qo,spotify:artist:6s92YZUPkTK1HL1WIGrPKE,3
5645,spotify:artist:6VJZYivuYJGCrPuOAnI7Qo,spotify:artist:5hE6NCoobhyEu6TRSbjOJY,3
5646,spotify:artist:6VJZYivuYJGCrPuOAnI7Qo,spotify:artist:7eQZTqEMozBcuSubfu52i4,3
5647,spotify:artist:6VJZYivuYJGCrPuOAnI7Qo,spotify:artist:6l77PmL5iuEEcYjGl8K6s7,3
5648,spotify:artist:6VJZYivuYJGCrPuOAnI7Qo,spotify:artist:7x3Y6pFeDGLJjv1V5uToHv,3
5649,spotify:artist:6VJZYivuYJGCrPuOAnI7Qo,spotify:artist:1v5bOzXbhrQ57qSvRwGA6s,3
5650,spotify:artist:6VJZYivuYJGCrPuOAnI7Qo,spotify:artist:6w7wqJo8dY6Q7BWIRFBFX3,3
5651,spotify:artist:6VJZYivuYJGCrPuOAnI7Qo,spotify:artist:2ueoLVCXQ948OfhVvAy3Nn,3
5652,spotify:artist:6VJZYivuYJGCrPuOAnI7Qo,spotify:artist:1WHoAjAWGx5qLsgzpaOk7W,3
5653,spotify:artist:6VJZYivuYJGCrPuOAnI7Qo,spotify:artist:0fEfMW5bypHZ0A8eLnhwj5,3
5654,spotify:artist:6VJZYivuYJGCrPuOAnI7Qo,spotify:artist:2mAYpnSe3g2Y22JcZ2ddku,3
5655,spotify:artist:6VJZYivuYJGCrPuOAnI7Qo,spotify:artist:3qwabfaWewpfli7hMNM3O8,3
5656,spotify:artist:6VJZYivuYJGCrPuOAnI7Qo,spotify:artist:4SQdUpG4f7UbkJG3cJ2Iyj,3
5657,spotify:artist:6VJZYivuYJGCrPuOAnI7Qo,spotify:artist:7zHIrsSBL7A0gEJfzv1m7z,3
5658,spotify:artist:6VJZYivuYJGCrPuOAnI7Qo,spotify:artist:6nB0iY1cjSY1KyhYyuIIKH,3
5659,spotify:artist:6VJZYivuYJGCrPuOAnI7Qo,spotify:artist:4zrFO6P7G6EZry0pfxMfKT,3
5660,spotify:artist:6l77PmL5iuEEcYjGl8K6s7,spotify:artist:6UOcY6w4K6Ek5Lw5rFDHdP,3
5661,spotify:artist:6l77PmL5iuEEcYjGl8K6s7,spotify:artist:50sSN9E5i4DJzYDclAXlSo,3
5662,spotify:artist:6l77PmL5iuEEcYjGl8K6s7,spotify:artist:2rBcvLKWCZs9w1qIWv560v,3
5663,spotify:artist:6l77PmL5iuEEcYjGl8K6s7,spotify:artist:12VaqyEhgwDRuFfEqbnrpz,3
5664,spotify:artist:6l77PmL5iuEEcYjGl8K6s7,spotify:artist:05fo024EFotg9songSENOZ,3
5665,spotify:artist:6l77PmL5iuEEcYjGl8K6s7,spotify:artist:5hE6NCoobhyEu6TRSbjOJY,3
5666,spotify:artist:6l77PmL5iuEEcYjGl8K6s7,spotify:artist:3qwabfaWewpfli7hMNM3O8,3
5667,spotify:artist:6l77PmL5iuEEcYjGl8K6s7,spotify:artist:3AmgGrYHXqgbmZ2yKoIVzO,3
5668,spotify:artist:6l77PmL5iuEEcYjGl8K6s7,spotify:artist:37qXWlhfRvpxmIeTKvfw8B,3
5669,spotify:artist:6l77PmL5iuEEcYjGl8K6s7,spotify:artist:5BKsn7SCN2XmbF7apdCpRS,3
5670,spotify:artist:6l77PmL5iuEEcYjGl8K6s7,spotify:artist:2ueoLVCXQ948OfhVvAy3Nn,3
5671,spotify:artist:6l77PmL5iuEEcYjGl8K6s7,spotify:artist:7hAolICGSgXJuM6DUpK5rp,3
5672,spotify:artist:6l77PmL5iuEEcYjGl8K6s7,spotify:artist:6PBv8t9YTLggA9ZMwpeoqj,3
5673,spotify:artist:6l77PmL5iuEEcYjGl8K6s7,spotify:artist:78OKNrjc3BvniYTqvpOp6P,3
5674,spotify:artist:6l77PmL5iuEEcYjGl8K6s7,spotify:artist:1o43SzzuLoyOxqThmp7s0g,3
5675,spotify:artist:6l77PmL5iuEEcYjGl8K6s7,spotify:artist:7eQZTqEMozBcuSubfu52i4,3
5676,spotify:artist:6l77PmL5iuEEcYjGl8K6s7,spotify:artist:6oBm8HB0yfrIc9IHbxs6in,3
5677,spotify:artist:6l77PmL5iuEEcYjGl8K6s7,spotify:artist:34vLhockmYhf3LgznwyNaQ,3
5678,spotify:artist:6l77PmL5iuEEcYjGl8K6s7,spotify:artist:6G7OerKc3eBO9sVkRNopFC,3
5679,spotify:artist:6l77PmL5iuEEcYjGl8K6s7,spotify:artist:2wJ4vsxWd7df7dRU4KcoDe,3
5680,spotify:artist:77Rj6PHmQJFb8nbSH62y68,spotify:artist:2ueoLVCXQ948OfhVvAy3Nn,3
5681,spotify:artist:77Rj6PHmQJFb8nbSH62y68,spotify:artist:5VF0YkVLeVD4ytyiyVSIiF,3
5682,spotify:artist:77Rj6PHmQJFb8nbSH62y68,spotify:artist:6s92YZUPkTK1HL1WIGrPKE,3
5683,spotify:artist:77Rj6PHmQJFb8nbSH62y68,spotify:artist:22ojy4H4ZVpowC4lRRC8In,3
5684,spotify:artist:77Rj6PHmQJFb8nbSH62y68,spotify:artist:0d2BmAcZ7p8vrtBPY48WMW,3
5685,spotify:artist:77Rj6PHmQJFb8nbSH62y68,spotify:artist:4kmq4NmMAD2EB24v6Il3qr,3
5686,spotify:artist:77Rj6PHmQJFb8nbSH62y68,spotify:artist:3AwMKTSUPiXf1ksyOziWAG,3
5687,spotify:artist:77Rj6PHmQJFb8nbSH62y68,spotify:artist:2Jv5eshHtLycR6R8KQCdc4,3
5688,spotify:artist:77Rj6PHmQJFb8nbSH62y68,spotify:artist:1R84VlXnFFULOsWWV8IrCQ,3
5689,spotify:artist:77Rj6PHmQJFb8nbSH62y68,spotify:artist:0XSqX2PB3C5dTMv7SZaxSm,3
5690,spotify:artist:77Rj6PHmQJFb8nbSH62y68,spotify:artist:5JLqvjW3Nyom2OsRUyFsS9,3
5691,spotify:artist:77Rj6PHmQJFb8nbSH62y68,spotify:artist:4kwxTgCKMipBKhSnEstNKj,3
5692,spotify:artist:77Rj6PHmQJFb8nbSH62y68,spotify:artist:5o8Wylae9k23IEJMIiwd8s,3
5693,spotify:artist:77Rj6PHmQJFb8nbSH62y68,spotify:artist:7tzI4rSFTHafjF18ZrNZWx,3
5694,spotify:artist:77Rj6PHmQJFb8nbSH62y68,spotify:artist:37qXWlhfRvpxmIeTKvfw8B,3
5695,spotify:artist:77Rj6PHmQJFb8nbSH62y68,spotify:artist:7lOJ7WXyopaxri0dbOiZkd,3
5696,spotify:artist:77Rj6PHmQJFb8nbSH62y68,spotify:artist:4zrFO6P7G6EZry0pfxMfKT,3
5697,spotify:artist:77Rj6PHmQJFb8nbSH62y68,spotify:artist:5Z3IWpvwOvoaWodujHw7xh,3
5698,spotify:artist:77Rj6PHmQJFb8nbSH62y68,spotify:artist:4UvhuGdFf75Cfan7lEU1J1,3
5699,spotify:artist:77Rj6PHmQJFb8nbSH62y68,spotify:artist:7w0e6inAfRWIEb9tWVgB7a,3
5700,spotify:artist:223iUzG0kb5V166FJP9ovD,spotify:artist:2zRt0sfxNnqI8gLR7d8gWt,3
5701,spotify:artist:223iUzG0kb5V166FJP9ovD,spotify:artist:1EJWNhiYbOyeUHbsS7Kp1P,3
5702,spotify:artist:223iUzG0kb5V166FJP9ovD,spotify:artist:0ucLPotcQNI7AViFytdhBz,3
5703,spotify:artist:223iUzG0kb5V166FJP9ovD,spotify:artist:4WM2JNPCcZ7f6M72C0bTyM,3
5704,spotify:artist:223iUzG0kb5V166FJP9ovD,spotify:artist:6niO7WSbw5n0nD58jPi2Mx,3
5705,spotify:artist:223iUzG0kb5V166FJP9ovD,spotify:artist:1uS4cYRRZRtauASIM9RxBG,3
5706,spotify:artist:223iUzG0kb5V166FJP9ovD,spotify:artist:3OHbToMuJihWhRcqzKjpBd,3
5707,spotify:artist:223iUzG0kb5V166FJP9ovD,spotify:artist:3rclGaNhwMNMcU2GkN91j9,3
5708,spotify:artist:223iUzG0kb5V166FJP9ovD,spotify:artist:11zG3SH7tJ36wYmCJ2oWyB,3
5709,spotify:artist:223iUzG0kb5V166FJP9ovD,spotify:artist:7hKXTmrq3ZppBx881yBbOr,3
5710,spotify:artist:223iUzG0kb5V166FJP9ovD,spotify:artist:1yDbenrXWhaQij3SCpsXe7,3
5711,spotify:artist:223iUzG0kb5V166FJP9ovD,spotify:artist:4KlYg0F5KG9QNDFKaeTNAy,3
5712,spotify:artist:223iUzG0kb5V166FJP9ovD,spotify:artist:7pwThElmrxl0pjTwXMojCx,3
5713,spotify:artist:223iUzG0kb5V166FJP9ovD,spotify:artist:1bN9idF4rgIhaaKFpwgzoQ,3
5714,spotify:artist:223iUzG0kb5V166FJP9ovD,spotify:artist:1Jgp0YCPHCJx5XD7nlfGVN,3
5715,spotify:artist:223iUzG0kb5V166FJP9ovD,spotify:artist:16AVsBqzmIZTNHd0eX8VbK,3
5716,spotify:artist:223iUzG0kb5V166FJP9ovD,spotify:artist:6OAueBADydAjR5lP5NqTvv,3
5717,spotify:artist:223iUzG0kb5V166FJP9ovD,spotify:artist:5PpBa5lqZ9ppWbtqoo6ZNM,3
5718,spotify:artist:223iUzG0kb5V166FJP9ovD,spotify:artist:0zUDeBCtajKzgNJTeWQiNi,3
5719,spotify:artist:223iUzG0kb5V166FJP9ovD,spotify:artist:1ZJYzl0sevnazdNkEYsAOW,3
5720,spotify:artist:05fo024EFotg9songSENOZ,spotify:artist:4fxp616ALtFWnXfwxnjLzW,3
5721,spotify:artist:05fo024EFotg9songSENOZ,spotify:artist:2mAYpnSe3g2Y22JcZ2ddku,3
5722,spotify:artist:05fo024EFotg9songSENOZ,spotify:artist:37qXWlhfRvpxmIeTKvfw8B,3
5723,spotify:artist:05fo024EFotg9songSENOZ,spotify:artist:5hE6NCoobhyEu6TRSbjOJY,3
5724,spotify:artist:05fo024EFotg9songSENOZ,spotify:artist:6l77PmL5iuEEcYjGl8K6s7,3
5725,spotify:artist:05fo024EFotg9songSENOZ,spotify:artist:1YZEoYFXx4AxVv13OiOPvZ,3
5726,spotify:artist:05fo024EFotg9songSENOZ,spotify:artist:7eQZTqEMozBcuSubfu52i4,3
5727,spotify:artist:05fo024EFotg9songSENOZ,spotify:artist:6G7OerKc3eBO9sVkRNopFC,3
5728,spotify:artist:05fo024EFotg9songSENOZ,spotify:artist:2QIHd0B2VIKlmLyoq4lUr7,3
5729,spotify:artist:05fo024EFotg9songSENOZ,spotify:artist:6VJZYivuYJGCrPuOAnI7Qo,3
5730,spotify:artist:05fo024EFotg9songSENOZ,spotify:artist:5isqImG0rLfAgBJSPMEVXF,3
5731,spotify:artist:05fo024EFotg9songSENOZ,spotify:artist:6UOcY6w4K6Ek5Lw5rFDHdP,3
5732,spotify:artist:05fo024EFotg9songSENOZ,spotify:artist:2mcNCn1qbZUQ3J9KHapUxj,3
5733,spotify:artist:05fo024EFotg9songSENOZ,spotify:artist:4Q3f2YYH4gQxWFS3WY5G3j,3
5734,spotify:artist:05fo024EFotg9songSENOZ,spotify:artist:7w29UYBi0qsHi5RTcv3lmA,3
5735,spotify:artist:05fo024EFotg9songSENOZ,spotify:artist:4mw86zm4QZIL8SksdyE6OU,3
5736,spotify:artist:05fo024EFotg9songSENOZ,spotify:artist:3AmgGrYHXqgbmZ2yKoIVzO,3
5737,spotify:artist:05fo024EFotg9songSENOZ,spotify:artist:12VaqyEhgwDRuFfEqbnrpz,3
5738,spotify:artist:05fo024EFotg9songSENOZ,spotify:artist:2rBcvLKWCZs9w1qIWv560v,3
5739,spotify:artist:05fo024EFotg9songSENOZ,spotify:artist:0MHcaxRSYyXEIJWsB2VF6B,3
5740,spotify:artist:37qXWlhfRvpxmIeTKvfw8B,spotify:artist:0jkK3K1ATFFHofEWjd2i00,3
5741,spotify:artist:37qXWlhfRvpxmIeTKvfw8B,spotify:artist:2PqsalqLh5RT6FSy9DrGZh,3
5742,spotify:artist:37qXWlhfRvpxmIeTKvfw8B,spotify:artist:05fo024EFotg9songSENOZ,3
5743,spotify:artist:37qXWlhfRvpxmIeTKvfw8B,spotify:artist:0fqE57gXXTTqxXlFYVNG2u,3
5744,spotify:artist:37qXWlhfRvpxmIeTKvfw8B,spotify:artist:6l77PmL5iuEEcYjGl8K6s7,3
5745,spotify:artist:37qXWlhfRvpxmIeTKvfw8B,spotify:artist:0tKasOjdZBjHJCMsalvvjb,3
5746,spotify:artist:37qXWlhfRvpxmIeTKvfw8B,spotify:artist:6PBv8t9YTLggA9ZMwpeoqj,3
5747,spotify:artist:37qXWlhfRvpxmIeTKvfw8B,spotify:artist:5zjaF8JUdylMWrA7AVo3hJ,3
5748,spotify:artist:37qXWlhfRvpxmIeTKvfw8B,spotify:artist:2mAYpnSe3g2Y22JcZ2ddku,3
5749,spotify:artist:37qXWlhfRvpxmIeTKvfw8B,spotify:artist:2QIHd0B2VIKlmLyoq4lUr7,3
5750,spotify:artist:37qXWlhfRvpxmIeTKvfw8B,spotify:artist:0MHcaxRSYyXEIJWsB2VF6B,3
5751,spotify:artist:37qXWlhfRvpxmIeTKvfw8B,spotify:artist:5AZHg5fZjuN4FzGUnaiQcj,3
5752,spotify:artist:37qXWlhfRvpxmIeTKvfw8B,spotify:artist:4fxp616ALtFWnXfwxnjLzW,3
5753,spotify:artist:37qXWlhfRvpxmIeTKvfw8B,spotify:artist:1b2U0VT1Z4ACqOihBL1fgw,3
5754,spotify:artist:37qXWlhfRvpxmIeTKvfw8B,spotify:artist:726Dh6A5VyDfAAQxilT6A0,3
5755,spotify:artist:37qXWlhfRvpxmIeTKvfw8B,spotify:artist:3UORxcctdWi6drku1qOrol,3
5756,spotify:artist:37qXWlhfRvpxmIeTKvfw8B,spotify:artist:08j69Ndyx1P7RLO3Janb5P,3
5757,spotify:artist:37qXWlhfRvpxmIeTKvfw8B,spotify:artist:6G7OerKc3eBO9sVkRNopFC,3
5758,spotify:artist:37qXWlhfRvpxmIeTKvfw8B,spotify:artist:50sSN9E5i4DJzYDclAXlSo,3
5759,spotify:artist:37qXWlhfRvpxmIeTKvfw8B,spotify:artist:77Rj6PHmQJFb8nbSH62y68,3
5760,spotify:artist:2PfBzriIMRsCXPDtSy9vg8,spotify:artist:67pQ8Yr09zDDzzwWw3EG9R,3
5761,spotify:artist:2PfBzriIMRsCXPDtSy9vg8,spotify:artist:4fxp616ALtFWnXfwxnjLzW,3
5762,spotify:artist:2PfBzriIMRsCXPDtSy9vg8,spotify:artist:2wXBWJhbm1gfEVjyEEuhDH,3
5763,spotify:artist:2PfBzriIMRsCXPDtSy9vg8,spotify:artist:3UpIbyXfGzmHG6TMH4dJEk,3
5764,spotify:artist:2PfBzriIMRsCXPDtSy9vg8,spotify:artist:6PBv8t9YTLggA9ZMwpeoqj,3
5765,spotify:artist:2PfBzriIMRsCXPDtSy9vg8,spotify:artist:1z98aCtgTzyUkAHR50ryFN,3
5766,spotify:artist:2PfBzriIMRsCXPDtSy9vg8,spotify:artist:1ZsnHGOLYFg8CAHQQBc1ut,3
5767,spotify:artist:2PfBzriIMRsCXPDtSy9vg8,spotify:artist:7EV6jW6dotBdvsHj6xPixi,3
5768,spotify:artist:2PfBzriIMRsCXPDtSy9vg8,spotify:artist:7krh6ZjG7i7jvLGiG3YNJF,3
5769,spotify:artist:2PfBzriIMRsCXPDtSy9vg8,spotify:artist:3loACRmkzdtOMNJEaB6j8L,3
5770,spotify:artist:2PfBzriIMRsCXPDtSy9vg8,spotify:artist:3TScZ6zJkavDy0tqoGqiCf,3
5771,spotify:artist:2PfBzriIMRsCXPDtSy9vg8,spotify:artist:5EOPLr73C9nIPYwVEAsiOY,3
5772,spotify:artist:2PfBzriIMRsCXPDtSy9vg8,spotify:artist:3nnQpaTvKb5jCQabZefACI,3
5773,spotify:artist:2PfBzriIMRsCXPDtSy9vg8,spotify:artist:3g2kUQ6tHLLbmkV7T4GPtL,3
5774,spotify:artist:2PfBzriIMRsCXPDtSy9vg8,spotify:artist:5c3GLXai8YOMid29ZEuR9y,3
5775,spotify:artist:2PfBzriIMRsCXPDtSy9vg8,spotify:artist:3dmSPhg0tdao8ePj4pySJ5,3
5776,spotify:artist:2PfBzriIMRsCXPDtSy9vg8,spotify:artist:4uSftVc3FPWe6RJuMZNEe9,3
5777,spotify:artist:2PfBzriIMRsCXPDtSy9vg8,spotify:artist:4Cedjq5BQL3MhapRvDpFED,3
5778,spotify:artist:2PfBzriIMRsCXPDtSy9vg8,spotify:artist:5hW4L92KnC6dX9t7tYM4Ve,3
5779,spotify:artist:2PfBzriIMRsCXPDtSy9vg8,spotify:artist:38euc5ce2q2MMzaoJcPstz,3
5780,spotify:artist:2mAYpnSe3g2Y22JcZ2ddku,spotify:artist:05fo024EFotg9songSENOZ,3
5781,spotify:artist:2mAYpnSe3g2Y22JcZ2ddku,spotify:artist:5hE6NCoobhyEu6TRSbjOJY,3
5782,spotify:artist:2mAYpnSe3g2Y22JcZ2ddku,spotify:artist:37qXWlhfRvpxmIeTKvfw8B,3
5783,spotify:artist:2mAYpnSe3g2Y22JcZ2ddku,spotify:artist:4fxp616ALtFWnXfwxnjLzW,3
5784,spotify:artist:2mAYpnSe3g2Y22JcZ2ddku,spotify:artist:2PqsalqLh5RT6FSy9DrGZh,3
5785,spotify:artist:2mAYpnSe3g2Y22JcZ2ddku,spotify:artist:78OKNrjc3BvniYTqvpOp6P,3
5786,spotify:artist:2mAYpnSe3g2Y22JcZ2ddku,spotify:artist:6oyGMaD0Kbx3ynXKhzH2wW,3
5787,spotify:artist:2mAYpnSe3g2Y22JcZ2ddku,spotify:artist:7qHOphlWaJrfFa0BqpayDG,3
5788,spotify:artist:2mAYpnSe3g2Y22JcZ2ddku,spotify:artist:5zjaF8JUdylMWrA7AVo3hJ,3
5789,spotify:artist:2mAYpnSe3g2Y22JcZ2ddku,spotify:artist:6l77PmL5iuEEcYjGl8K6s7,3
5790,spotify:artist:2mAYpnSe3g2Y22JcZ2ddku,spotify:artist:7DtlawO7T5bsgq81EeHxwh,3
5791,spotify:artist:2mAYpnSe3g2Y22JcZ2ddku,spotify:artist:3nOQJdlPEzFVhTEzxwcGax,3
5792,spotify:artist:2mAYpnSe3g2Y22JcZ2ddku,spotify:artist:1o43SzzuLoyOxqThmp7s0g,3
5793,spotify:artist:2mAYpnSe3g2Y22JcZ2ddku,spotify:artist:50sSN9E5i4DJzYDclAXlSo,3
5794,spotify:artist:2mAYpnSe3g2Y22JcZ2ddku,spotify:artist:6ZK2nrW8aCTg8Bid7I7N10,3
5795,spotify:artist:2mAYpnSe3g2Y22JcZ2ddku,spotify:artist:1eiXrvua27VlWgZ9kiaIn6,3
5796,spotify:artist:2mAYpnSe3g2Y22JcZ2ddku,spotify:artist:7eQZTqEMozBcuSubfu52i4,3
5797,spotify:artist:2mAYpnSe3g2Y22JcZ2ddku,spotify:artist:1v5bOzXbhrQ57qSvRwGA6s,3
5798,spotify:artist:2mAYpnSe3g2Y22JcZ2ddku,spotify:artist:6VJZYivuYJGCrPuOAnI7Qo,3
5799,spotify:artist:2mAYpnSe3g2Y22JcZ2ddku,spotify:artist:6UOcY6w4K6Ek5Lw5rFDHdP,3
5800,spotify:artist:6UOcY6w4K6Ek5Lw5rFDHdP,spotify:artist:7JUms0YyWoLQ0ICQvrEgjL,3
5801,spotify:artist:6UOcY6w4K6Ek5Lw5rFDHdP,spotify:artist:5hE6NCoobhyEu6TRSbjOJY,3
5802,spotify:artist:6UOcY6w4K6Ek5Lw5rFDHdP,spotify:artist:7eQZTqEMozBcuSubfu52i4,3
5803,spotify:artist:6UOcY6w4K6Ek5Lw5rFDHdP,spotify:artist:7qHOphlWaJrfFa0BqpayDG,3
5804,spotify:artist:6UOcY6w4K6Ek5Lw5rFDHdP,spotify:artist:7x3Y6pFeDGLJjv1V5uToHv,3
5805,spotify:artist:6UOcY6w4K6Ek5Lw5rFDHdP,spotify:artist:6ys6r2ftzNbWUTSlqlkPO2,3
5806,spotify:artist:6UOcY6w4K6Ek5Lw5rFDHdP,spotify:artist:3qwabfaWewpfli7hMNM3O8,3
5807,spotify:artist:6UOcY6w4K6Ek5Lw5rFDHdP,spotify:artist:5BKsn7SCN2XmbF7apdCpRS,3
5808,spotify:artist:6UOcY6w4K6Ek5Lw5rFDHdP,spotify:artist:0MoXIHcFwhIWnFgBfdvQ30,3
5809,spotify:artist:6UOcY6w4K6Ek5Lw5rFDHdP,spotify:artist:6l77PmL5iuEEcYjGl8K6s7,3
5810,spotify:artist:6UOcY6w4K6Ek5Lw5rFDHdP,spotify:artist:0ucLPotcQNI7AViFytdhBz,3
5811,spotify:artist:6UOcY6w4K6Ek5Lw5rFDHdP,spotify:artist:0WbqAlM1WvfUD6dF7omThd,3
5812,spotify:artist:6UOcY6w4K6Ek5Lw5rFDHdP,spotify:artist:78OKNrjc3BvniYTqvpOp6P,3
5813,spotify:artist:6UOcY6w4K6Ek5Lw5rFDHdP,spotify:artist:1o43SzzuLoyOxqThmp7s0g,3
5814,spotify:artist:6UOcY6w4K6Ek5Lw5rFDHdP,spotify:artist:2M45qKMZX16QUyOiKyluI0,3
5815,spotify:artist:6UOcY6w4K6Ek5Lw5rFDHdP,spotify:artist:6VJZYivuYJGCrPuOAnI7Qo,3
5816,spotify:artist:6UOcY6w4K6Ek5Lw5rFDHdP,spotify:artist:4hiLNlqr4vQdiuo1aQKSXS,3
5817,spotify:artist:6UOcY6w4K6Ek5Lw5rFDHdP,spotify:artist:7atGlyFY5574ph1tGMs6gD,3
5818,spotify:artist:6UOcY6w4K6Ek5Lw5rFDHdP,spotify:artist:1WHoAjAWGx5qLsgzpaOk7W,3
5819,spotify:artist:6UOcY6w4K6Ek5Lw5rFDHdP,spotify:artist:05fo024EFotg9songSENOZ,3
5820,spotify:artist:726Dh6A5VyDfAAQxilT6A0,spotify:artist:5JqX1glXPg6428ubI1w72i,3
5821,spotify:artist:726Dh6A5VyDfAAQxilT6A0,spotify:artist:2lbkouJ8JyhOM2Napjr4A4,3
5822,spotify:artist:726Dh6A5VyDfAAQxilT6A0,spotify:artist:6X7xyfHZD8DMHHJd4FeRsh,3
5823,spotify:artist:726Dh6A5VyDfAAQxilT6A0,spotify:artist:2gLKxTZLPJlTAoPTi6dwoJ,3
5824,spotify:artist:726Dh6A5VyDfAAQxilT6A0,spotify:artist:6q5M5a5hW48QjbDc0xuTtU,3
5825,spotify:artist:726Dh6A5VyDfAAQxilT6A0,spotify:artist:0i5XBpK4mGqUbfmKKp3bXU,3
5826,spotify:artist:726Dh6A5VyDfAAQxilT6A0,spotify:artist:4DeF1n7pWrs52PhWd2sEyr,3
5827,spotify:artist:726Dh6A5VyDfAAQxilT6A0,spotify:artist:1mAZuRxncE9DLiAghJ4ieu,3
5828,spotify:artist:726Dh6A5VyDfAAQxilT6A0,spotify:artist:5OGfJ9peWUEVI04MZBoLY8,3
5829,spotify:artist:726Dh6A5VyDfAAQxilT6A0,spotify:artist:2ZCG1aukcb5fjBDgizvDbD,3
5830,spotify:artist:726Dh6A5VyDfAAQxilT6A0,spotify:artist:3z6Gk257P9jNcZbBXJNX5i,3
5831,spotify:artist:726Dh6A5VyDfAAQxilT6A0,spotify:artist:0ulEFrMUcWduqdVKegJZJF,3
5832,spotify:artist:726Dh6A5VyDfAAQxilT6A0,spotify:artist:1K6L6Hw4HibspToNP1FeBC,3
5833,spotify:artist:726Dh6A5VyDfAAQxilT6A0,spotify:artist:5PpBa5lqZ9ppWbtqoo6ZNM,3
5834,spotify:artist:726Dh6A5VyDfAAQxilT6A0,spotify:artist:5ybsLFsFrRFXgdklfMryWD,3
5835,spotify:artist:726Dh6A5VyDfAAQxilT6A0,spotify:artist:1KsASRNugxU85T0u6zSg32,3
5836,spotify:artist:726Dh6A5VyDfAAQxilT6A0,spotify:artist:4vS7q827Cq5pDYCXqVjpsD,3
5837,spotify:artist:726Dh6A5VyDfAAQxilT6A0,spotify:artist:1mme7NxGRKLdbWrM77TWZf,3
5838,spotify:artist:726Dh6A5VyDfAAQxilT6A0,spotify:artist:5PPCkoOKabpGGhqrUwSikz,3
5839,spotify:artist:726Dh6A5VyDfAAQxilT6A0,spotify:artist:58DZPVnDKLHSAB1pEkZNwT,3
5840,spotify:artist:4zrFO6P7G6EZry0pfxMfKT,spotify:artist:1HOeqtP7tHkKNJNLzQ2tnr,3
5841,spotify:artist:4zrFO6P7G6EZry0pfxMfKT,spotify:artist:7w0e6inAfRWIEb9tWVgB7a,3
5842,spotify:artist:4zrFO6P7G6EZry0pfxMfKT,spotify:artist:4dGVRIf2xj0JhawVheLiOI,3
5843,spotify:artist:4zrFO6P7G6EZry0pfxMfKT,spotify:artist:04HvbIwBccFmRie5ATX4ft,3
5844,spotify:artist:4zrFO6P7G6EZry0pfxMfKT,spotify:artist:0vW8z9pZMGCcRtGPGtyqiB,3
5845,spotify:artist:4zrFO6P7G6EZry0pfxMfKT,spotify:artist:7EFB09NxZrMi9pGlOnuBpd,3
5846,spotify:artist:4zrFO6P7G6EZry0pfxMfKT,spotify:artist:2ARO60gI5do88ho6azmzab,3
5847,spotify:artist:4zrFO6P7G6EZry0pfxMfKT,spotify:artist:09K1H1DgyIXHsMx2j7KTFX,3
5848,spotify:artist:4zrFO6P7G6EZry0pfxMfKT,spotify:artist:5P1tdwsQdI6z9MXXfmYRDS,3
5849,spotify:artist:4zrFO6P7G6EZry0pfxMfKT,spotify:artist:3AmgGrYHXqgbmZ2yKoIVzO,3
5850,spotify:artist:4zrFO6P7G6EZry0pfxMfKT,spotify:artist:5zhn89Em2jWUUWdpcLO3YL,3
5851,spotify:artist:4zrFO6P7G6EZry0pfxMfKT,spotify:artist:5mGTnJvTkLDN76DgXka5f0,3
5852,spotify:artist:4zrFO6P7G6EZry0pfxMfKT,spotify:artist:2Jv5eshHtLycR6R8KQCdc4,3
5853,spotify:artist:4zrFO6P7G6EZry0pfxMfKT,spotify:artist:69lEbRQRe29JdyLrewNAvD,3
5854,spotify:artist:4zrFO6P7G6EZry0pfxMfKT,spotify:artist:6e6GkaF6uiSEFuTrlvDJUF,3
5855,spotify:artist:4zrFO6P7G6EZry0pfxMfKT,spotify:artist:6fLrPFLWLSCrp7gcTZXcKb,3
5856,spotify:artist:4zrFO6P7G6EZry0pfxMfKT,spotify:artist:1WvvwcQx0tj6NdDhZZ2zZz,3
5857,spotify:artist:4zrFO6P7G6EZry0pfxMfKT,spotify:artist:5uTJLo3c4ZHpH8oEwGxYUN,3
5858,spotify:artist:4zrFO6P7G6EZry0pfxMfKT,spotify:artist:5o8Wylae9k23IEJMIiwd8s,3
5859,spotify:artist:4zrFO6P7G6EZry0pfxMfKT,spotify:artist:3wrtQM9ICPPeHwoc1GWiyV,3
5860,spotify:artist:7eQZTqEMozBcuSubfu52i4,spotify:artist:5hE6NCoobhyEu6TRSbjOJY,3
5861,spotify:artist:7eQZTqEMozBcuSubfu52i4,spotify:artist:7JUms0YyWoLQ0ICQvrEgjL,3
5862,spotify:artist:7eQZTqEMozBcuSubfu52i4,spotify:artist:0ucLPotcQNI7AViFytdhBz,3
5863,spotify:artist:7eQZTqEMozBcuSubfu52i4,spotify:artist:7qHOphlWaJrfFa0BqpayDG,3
5864,spotify:artist:7eQZTqEMozBcuSubfu52i4,spotify:artist:6UOcY6w4K6Ek5Lw5rFDHdP,3
5865,spotify:artist:7eQZTqEMozBcuSubfu52i4,spotify:artist:5R7K1GezC0jy24v1R2n4x3,3
5866,spotify:artist:7eQZTqEMozBcuSubfu52i4,spotify:artist:1WHoAjAWGx5qLsgzpaOk7W,3
5867,spotify:artist:7eQZTqEMozBcuSubfu52i4,spotify:artist:05fo024EFotg9songSENOZ,3
5868,spotify:artist:7eQZTqEMozBcuSubfu52i4,spotify:artist:3QhNv79NoIvarU6N57GBzL,3
5869,spotify:artist:7eQZTqEMozBcuSubfu52i4,spotify:artist:3qwabfaWewpfli7hMNM3O8,3
5870,spotify:artist:7eQZTqEMozBcuSubfu52i4,spotify:artist:1gkSl4XpHIHI4I1WQbfXOE,3
5871,spotify:artist:7eQZTqEMozBcuSubfu52i4,spotify:artist:7atGlyFY5574ph1tGMs6gD,3
5872,spotify:artist:7eQZTqEMozBcuSubfu52i4,spotify:artist:1o43SzzuLoyOxqThmp7s0g,3
5873,spotify:artist:7eQZTqEMozBcuSubfu52i4,spotify:artist:7K3zpFXBvPcvzhj7zlGJdO,3
5874,spotify:artist:7eQZTqEMozBcuSubfu52i4,spotify:artist:39x9e2QDpAxK8xTuJDwRqR,3
5875,spotify:artist:7eQZTqEMozBcuSubfu52i4,spotify:artist:6VJZYivuYJGCrPuOAnI7Qo,3
5876,spotify:artist:7eQZTqEMozBcuSubfu52i4,spotify:artist:5BKsn7SCN2XmbF7apdCpRS,3
5877,spotify:artist:7eQZTqEMozBcuSubfu52i4,spotify:artist:6l77PmL5iuEEcYjGl8K6s7,3
5878,spotify:artist:7eQZTqEMozBcuSubfu52i4,spotify:artist:7w29UYBi0qsHi5RTcv3lmA,3
5879,spotify:artist:7eQZTqEMozBcuSubfu52i4,spotify:artist:4tOVIRjlWWfR1RrAxyRqTE,3
5880,spotify:artist:2ueoLVCXQ948OfhVvAy3Nn,spotify:artist:2wJ4vsxWd7df7dRU4KcoDe,3
5881,spotify:artist:2ueoLVCXQ948OfhVvAy3Nn,spotify:artist:6fLrPFLWLSCrp7gcTZXcKb,3
5882,spotify:artist:2ueoLVCXQ948OfhVvAy3Nn,spotify:artist:5VF0YkVLeVD4ytyiyVSIiF,3
5883,spotify:artist:2ueoLVCXQ948OfhVvAy3Nn,spotify:artist:1ybAN3utgdoUL1MUCtH4QM,3
5884,spotify:artist:2ueoLVCXQ948OfhVvAy3Nn,spotify:artist:22ojy4H4ZVpowC4lRRC8In,3
5885,spotify:artist:2ueoLVCXQ948OfhVvAy3Nn,spotify:artist:5uTJLo3c4ZHpH8oEwGxYUN,3
5886,spotify:artist:2ueoLVCXQ948OfhVvAy3Nn,spotify:artist:38zTZcuN7nFvVJ6auhc6V3,3
5887,spotify:artist:2ueoLVCXQ948OfhVvAy3Nn,spotify:artist:31uyAcnY0kjjKKIQZMKX4i,3
5888,spotify:artist:2ueoLVCXQ948OfhVvAy3Nn,spotify:artist:0bsV0sUjnCuCTYOnNHQl3E,3
5889,spotify:artist:2ueoLVCXQ948OfhVvAy3Nn,spotify:artist:3AmgGrYHXqgbmZ2yKoIVzO,3
5890,spotify:artist:2ueoLVCXQ948OfhVvAy3Nn,spotify:artist:2Jv5eshHtLycR6R8KQCdc4,3
5891,spotify:artist:2ueoLVCXQ948OfhVvAy3Nn,spotify:artist:6mKqFxGMS5TGDZI3XkT5Rt,3
5892,spotify:artist:2ueoLVCXQ948OfhVvAy3Nn,spotify:artist:2iUVQjheBnvOt8vaBrxXJz,3
5893,spotify:artist:2ueoLVCXQ948OfhVvAy3Nn,spotify:artist:7bcbShaqKdcyjnmv4Ix8j6,3
5894,spotify:artist:2ueoLVCXQ948OfhVvAy3Nn,spotify:artist:3AHFDfqhSqPBecjQDIOIJA,3
5895,spotify:artist:2ueoLVCXQ948OfhVvAy3Nn,spotify:artist:7hAolICGSgXJuM6DUpK5rp,3
5896,spotify:artist:2ueoLVCXQ948OfhVvAy3Nn,spotify:artist:1wmiQ6ytATiGnJs6uFluKO,3
5897,spotify:artist:2ueoLVCXQ948OfhVvAy3Nn,spotify:artist:5QuBVnBPEzwYvFrgBbwpmU,3
5898,spotify:artist:2ueoLVCXQ948OfhVvAy3Nn,spotify:artist:1jwOuEBcOKq0BeudSarbEM,3
5899,spotify:artist:2ueoLVCXQ948OfhVvAy3Nn,spotify:artist:7MoIc5s9KXolCBH1fy9kkw,3
5900,spotify:artist:5hE6NCoobhyEu6TRSbjOJY,spotify:artist:7eQZTqEMozBcuSubfu52i4,3
5901,spotify:artist:5hE6NCoobhyEu6TRSbjOJY,spotify:artist:7JUms0YyWoLQ0ICQvrEgjL,3
5902,spotify:artist:5hE6NCoobhyEu6TRSbjOJY,spotify:artist:7qHOphlWaJrfFa0BqpayDG,3
5903,spotify:artist:5hE6NCoobhyEu6TRSbjOJY,spotify:artist:6UOcY6w4K6Ek5Lw5rFDHdP,3
5904,spotify:artist:5hE6NCoobhyEu6TRSbjOJY,spotify:artist:0ucLPotcQNI7AViFytdhBz,3
5905,spotify:artist:5hE6NCoobhyEu6TRSbjOJY,spotify:artist:2mAYpnSe3g2Y22JcZ2ddku,3
5906,spotify:artist:5hE6NCoobhyEu6TRSbjOJY,spotify:artist:05fo024EFotg9songSENOZ,3
5907,spotify:artist:5hE6NCoobhyEu6TRSbjOJY,spotify:artist:6l77PmL5iuEEcYjGl8K6s7,3
5908,spotify:artist:5hE6NCoobhyEu6TRSbjOJY,spotify:artist:1o43SzzuLoyOxqThmp7s0g,3
5909,spotify:artist:5hE6NCoobhyEu6TRSbjOJY,spotify:artist:78OKNrjc3BvniYTqvpOp6P,3
5910,spotify:artist:5hE6NCoobhyEu6TRSbjOJY,spotify:artist:3qwabfaWewpfli7hMNM3O8,3
5911,spotify:artist:5hE6NCoobhyEu6TRSbjOJY,spotify:artist:5BKsn7SCN2XmbF7apdCpRS,3
5912,spotify:artist:5hE6NCoobhyEu6TRSbjOJY,spotify:artist:6VJZYivuYJGCrPuOAnI7Qo,3
5913,spotify:artist:5hE6NCoobhyEu6TRSbjOJY,spotify:artist:1WHoAjAWGx5qLsgzpaOk7W,3
5914,spotify:artist:5hE6NCoobhyEu6TRSbjOJY,spotify:artist:4tOVIRjlWWfR1RrAxyRqTE,3
5915,spotify:artist:5hE6NCoobhyEu6TRSbjOJY,spotify:artist:7x3Y6pFeDGLJjv1V5uToHv,3
5916,spotify:artist:5hE6NCoobhyEu6TRSbjOJY,spotify:artist:7w29UYBi0qsHi5RTcv3lmA,3
5917,spotify:artist:5hE6NCoobhyEu6TRSbjOJY,spotify:artist:7atGlyFY5574ph1tGMs6gD,3
5918,spotify:artist:5hE6NCoobhyEu6TRSbjOJY,spotify:artist:3AmgGrYHXqgbmZ2yKoIVzO,3
5919,spotify:artist:5hE6NCoobhyEu6TRSbjOJY,spotify:artist:6ZK2nrW8aCTg8Bid7I7N10,3
5920,spotify:artist:3qwabfaWewpfli7hMNM3O8,spotify:artist:5BKsn7SCN2XmbF7apdCpRS,3
5921,spotify:artist:3qwabfaWewpfli7hMNM3O8,spotify:artist:4aaBjq7VqqQvpSF69GglvO,3
5922,spotify:artist:3qwabfaWewpfli7hMNM3O8,spotify:artist:0MoXIHcFwhIWnFgBfdvQ30,3
5923,spotify:artist:3qwabfaWewpfli7hMNM3O8,spotify:artist:7zt6Af78CalxaPDqORfw8L,3
5924,spotify:artist:3qwabfaWewpfli7hMNM3O8,spotify:artist:6UOcY6w4K6Ek5Lw5rFDHdP,3
5925,spotify:artist:3qwabfaWewpfli7hMNM3O8,spotify:artist:7y8lzaGqtadGmtAtg2SGv4,3
5926,spotify:artist:3qwabfaWewpfli7hMNM3O8,spotify:artist:1WHoAjAWGx5qLsgzpaOk7W,3
5927,spotify:artist:3qwabfaWewpfli7hMNM3O8,spotify:artist:7eQZTqEMozBcuSubfu52i4,3
5928,spotify:artist:3qwabfaWewpfli7hMNM3O8,spotify:artist:0ucLPotcQNI7AViFytdhBz,3
5929,spotify:artist:3qwabfaWewpfli7hMNM3O8,spotify:artist:6l77PmL5iuEEcYjGl8K6s7,3
5930,spotify:artist:3qwabfaWewpfli7hMNM3O8,spotify:artist:3K2zB87GZv1krx031en5VA,3
5931,spotify:artist:3qwabfaWewpfli7hMNM3O8,spotify:artist:6Tyzp9KzpiZ04DABQoedps,3
5932,spotify:artist:3qwabfaWewpfli7hMNM3O8,spotify:artist:5sL9uDMwceYHPknnCLAAwJ,3
5933,spotify:artist:3qwabfaWewpfli7hMNM3O8,spotify:artist:0H0rBbf7vHXO3qh50Wap7y,3
5934,spotify:artist:3qwabfaWewpfli7hMNM3O8,spotify:artist:7w29UYBi0qsHi5RTcv3lmA,3
5935,spotify:artist:3qwabfaWewpfli7hMNM3O8,spotify:artist:5hE6NCoobhyEu6TRSbjOJY,3
5936,spotify:artist:3qwabfaWewpfli7hMNM3O8,spotify:artist:7qHOphlWaJrfFa0BqpayDG,3
5937,spotify:artist:3qwabfaWewpfli7hMNM3O8,spotify:artist:6UE7nl9mha6s8z0wFQFIZ2,3
5938,spotify:artist:3qwabfaWewpfli7hMNM3O8,spotify:artist:7xFnmid57ZE6iWEXdEXO3b,3
5939,spotify:artist:3qwabfaWewpfli7hMNM3O8,spotify:artist:2f9ZiYA2ic1r1voObUimdd,3
5940,spotify:artist:7tzI4rSFTHafjF18ZrNZWx,spotify:artist:0bnwha8WPTU2sf4Q4P6vE0,3
5941,spotify:artist:7tzI4rSFTHafjF18ZrNZWx,spotify:artist:5gInJ5P5gQnOKPM3SUEVFt,3
5942,spotify:artist:7tzI4rSFTHafjF18ZrNZWx,spotify:artist:4uFpoTqyXb2tfvetAjmJQT,3
5943,spotify:artist:7tzI4rSFTHafjF18ZrNZWx,spotify:artist:0UOrN3LNaKApiOSdvJiETl,3
5944,spotify:artist:7tzI4rSFTHafjF18ZrNZWx,spotify:artist:4I2BJf80C0skQpp1sQmA0h,3
5945,spotify:artist:7tzI4rSFTHafjF18ZrNZWx,spotify:artist:4ps52NgTUPV9accMr5TMBw,3
5946,spotify:artist:7tzI4rSFTHafjF18ZrNZWx,spotify:artist:0utS63XytOEVN1EtzWhJpG,3
5947,spotify:artist:7tzI4rSFTHafjF18ZrNZWx,spotify:artist:6RWjTQqILL7a1tQ0VapyLK,3
5948,spotify:artist:7tzI4rSFTHafjF18ZrNZWx,spotify:artist:4Qxe8uorrQxMoMkhv0HrK3,3
5949,spotify:artist:7tzI4rSFTHafjF18ZrNZWx,spotify:artist:2oyNl6Ds6rY648mcUFhVgT,3
5950,spotify:artist:7tzI4rSFTHafjF18ZrNZWx,spotify:artist:615PlJiTuB5O3F424mvtHq,3
5951,spotify:artist:7tzI4rSFTHafjF18ZrNZWx,spotify:artist:6hSnbFV44BMzWgP9alWsTc,3
5952,spotify:artist:7tzI4rSFTHafjF18ZrNZWx,spotify:artist:6aNouxfdfQCKjiZG0LJcjx,3
5953,spotify:artist:7tzI4rSFTHafjF18ZrNZWx,spotify:artist:58XdW0XyGukvmGatf7NC2R,3
5954,spotify:artist:7tzI4rSFTHafjF18ZrNZWx,spotify:artist:3xZBpeXHkSjTKQIR1OeKN0,3
5955,spotify:artist:7tzI4rSFTHafjF18ZrNZWx,spotify:artist:3P6ePaE5unCm7vjccfcBAe,3
5956,spotify:artist:7tzI4rSFTHafjF18ZrNZWx,spotify:artist:5Gpi2vZtZtUPrMnlBDdpre,3
5957,spotify:artist:7tzI4rSFTHafjF18ZrNZWx,spotify:artist:3zmmBJseZelpVEHj8S6Dek,3
5958,spotify:artist:7tzI4rSFTHafjF18ZrNZWx,spotify:artist:3i0VvjFfLzfX8TgDhgNWfe,3
5959,spotify:artist:7tzI4rSFTHafjF18ZrNZWx,spotify:artist:5BEuyZUof5F3Nu9pjcWwD1,3
5960,spotify:artist:5BKsn7SCN2XmbF7apdCpRS,spotify:artist:3qwabfaWewpfli7hMNM3O8,3
5961,spotify:artist:5BKsn7SCN2XmbF7apdCpRS,spotify:artist:4aaBjq7VqqQvpSF69GglvO,3
5962,spotify:artist:5BKsn7SCN2XmbF7apdCpRS,spotify:artist:7w29UYBi0qsHi5RTcv3lmA,3
5963,spotify:artist:5BKsn7SCN2XmbF7apdCpRS,spotify:artist:0ucLPotcQNI7AViFytdhBz,3
5964,spotify:artist:5BKsn7SCN2XmbF7apdCpRS,spotify:artist:0MoXIHcFwhIWnFgBfdvQ30,3
5965,spotify:artist:5BKsn7SCN2XmbF7apdCpRS,spotify:artist:6UOcY6w4K6Ek5Lw5rFDHdP,3
5966,spotify:artist:5BKsn7SCN2XmbF7apdCpRS,spotify:artist:08YvZ2qzFrDSITfHLbPKMP,3
5967,spotify:artist:5BKsn7SCN2XmbF7apdCpRS,spotify:artist:5TfnQ0Ai1cEbKY5katFK14,3
5968,spotify:artist:5BKsn7SCN2XmbF7apdCpRS,spotify:artist:1EJWNhiYbOyeUHbsS7Kp1P,3
5969,spotify:artist:5BKsn7SCN2XmbF7apdCpRS,spotify:artist:5nPOO9iTcrs9k6yFffPxjH,3
5970,spotify:artist:5BKsn7SCN2XmbF7apdCpRS,spotify:artist:7eQZTqEMozBcuSubfu52i4,3
5971,spotify:artist:5BKsn7SCN2XmbF7apdCpRS,spotify:artist:5EP020iZcwBqHRnJftibXX,3
5972,spotify:artist:5BKsn7SCN2XmbF7apdCpRS,spotify:artist:7zt6Af78CalxaPDqORfw8L,3
5973,spotify:artist:5BKsn7SCN2XmbF7apdCpRS,spotify:artist:1WHoAjAWGx5qLsgzpaOk7W,3
5974,spotify:artist:5BKsn7SCN2XmbF7apdCpRS,spotify:artist:1gkSl4XpHIHI4I1WQbfXOE,3
5975,spotify:artist:5BKsn7SCN2XmbF7apdCpRS,spotify:artist:08j69Ndyx1P7RLO3Janb5P,3
5976,spotify:artist:5BKsn7SCN2XmbF7apdCpRS,spotify:artist:2rBcvLKWCZs9w1qIWv560v,3
5977,spotify:artist:5BKsn7SCN2XmbF7apdCpRS,spotify:artist:1Tz1kM5vFyBpzD22fHW609,3
5978,spotify:artist:5BKsn7SCN2XmbF7apdCpRS,spotify:artist:5R7K1GezC0jy24v1R2n4x3,3
5979,spotify:artist:5BKsn7SCN2XmbF7apdCpRS,spotify:artist:6l77PmL5iuEEcYjGl8K6s7,3
5980,spotify:artist:5JqX1glXPg6428ubI1w72i,spotify:artist:726Dh6A5VyDfAAQxilT6A0,3
5981,spotify:artist:5JqX1glXPg6428ubI1w72i,spotify:artist:2lbkouJ8JyhOM2Napjr4A4,3
5982,spotify:artist:5JqX1glXPg6428ubI1w72i,spotify:artist:6X7xyfHZD8DMHHJd4FeRsh,3
5983,spotify:artist:5JqX1glXPg6428ubI1w72i,spotify:artist:2gLKxTZLPJlTAoPTi6dwoJ,3
5984,spotify:artist:5JqX1glXPg6428ubI1w72i,spotify:artist:4DeF1n7pWrs52PhWd2sEyr,3
5985,spotify:artist:5JqX1glXPg6428ubI1w72i,spotify:artist:58DZPVnDKLHSAB1pEkZNwT,3
5986,spotify:artist:5JqX1glXPg6428ubI1w72i,spotify:artist:1mme7NxGRKLdbWrM77TWZf,3
5987,spotify:artist:5JqX1glXPg6428ubI1w72i,spotify:artist:0i5XBpK4mGqUbfmKKp3bXU,3
5988,spotify:artist:5JqX1glXPg6428ubI1w72i,spotify:artist:6q5M5a5hW48QjbDc0xuTtU,3
5989,spotify:artist:5JqX1glXPg6428ubI1w72i,spotify:artist:1LuioPiK04ilmDT5vu6LA3,3
5990,spotify:artist:5JqX1glXPg6428ubI1w72i,spotify:artist:2ZCG1aukcb5fjBDgizvDbD,3
5991,spotify:artist:5JqX1glXPg6428ubI1w72i,spotify:artist:4vS7q827Cq5pDYCXqVjpsD,3
5992,spotify:artist:5JqX1glXPg6428ubI1w72i,spotify:artist:7mD8SI2zwq42L1PhDme5eE,3
5993,spotify:artist:5JqX1glXPg6428ubI1w72i,spotify:artist:5PpBa5lqZ9ppWbtqoo6ZNM,3
5994,spotify:artist:5JqX1glXPg6428ubI1w72i,spotify:artist:1K6L6Hw4HibspToNP1FeBC,3
5995,spotify:artist:5JqX1glXPg6428ubI1w72i,spotify:artist:72o2T9aqYR2PFNYpzYrMmw,3
5996,spotify:artist:5JqX1glXPg6428ubI1w72i,spotify:artist:5ybsLFsFrRFXgdklfMryWD,3
5997,spotify:artist:5JqX1glXPg6428ubI1w72i,spotify:artist:0V43fejDDw4vNaPJt2y8g1,3
5998,spotify:artist:5JqX1glXPg6428ubI1w72i,spotify:artist:1jYc7PCW9UmZkY4v2YTEbF,3
5999,spotify:artist:5JqX1glXPg6428ubI1w72i,spotify:artist:62ktiepxQmazQCJE0eAfCY,3
6000,spotify:artist:3X0tJzVYoWlfjLYI0Ridsw,spotify:artist:4sD9znwiVFx9cgRPZ42aQ1,3
6001,spotify:artist:3X0tJzVYoWlfjLYI0Ridsw,spotify:artist:73JEBdDEFeVaOLg3y0HhBD,3
6002,spotify:artist:3X0tJzVYoWlfjLYI0Ridsw,spotify:artist:0MBIKH9DjtBkv8O3nS6szj,3
6003,spotify:artist:3X0tJzVYoWlfjLYI0Ridsw,spotify:artist:4awU3JRQXIYoxabdwO92AU,3
6004,spotify:artist:3X0tJzVYoWlfjLYI0Ridsw,spotify:artist:3UpIbyXfGzmHG6TMH4dJEk,3
6005,spotify:artist:3X0tJzVYoWlfjLYI0Ridsw,spotify:artist:6cLEWhEKQl6nAvgr60M7zC,3
6006,spotify:artist:3X0tJzVYoWlfjLYI0Ridsw,spotify:artist:2gTl60Ao3u7bljVnAqxPh8,3
6007,spotify:artist:3X0tJzVYoWlfjLYI0Ridsw,spotify:artist:1KsASRNugxU85T0u6zSg32,3
6008,spotify:artist:3X0tJzVYoWlfjLYI0Ridsw,spotify:artist:76oeXwztPqAxVg9oqozK3z,3
6009,spotify:artist:3X0tJzVYoWlfjLYI0Ridsw,spotify:artist:0K7VN4aHxHcEb7PqkfoIVA,3
6010,spotify:artist:3X0tJzVYoWlfjLYI0Ridsw,spotify:artist:1bdAJUX6JPsnYHbTl5jbk6,3
6011,spotify:artist:3X0tJzVYoWlfjLYI0Ridsw,spotify:artist:0dYkMe3wK29DulSa0uR8Rq,3
6012,spotify:artist:3X0tJzVYoWlfjLYI0Ridsw,spotify:artist:1aSxMhuvixZ8h9dK9jIDwL,3
6013,spotify:artist:3X0tJzVYoWlfjLYI0Ridsw,spotify:artist:6W1BHDF0T4a4KYcSwzD586,3
6014,spotify:artist:3X0tJzVYoWlfjLYI0Ridsw,spotify:artist:0djV4iaxhNfYWpH60ia85o,3
6015,spotify:artist:3X0tJzVYoWlfjLYI0Ridsw,spotify:artist:5MspMQqdVbdwP6ax3GXqum,3
6016,spotify:artist:3X0tJzVYoWlfjLYI0Ridsw,spotify:artist:7mlge4peaoNgzTsY6M32RB,3
6017,spotify:artist:3X0tJzVYoWlfjLYI0Ridsw,spotify:artist:5hW4L92KnC6dX9t7tYM4Ve,3
6018,spotify:artist:3X0tJzVYoWlfjLYI0Ridsw,spotify:artist:4wM29TDTr3HI0qFY3KoSFG,3
6019,spotify:artist:3X0tJzVYoWlfjLYI0Ridsw,spotify:artist:6UlNIFEuWlBqb4TvlVCekq,3
6020,spotify:artist:3g2kUQ6tHLLbmkV7T4GPtL,spotify:artist:1KsASRNugxU85T0u6zSg32,3
6021,spotify:artist:3g2kUQ6tHLLbmkV7T4GPtL,spotify:artist:3UpIbyXfGzmHG6TMH4dJEk,3
6022,spotify:artist:3g2kUQ6tHLLbmkV7T4GPtL,spotify:artist:2LXeJdQVcFkhkWydphLI74,3
6023,spotify:artist:3g2kUQ6tHLLbmkV7T4GPtL,spotify:artist:0AiTwNtYX8m4uhfU7rJ8RD,3
6024,spotify:artist:3g2kUQ6tHLLbmkV7T4GPtL,spotify:artist:3z6Gk257P9jNcZbBXJNX5i,3
6025,spotify:artist:3g2kUQ6tHLLbmkV7T4GPtL,spotify:artist:7bcbShaqKdcyjnmv4Ix8j6,3
6026,spotify:artist:3g2kUQ6tHLLbmkV7T4GPtL,spotify:artist:2cevwbv7ISD92VMNLYLHZA,3
6027,spotify:artist:3g2kUQ6tHLLbmkV7T4GPtL,spotify:artist:2Kl8iFAUJmtmyP1Sab1paD,3
6028,spotify:artist:3g2kUQ6tHLLbmkV7T4GPtL,spotify:artist:12VaqyEhgwDRuFfEqbnrpz,3
6029,spotify:artist:3g2kUQ6tHLLbmkV7T4GPtL,spotify:artist:6G7OerKc3eBO9sVkRNopFC,3
6030,spotify:artist:3g2kUQ6tHLLbmkV7T4GPtL,spotify:artist:6CWTBjOJK75cTE8Xv8u1kj,3
6031,spotify:artist:3g2kUQ6tHLLbmkV7T4GPtL,spotify:artist:4Cedjq5BQL3MhapRvDpFED,3
6032,spotify:artist:3g2kUQ6tHLLbmkV7T4GPtL,spotify:artist:6l77PmL5iuEEcYjGl8K6s7,3
6033,spotify:artist:3g2kUQ6tHLLbmkV7T4GPtL,spotify:artist:4wLIbcoqmqI4WZHDiBxeCB,3
6034,spotify:artist:3g2kUQ6tHLLbmkV7T4GPtL,spotify:artist:7w29UYBi0qsHi5RTcv3lmA,3
6035,spotify:artist:3g2kUQ6tHLLbmkV7T4GPtL,spotify:artist:2wJ4vsxWd7df7dRU4KcoDe,3
6036,spotify:artist:3g2kUQ6tHLLbmkV7T4GPtL,spotify:artist:2ueoLVCXQ948OfhVvAy3Nn,3
6037,spotify:artist:3g2kUQ6tHLLbmkV7T4GPtL,spotify:artist:6mKqFxGMS5TGDZI3XkT5Rt,3
6038,spotify:artist:3g2kUQ6tHLLbmkV7T4GPtL,spotify:artist:5cMVRrisBpDkXCVG48epED,3
6039,spotify:artist:3g2kUQ6tHLLbmkV7T4GPtL,spotify:artist:5SHQUMAmEK5KmuSb0aDvsn,3
6040,spotify:artist:76oeXwztPqAxVg9oqozK3z,spotify:artist:73JEBdDEFeVaOLg3y0HhBD,3
6041,spotify:artist:76oeXwztPqAxVg9oqozK3z,spotify:artist:3X0tJzVYoWlfjLYI0Ridsw,3
6042,spotify:artist:76oeXwztPqAxVg9oqozK3z,spotify:artist:1KsASRNugxU85T0u6zSg32,3
6043,spotify:artist:76oeXwztPqAxVg9oqozK3z,spotify:artist:4sD9znwiVFx9cgRPZ42aQ1,3
6044,spotify:artist:76oeXwztPqAxVg9oqozK3z,spotify:artist:6cLEWhEKQl6nAvgr60M7zC,3
6045,spotify:artist:76oeXwztPqAxVg9oqozK3z,spotify:artist:08DLZqQd6XDAVteF9nSEJ1,3
6046,spotify:artist:76oeXwztPqAxVg9oqozK3z,spotify:artist:3gdIwZY6Q3RXhDteYr4ZvC,3
6047,spotify:artist:76oeXwztPqAxVg9oqozK3z,spotify:artist:3UpIbyXfGzmHG6TMH4dJEk,3
6048,spotify:artist:76oeXwztPqAxVg9oqozK3z,spotify:artist:4NgNsOXSwIzXlUIJcpnNUp,3
6049,spotify:artist:76oeXwztPqAxVg9oqozK3z,spotify:artist:1TMMyiSsNzmRiZCAkVLVb2,3
6050,spotify:artist:76oeXwztPqAxVg9oqozK3z,spotify:artist:30TrHDLNCKQVTYWOn9QqOC,3
6051,spotify:artist:76oeXwztPqAxVg9oqozK3z,spotify:artist:0djV4iaxhNfYWpH60ia85o,3
6052,spotify:artist:76oeXwztPqAxVg9oqozK3z,spotify:artist:2gTl60Ao3u7bljVnAqxPh8,3
6053,spotify:artist:76oeXwztPqAxVg9oqozK3z,spotify:artist:1x1NsoNPyVy6FlgSLSovSk,3
6054,spotify:artist:76oeXwztPqAxVg9oqozK3z,spotify:artist:01Ppu7N8uYJI8SAONo2YZA,3
6055,spotify:artist:76oeXwztPqAxVg9oqozK3z,spotify:artist:0MBIKH9DjtBkv8O3nS6szj,3
6056,spotify:artist:76oeXwztPqAxVg9oqozK3z,spotify:artist:6AHLjrNUzvqs8jg5JntmeL,3
6057,spotify:artist:76oeXwztPqAxVg9oqozK3z,spotify:artist:6FbDoZnMBTdhhhLuJBOOqP,3
6058,spotify:artist:76oeXwztPqAxVg9oqozK3z,spotify:artist:0K7VN4aHxHcEb7PqkfoIVA,3
6059,spotify:artist:76oeXwztPqAxVg9oqozK3z,spotify:artist:1lO13Grp3I1AsIbcACRWvv,3
6060,spotify:artist:4sD9znwiVFx9cgRPZ42aQ1,spotify:artist:3X0tJzVYoWlfjLYI0Ridsw,3
6061,spotify:artist:4sD9znwiVFx9cgRPZ42aQ1,spotify:artist:1KsASRNugxU85T0u6zSg32,3
6062,spotify:artist:4sD9znwiVFx9cgRPZ42aQ1,spotify:artist:1aSxMhuvixZ8h9dK9jIDwL,3
6063,spotify:artist:4sD9znwiVFx9cgRPZ42aQ1,spotify:artist:76oeXwztPqAxVg9oqozK3z,3
6064,spotify:artist:4sD9znwiVFx9cgRPZ42aQ1,spotify:artist:73JEBdDEFeVaOLg3y0HhBD,3
6065,spotify:artist:4sD9znwiVFx9cgRPZ42aQ1,spotify:artist:5MspMQqdVbdwP6ax3GXqum,3
6066,spotify:artist:4sD9znwiVFx9cgRPZ42aQ1,spotify:artist:0MBIKH9DjtBkv8O3nS6szj,3
6067,spotify:artist:4sD9znwiVFx9cgRPZ42aQ1,spotify:artist:2gTl60Ao3u7bljVnAqxPh8,3
6068,spotify:artist:4sD9znwiVFx9cgRPZ42aQ1,spotify:artist:4NgNsOXSwIzXlUIJcpnNUp,3
6069,spotify:artist:4sD9znwiVFx9cgRPZ42aQ1,spotify:artist:4awU3JRQXIYoxabdwO92AU,3
6070,spotify:artist:4sD9znwiVFx9cgRPZ42aQ1,spotify:artist:6cLEWhEKQl6nAvgr60M7zC,3
6071,spotify:artist:4sD9znwiVFx9cgRPZ42aQ1,spotify:artist:7mlge4peaoNgzTsY6M32RB,3
6072,spotify:artist:4sD9znwiVFx9cgRPZ42aQ1,spotify:artist:6W1BHDF0T4a4KYcSwzD586,3
6073,spotify:artist:4sD9znwiVFx9cgRPZ42aQ1,spotify:artist:3UpIbyXfGzmHG6TMH4dJEk,3
6074,spotify:artist:4sD9znwiVFx9cgRPZ42aQ1,spotify:artist:08DLZqQd6XDAVteF9nSEJ1,3
6075,spotify:artist:4sD9znwiVFx9cgRPZ42aQ1,spotify:artist:1G0Xwj8mza6b03iYkVdzDP,3
6076,spotify:artist:4sD9znwiVFx9cgRPZ42aQ1,spotify:artist:2LXeJdQVcFkhkWydphLI74,3
6077,spotify:artist:4sD9znwiVFx9cgRPZ42aQ1,spotify:artist:1bdAJUX6JPsnYHbTl5jbk6,3
6078,spotify:artist:4sD9znwiVFx9cgRPZ42aQ1,spotify:artist:0AiTwNtYX8m4uhfU7rJ8RD,3
6079,spotify:artist:4sD9znwiVFx9cgRPZ42aQ1,spotify:artist:12VaqyEhgwDRuFfEqbnrpz,3
6080,spotify:artist:3UpIbyXfGzmHG6TMH4dJEk,spotify:artist:6cLEWhEKQl6nAvgr60M7zC,3
6081,spotify:artist:3UpIbyXfGzmHG6TMH4dJEk,spotify:artist:73JEBdDEFeVaOLg3y0HhBD,3
6082,spotify:artist:3UpIbyXfGzmHG6TMH4dJEk,spotify:artist:2LXeJdQVcFkhkWydphLI74,3
6083,spotify:artist:3UpIbyXfGzmHG6TMH4dJEk,spotify:artist:3X0tJzVYoWlfjLYI0Ridsw,3
6084,spotify:artist:3UpIbyXfGzmHG6TMH4dJEk,spotify:artist:1KsASRNugxU85T0u6zSg32,3
6085,spotify:artist:3UpIbyXfGzmHG6TMH4dJEk,spotify:artist:3g2kUQ6tHLLbmkV7T4GPtL,3
6086,spotify:artist:3UpIbyXfGzmHG6TMH4dJEk,spotify:artist:0MBIKH9DjtBkv8O3nS6szj,3
6087,spotify:artist:3UpIbyXfGzmHG6TMH4dJEk,spotify:artist:0AiTwNtYX8m4uhfU7rJ8RD,3
6088,spotify:artist:3UpIbyXfGzmHG6TMH4dJEk,spotify:artist:0K7VN4aHxHcEb7PqkfoIVA,3
6089,spotify:artist:3UpIbyXfGzmHG6TMH4dJEk,spotify:artist:3CYSRCHfilgR8DSbkCMp5j,3
6090,spotify:artist:3UpIbyXfGzmHG6TMH4dJEk,spotify:artist:4L1danWWAgSc0b7nBgY9CB,3
6091,spotify:artist:3UpIbyXfGzmHG6TMH4dJEk,spotify:artist:4Cedjq5BQL3MhapRvDpFED,3
6092,spotify:artist:3UpIbyXfGzmHG6TMH4dJEk,spotify:artist:1L0y9srZMyh9XUnYGv37IP,3
6093,spotify:artist:3UpIbyXfGzmHG6TMH4dJEk,spotify:artist:2PfBzriIMRsCXPDtSy9vg8,3
6094,spotify:artist:3UpIbyXfGzmHG6TMH4dJEk,spotify:artist:7x4So74vIUx3DaLk93JCFf,3
6095,spotify:artist:3UpIbyXfGzmHG6TMH4dJEk,spotify:artist:7tNLRmiAN8hpmFrbIHiHsy,3
6096,spotify:artist:3UpIbyXfGzmHG6TMH4dJEk,spotify:artist:2idymNTKUdnTxforkb12Mw,3
6097,spotify:artist:3UpIbyXfGzmHG6TMH4dJEk,spotify:artist:0jkK3K1ATFFHofEWjd2i00,3
6098,spotify:artist:3UpIbyXfGzmHG6TMH4dJEk,spotify:artist:60ht0hWRy1yjUDfNsLuHuP,3
6099,spotify:artist:3UpIbyXfGzmHG6TMH4dJEk,spotify:artist:4wM29TDTr3HI0qFY3KoSFG,3
6100,spotify:artist:73JEBdDEFeVaOLg3y0HhBD,spotify:artist:0K7VN4aHxHcEb7PqkfoIVA,3
6101,spotify:artist:73JEBdDEFeVaOLg3y0HhBD,spotify:artist:0djV4iaxhNfYWpH60ia85o,3
6102,spotify:artist:73JEBdDEFeVaOLg3y0HhBD,spotify:artist:0MBIKH9DjtBkv8O3nS6szj,3
6103,spotify:artist:73JEBdDEFeVaOLg3y0HhBD,spotify:artist:3UpIbyXfGzmHG6TMH4dJEk,3
6104,spotify:artist:73JEBdDEFeVaOLg3y0HhBD,spotify:artist:3X0tJzVYoWlfjLYI0Ridsw,3
6105,spotify:artist:73JEBdDEFeVaOLg3y0HhBD,spotify:artist:4NgNsOXSwIzXlUIJcpnNUp,3
6106,spotify:artist:73JEBdDEFeVaOLg3y0HhBD,spotify:artist:6cLEWhEKQl6nAvgr60M7zC,3
6107,spotify:artist:73JEBdDEFeVaOLg3y0HhBD,spotify:artist:4awU3JRQXIYoxabdwO92AU,3
6108,spotify:artist:73JEBdDEFeVaOLg3y0HhBD,spotify:artist:76oeXwztPqAxVg9oqozK3z,3
6109,spotify:artist:73JEBdDEFeVaOLg3y0HhBD,spotify:artist:08DLZqQd6XDAVteF9nSEJ1,3
6110,spotify:artist:73JEBdDEFeVaOLg3y0HhBD,spotify:artist:4wM29TDTr3HI0qFY3KoSFG,3
6111,spotify:artist:73JEBdDEFeVaOLg3y0HhBD,spotify:artist:6W1BHDF0T4a4KYcSwzD586,3
6112,spotify:artist:73JEBdDEFeVaOLg3y0HhBD,spotify:artist:4sD9znwiVFx9cgRPZ42aQ1,3
6113,spotify:artist:73JEBdDEFeVaOLg3y0HhBD,spotify:artist:01Ppu7N8uYJI8SAONo2YZA,3
6114,spotify:artist:73JEBdDEFeVaOLg3y0HhBD,spotify:artist:3CYSRCHfilgR8DSbkCMp5j,3
6115,spotify:artist:73JEBdDEFeVaOLg3y0HhBD,spotify:artist:0AiTwNtYX8m4uhfU7rJ8RD,3
6116,spotify:artist:73JEBdDEFeVaOLg3y0HhBD,spotify:artist:1KsASRNugxU85T0u6zSg32,3
6117,spotify:artist:73JEBdDEFeVaOLg3y0HhBD,spotify:artist:1TMMyiSsNzmRiZCAkVLVb2,3
6118,spotify:artist:73JEBdDEFeVaOLg3y0HhBD,spotify:artist:7tNLRmiAN8hpmFrbIHiHsy,3
6119,spotify:artist:73JEBdDEFeVaOLg3y0HhBD,spotify:artist:6FbDoZnMBTdhhhLuJBOOqP,3
6120,spotify:artist:1aSxMhuvixZ8h9dK9jIDwL,spotify:artist:1KsASRNugxU85T0u6zSg32,3
6121,spotify:artist:1aSxMhuvixZ8h9dK9jIDwL,spotify:artist:4sD9znwiVFx9cgRPZ42aQ1,3
6122,spotify:artist:1aSxMhuvixZ8h9dK9jIDwL,spotify:artist:3X0tJzVYoWlfjLYI0Ridsw,3
6123,spotify:artist:1aSxMhuvixZ8h9dK9jIDwL,spotify:artist:12VaqyEhgwDRuFfEqbnrpz,3
6124,spotify:artist:1aSxMhuvixZ8h9dK9jIDwL,spotify:artist:6l77PmL5iuEEcYjGl8K6s7,3
6125,spotify:artist:1aSxMhuvixZ8h9dK9jIDwL,spotify:artist:2f9ZiYA2ic1r1voObUimdd,3
6126,spotify:artist:1aSxMhuvixZ8h9dK9jIDwL,spotify:artist:3fhOTtm0LBJ3Ojn4hIljLo,3
6127,spotify:artist:1aSxMhuvixZ8h9dK9jIDwL,spotify:artist:1G0Xwj8mza6b03iYkVdzDP,3
6128,spotify:artist:1aSxMhuvixZ8h9dK9jIDwL,spotify:artist:7Fo8TAyGJr4VmhE68QamMf,3
6129,spotify:artist:1aSxMhuvixZ8h9dK9jIDwL,spotify:artist:7w29UYBi0qsHi5RTcv3lmA,3
6130,spotify:artist:1aSxMhuvixZ8h9dK9jIDwL,spotify:artist:0vYkHhJ48Bs3jWcvZXvOrP,3
6131,spotify:artist:1aSxMhuvixZ8h9dK9jIDwL,spotify:artist:4w3QqrcmBv8dasemwBXmxf,3
6132,spotify:artist:1aSxMhuvixZ8h9dK9jIDwL,spotify:artist:5OK8j1JnhoBlivN32G7yOO,3
6133,spotify:artist:1aSxMhuvixZ8h9dK9jIDwL,spotify:artist:7vPXrGlSGukcwpaPxUfKKR,3
6134,spotify:artist:1aSxMhuvixZ8h9dK9jIDwL,spotify:artist:0IwlY33zbBXN7zlS9DP2Cj,3
6135,spotify:artist:1aSxMhuvixZ8h9dK9jIDwL,spotify:artist:5Wabl1lPdNOeIn0SQ5A1mp,3
6136,spotify:artist:1aSxMhuvixZ8h9dK9jIDwL,spotify:artist:7mlge4peaoNgzTsY6M32RB,3
6137,spotify:artist:1aSxMhuvixZ8h9dK9jIDwL,spotify:artist:5BKsn7SCN2XmbF7apdCpRS,3
6138,spotify:artist:1aSxMhuvixZ8h9dK9jIDwL,spotify:artist:1n65zfwYIj5kKEtNgxUlWb,3
6139,spotify:artist:1aSxMhuvixZ8h9dK9jIDwL,spotify:artist:1GWV70Reko15eV2nHCm0bM,3
6140,spotify:artist:6cLEWhEKQl6nAvgr60M7zC,spotify:artist:3UpIbyXfGzmHG6TMH4dJEk,3
6141,spotify:artist:6cLEWhEKQl6nAvgr60M7zC,spotify:artist:73JEBdDEFeVaOLg3y0HhBD,3
6142,spotify:artist:6cLEWhEKQl6nAvgr60M7zC,spotify:artist:67pQ8Yr09zDDzzwWw3EG9R,3
6143,spotify:artist:6cLEWhEKQl6nAvgr60M7zC,spotify:artist:3X0tJzVYoWlfjLYI0Ridsw,3
6144,spotify:artist:6cLEWhEKQl6nAvgr60M7zC,spotify:artist:0jkK3K1ATFFHofEWjd2i00,3
6145,spotify:artist:6cLEWhEKQl6nAvgr60M7zC,spotify:artist:1KsASRNugxU85T0u6zSg32,3
6146,spotify:artist:6cLEWhEKQl6nAvgr60M7zC,spotify:artist:7xFnmid57ZE6iWEXdEXO3b,3
6147,spotify:artist:6cLEWhEKQl6nAvgr60M7zC,spotify:artist:76oeXwztPqAxVg9oqozK3z,3
6148,spotify:artist:6cLEWhEKQl6nAvgr60M7zC,spotify:artist:6PBv8t9YTLggA9ZMwpeoqj,3
6149,spotify:artist:6cLEWhEKQl6nAvgr60M7zC,spotify:artist:0AiTwNtYX8m4uhfU7rJ8RD,3
6150,spotify:artist:6cLEWhEKQl6nAvgr60M7zC,spotify:artist:3CYSRCHfilgR8DSbkCMp5j,3
6151,spotify:artist:6cLEWhEKQl6nAvgr60M7zC,spotify:artist:0MBIKH9DjtBkv8O3nS6szj,3
6152,spotify:artist:6cLEWhEKQl6nAvgr60M7zC,spotify:artist:13ccXrK7AmXb4TddMkE7jy,3
6153,spotify:artist:6cLEWhEKQl6nAvgr60M7zC,spotify:artist:4Cedjq5BQL3MhapRvDpFED,3
6154,spotify:artist:6cLEWhEKQl6nAvgr60M7zC,spotify:artist:4nlqDmbzFzbNITaqjJv7D7,3
6155,spotify:artist:6cLEWhEKQl6nAvgr60M7zC,spotify:artist:0K7VN4aHxHcEb7PqkfoIVA,3
6156,spotify:artist:6cLEWhEKQl6nAvgr60M7zC,spotify:artist:7x4So74vIUx3DaLk93JCFf,3
6157,spotify:artist:6cLEWhEKQl6nAvgr60M7zC,spotify:artist:6ZWUhhSv3IahZyW5keNSxK,3
6158,spotify:artist:6cLEWhEKQl6nAvgr60M7zC,spotify:artist:4sD9znwiVFx9cgRPZ42aQ1,3
6159,spotify:artist:6cLEWhEKQl6nAvgr60M7zC,spotify:artist:1N2FgBLehaq77UEdJhCt7f,3
6160,spotify:artist:4NgNsOXSwIzXlUIJcpnNUp,spotify:artist:73JEBdDEFeVaOLg3y0HhBD,3
6161,spotify:artist:4NgNsOXSwIzXlUIJcpnNUp,spotify:artist:08DLZqQd6XDAVteF9nSEJ1,3
6162,spotify:artist:4NgNsOXSwIzXlUIJcpnNUp,spotify:artist:1x1NsoNPyVy6FlgSLSovSk,3
6163,spotify:artist:4NgNsOXSwIzXlUIJcpnNUp,spotify:artist:1aftUCES5zD5xXI7O9ZF9F,3
6164,spotify:artist:4NgNsOXSwIzXlUIJcpnNUp,spotify:artist:6FbDoZnMBTdhhhLuJBOOqP,3
6165,spotify:artist:4NgNsOXSwIzXlUIJcpnNUp,spotify:artist:1KsASRNugxU85T0u6zSg32,3
6166,spotify:artist:4NgNsOXSwIzXlUIJcpnNUp,spotify:artist:1TMMyiSsNzmRiZCAkVLVb2,3
6167,spotify:artist:4NgNsOXSwIzXlUIJcpnNUp,spotify:artist:01Ppu7N8uYJI8SAONo2YZA,3
6168,spotify:artist:4NgNsOXSwIzXlUIJcpnNUp,spotify:artist:0K7VN4aHxHcEb7PqkfoIVA,3
6169,spotify:artist:4NgNsOXSwIzXlUIJcpnNUp,spotify:artist:4sD9znwiVFx9cgRPZ42aQ1,3
6170,spotify:artist:4NgNsOXSwIzXlUIJcpnNUp,spotify:artist:0MBIKH9DjtBkv8O3nS6szj,3
6171,spotify:artist:4NgNsOXSwIzXlUIJcpnNUp,spotify:artist:4TKTii6gnOnUXQHyuo9JaD,3
6172,spotify:artist:4NgNsOXSwIzXlUIJcpnNUp,spotify:artist:4wM29TDTr3HI0qFY3KoSFG,3
6173,spotify:artist:4NgNsOXSwIzXlUIJcpnNUp,spotify:artist:6W1BHDF0T4a4KYcSwzD586,3
6174,spotify:artist:4NgNsOXSwIzXlUIJcpnNUp,spotify:artist:2ON3fLFbL1rHfHEjeYNKsO,3
6175,spotify:artist:4NgNsOXSwIzXlUIJcpnNUp,spotify:artist:6fNmOWQzfOVyHLQ2UqUQew,3
6176,spotify:artist:4NgNsOXSwIzXlUIJcpnNUp,spotify:artist:0AiTwNtYX8m4uhfU7rJ8RD,3
6177,spotify:artist:4NgNsOXSwIzXlUIJcpnNUp,spotify:artist:3UpIbyXfGzmHG6TMH4dJEk,3
6178,spotify:artist:4NgNsOXSwIzXlUIJcpnNUp,spotify:artist:76oeXwztPqAxVg9oqozK3z,3
6179,spotify:artist:4NgNsOXSwIzXlUIJcpnNUp,spotify:artist:5MspMQqdVbdwP6ax3GXqum,3
6180,spotify:artist:0AiTwNtYX8m4uhfU7rJ8RD,spotify:artist:73JEBdDEFeVaOLg3y0HhBD,3
6181,spotify:artist:0AiTwNtYX8m4uhfU7rJ8RD,spotify:artist:6t9IqIePOaGmN4dsL5qQgS,3
6182,spotify:artist:0AiTwNtYX8m4uhfU7rJ8RD,spotify:artist:3UpIbyXfGzmHG6TMH4dJEk,3
6183,spotify:artist:0AiTwNtYX8m4uhfU7rJ8RD,spotify:artist:6cLEWhEKQl6nAvgr60M7zC,3
6184,spotify:artist:0AiTwNtYX8m4uhfU7rJ8RD,spotify:artist:4wM29TDTr3HI0qFY3KoSFG,3
6185,spotify:artist:0AiTwNtYX8m4uhfU7rJ8RD,spotify:artist:1KsASRNugxU85T0u6zSg32,3
6186,spotify:artist:0AiTwNtYX8m4uhfU7rJ8RD,spotify:artist:2LXeJdQVcFkhkWydphLI74,3
6187,spotify:artist:0AiTwNtYX8m4uhfU7rJ8RD,spotify:artist:4Aarr7f0itQ2WFmmiPcriK,3
6188,spotify:artist:0AiTwNtYX8m4uhfU7rJ8RD,spotify:artist:0TcLzrilnmNFyaTgLULSg3,3
6189,spotify:artist:0AiTwNtYX8m4uhfU7rJ8RD,spotify:artist:3g2kUQ6tHLLbmkV7T4GPtL,3
6190,spotify:artist:0AiTwNtYX8m4uhfU7rJ8RD,spotify:artist:7tNLRmiAN8hpmFrbIHiHsy,3
6191,spotify:artist:0AiTwNtYX8m4uhfU7rJ8RD,spotify:artist:08DLZqQd6XDAVteF9nSEJ1,3
6192,spotify:artist:0AiTwNtYX8m4uhfU7rJ8RD,spotify:artist:0K7VN4aHxHcEb7PqkfoIVA,3
6193,spotify:artist:0AiTwNtYX8m4uhfU7rJ8RD,spotify:artist:2Kl8iFAUJmtmyP1Sab1paD,3
6194,spotify:artist:0AiTwNtYX8m4uhfU7rJ8RD,spotify:artist:4sD9znwiVFx9cgRPZ42aQ1,3
6195,spotify:artist:0AiTwNtYX8m4uhfU7rJ8RD,spotify:artist:2sG4zTOLvjKG1PSoOyf5Ej,3
6196,spotify:artist:0AiTwNtYX8m4uhfU7rJ8RD,spotify:artist:0MBIKH9DjtBkv8O3nS6szj,3
6197,spotify:artist:0AiTwNtYX8m4uhfU7rJ8RD,spotify:artist:5e1BZulIiYWPRm8yogwUYH,3
6198,spotify:artist:0AiTwNtYX8m4uhfU7rJ8RD,spotify:artist:4NgNsOXSwIzXlUIJcpnNUp,3
6199,spotify:artist:0AiTwNtYX8m4uhfU7rJ8RD,spotify:artist:1TMMyiSsNzmRiZCAkVLVb2,3
6200,spotify:artist:08DLZqQd6XDAVteF9nSEJ1,spotify:artist:1TMMyiSsNzmRiZCAkVLVb2,3
6201,spotify:artist:08DLZqQd6XDAVteF9nSEJ1,spotify:artist:3gdIwZY6Q3RXhDteYr4ZvC,3
6202,spotify:artist:08DLZqQd6XDAVteF9nSEJ1,spotify:artist:1x1NsoNPyVy6FlgSLSovSk,3
6203,spotify:artist:08DLZqQd6XDAVteF9nSEJ1,spotify:artist:73JEBdDEFeVaOLg3y0HhBD,3
6204,spotify:artist:08DLZqQd6XDAVteF9nSEJ1,spotify:artist:4NgNsOXSwIzXlUIJcpnNUp,3
6205,spotify:artist:08DLZqQd6XDAVteF9nSEJ1,spotify:artist:0djV4iaxhNfYWpH60ia85o,3
6206,spotify:artist:08DLZqQd6XDAVteF9nSEJ1,spotify:artist:4a7CDXcRCXi4kp5z7SEXtg,3
6207,spotify:artist:08DLZqQd6XDAVteF9nSEJ1,spotify:artist:01Ppu7N8uYJI8SAONo2YZA,3
6208,spotify:artist:08DLZqQd6XDAVteF9nSEJ1,spotify:artist:76oeXwztPqAxVg9oqozK3z,3
6209,spotify:artist:08DLZqQd6XDAVteF9nSEJ1,spotify:artist:2CQdVOUWYfEbxhWTgQdUwm,3
6210,spotify:artist:08DLZqQd6XDAVteF9nSEJ1,spotify:artist:6FbDoZnMBTdhhhLuJBOOqP,3
6211,spotify:artist:08DLZqQd6XDAVteF9nSEJ1,spotify:artist:0K7VN4aHxHcEb7PqkfoIVA,3
6212,spotify:artist:08DLZqQd6XDAVteF9nSEJ1,spotify:artist:1aftUCES5zD5xXI7O9ZF9F,3
6213,spotify:artist:08DLZqQd6XDAVteF9nSEJ1,spotify:artist:3X0tJzVYoWlfjLYI0Ridsw,3
6214,spotify:artist:08DLZqQd6XDAVteF9nSEJ1,spotify:artist:1KsASRNugxU85T0u6zSg32,3
6215,spotify:artist:08DLZqQd6XDAVteF9nSEJ1,spotify:artist:2QmLFuIDtNDmmJY3OtvinN,3
6216,spotify:artist:08DLZqQd6XDAVteF9nSEJ1,spotify:artist:4TKTii6gnOnUXQHyuo9JaD,3
6217,spotify:artist:08DLZqQd6XDAVteF9nSEJ1,spotify:artist:4sD9znwiVFx9cgRPZ42aQ1,3
6218,spotify:artist:08DLZqQd6XDAVteF9nSEJ1,spotify:artist:2ON3fLFbL1rHfHEjeYNKsO,3
6219,spotify:artist:08DLZqQd6XDAVteF9nSEJ1,spotify:artist:4wM29TDTr3HI0qFY3KoSFG,3
6220,spotify:artist:12VaqyEhgwDRuFfEqbnrpz,spotify:artist:0vYkHhJ48Bs3jWcvZXvOrP,3
6221,spotify:artist:12VaqyEhgwDRuFfEqbnrpz,spotify:artist:1UAM4fJFTeyMZbhTVUKiXk,3
6222,spotify:artist:12VaqyEhgwDRuFfEqbnrpz,spotify:artist:50sSN9E5i4DJzYDclAXlSo,3
6223,spotify:artist:12VaqyEhgwDRuFfEqbnrpz,spotify:artist:4UXJsSlnKd7ltsrHebV79Q,3
6224,spotify:artist:12VaqyEhgwDRuFfEqbnrpz,spotify:artist:0IpDaO9A1OW1h0YChKzVaX,3
6225,spotify:artist:12VaqyEhgwDRuFfEqbnrpz,spotify:artist:3dmSPhg0tdao8ePj4pySJ5,3
6226,spotify:artist:12VaqyEhgwDRuFfEqbnrpz,spotify:artist:6l77PmL5iuEEcYjGl8K6s7,3
6227,spotify:artist:12VaqyEhgwDRuFfEqbnrpz,spotify:artist:1xgFexIwrf2QjbU0buCNnp,3
6228,spotify:artist:12VaqyEhgwDRuFfEqbnrpz,spotify:artist:6G7OerKc3eBO9sVkRNopFC,3
6229,spotify:artist:12VaqyEhgwDRuFfEqbnrpz,spotify:artist:5BYuBzqmTXwUDw2rYkwExr,3
6230,spotify:artist:12VaqyEhgwDRuFfEqbnrpz,spotify:artist:3QgSmABpItIdj908ek80n5,3
6231,spotify:artist:12VaqyEhgwDRuFfEqbnrpz,spotify:artist:1G0Xwj8mza6b03iYkVdzDP,3
6232,spotify:artist:12VaqyEhgwDRuFfEqbnrpz,spotify:artist:1fpXM23IoNckJ7NDAm8YJQ,3
6233,spotify:artist:12VaqyEhgwDRuFfEqbnrpz,spotify:artist:1RM5gp0RFfjpJhCYFPB30p,3
6234,spotify:artist:12VaqyEhgwDRuFfEqbnrpz,spotify:artist:3AmgGrYHXqgbmZ2yKoIVzO,3
6235,spotify:artist:12VaqyEhgwDRuFfEqbnrpz,spotify:artist:4wLIbcoqmqI4WZHDiBxeCB,3
6236,spotify:artist:12VaqyEhgwDRuFfEqbnrpz,spotify:artist:2rBcvLKWCZs9w1qIWv560v,3
6237,spotify:artist:12VaqyEhgwDRuFfEqbnrpz,spotify:artist:1KsASRNugxU85T0u6zSg32,3
6238,spotify:artist:12VaqyEhgwDRuFfEqbnrpz,spotify:artist:6liAMWkVf5LH7YR9yfFy1Y,3
6239,spotify:artist:12VaqyEhgwDRuFfEqbnrpz,spotify:artist:77oD8X9qLXZhpbCjv53l5n,3
6240,spotify:artist:2Kl8iFAUJmtmyP1Sab1paD,spotify:artist:6RaSfqo4f0b42iNouQeAKK,3
6241,spotify:artist:2Kl8iFAUJmtmyP1Sab1paD,spotify:artist:2LXeJdQVcFkhkWydphLI74,3
6242,spotify:artist:2Kl8iFAUJmtmyP1Sab1paD,spotify:artist:2QwJQuBekTA4qF7N7uLHDP,3
6243,spotify:artist:2Kl8iFAUJmtmyP1Sab1paD,spotify:artist:1KsASRNugxU85T0u6zSg32,3
6244,spotify:artist:2Kl8iFAUJmtmyP1Sab1paD,spotify:artist:1EcRE2Nnqg2spdn2otakhg,3
6245,spotify:artist:2Kl8iFAUJmtmyP1Sab1paD,spotify:artist:7E41j1yL9ZeTWfqe9bUGgw,3
6246,spotify:artist:2Kl8iFAUJmtmyP1Sab1paD,spotify:artist:4a7CDXcRCXi4kp5z7SEXtg,3
6247,spotify:artist:2Kl8iFAUJmtmyP1Sab1paD,spotify:artist:3g2kUQ6tHLLbmkV7T4GPtL,3
6248,spotify:artist:2Kl8iFAUJmtmyP1Sab1paD,spotify:artist:0AiTwNtYX8m4uhfU7rJ8RD,3
6249,spotify:artist:2Kl8iFAUJmtmyP1Sab1paD,spotify:artist:6S0GHTqz5sxK5f9HtLXn9q,3
6250,spotify:artist:2Kl8iFAUJmtmyP1Sab1paD,spotify:artist:02odAcSXGSPTSO4P44Ztuw,3
6251,spotify:artist:2Kl8iFAUJmtmyP1Sab1paD,spotify:artist:4DeF1n7pWrs52PhWd2sEyr,3
6252,spotify:artist:2Kl8iFAUJmtmyP1Sab1paD,spotify:artist:2ICSjfBpos9PxMhGhX25N2,3
6253,spotify:artist:2Kl8iFAUJmtmyP1Sab1paD,spotify:artist:3UpIbyXfGzmHG6TMH4dJEk,3
6254,spotify:artist:2Kl8iFAUJmtmyP1Sab1paD,spotify:artist:08DLZqQd6XDAVteF9nSEJ1,3
6255,spotify:artist:2Kl8iFAUJmtmyP1Sab1paD,spotify:artist:1TMMyiSsNzmRiZCAkVLVb2,3
6256,spotify:artist:2Kl8iFAUJmtmyP1Sab1paD,spotify:artist:5SHQUMAmEK5KmuSb0aDvsn,3
6257,spotify:artist:2Kl8iFAUJmtmyP1Sab1paD,spotify:artist:4v4xuH9VypORYabMnhPLt1,3
6258,spotify:artist:2Kl8iFAUJmtmyP1Sab1paD,spotify:artist:73JEBdDEFeVaOLg3y0HhBD,3
6259,spotify:artist:2Kl8iFAUJmtmyP1Sab1paD,spotify:artist:5JqX1glXPg6428ubI1w72i,3
6260,spotify:artist:2LXeJdQVcFkhkWydphLI74,spotify:artist:4L1danWWAgSc0b7nBgY9CB,3
6261,spotify:artist:2LXeJdQVcFkhkWydphLI74,spotify:artist:1EcRE2Nnqg2spdn2otakhg,3
6262,spotify:artist:2LXeJdQVcFkhkWydphLI74,spotify:artist:2QwJQuBekTA4qF7N7uLHDP,3
6263,spotify:artist:2LXeJdQVcFkhkWydphLI74,spotify:artist:0tXdvAMrxsEOVmnMJIHolv,3
6264,spotify:artist:2LXeJdQVcFkhkWydphLI74,spotify:artist:3UpIbyXfGzmHG6TMH4dJEk,3
6265,spotify:artist:2LXeJdQVcFkhkWydphLI74,spotify:artist:1xgFexIwrf2QjbU0buCNnp,3
6266,spotify:artist:2LXeJdQVcFkhkWydphLI74,spotify:artist:5xU5wRTlZHVRoo2OxPvqA4,3
6267,spotify:artist:2LXeJdQVcFkhkWydphLI74,spotify:artist:4wLIbcoqmqI4WZHDiBxeCB,3
6268,spotify:artist:2LXeJdQVcFkhkWydphLI74,spotify:artist:0AiTwNtYX8m4uhfU7rJ8RD,3
6269,spotify:artist:2LXeJdQVcFkhkWydphLI74,spotify:artist:2Kl8iFAUJmtmyP1Sab1paD,3
6270,spotify:artist:2LXeJdQVcFkhkWydphLI74,spotify:artist:7E41j1yL9ZeTWfqe9bUGgw,3
6271,spotify:artist:2LXeJdQVcFkhkWydphLI74,spotify:artist:6w7fc6IZlo5zwBaKT5jU1X,3
6272,spotify:artist:2LXeJdQVcFkhkWydphLI74,spotify:artist:3h1HOgVmvPlhqjz8o3LglL,3
6273,spotify:artist:2LXeJdQVcFkhkWydphLI74,spotify:artist:3g2kUQ6tHLLbmkV7T4GPtL,3
6274,spotify:artist:2LXeJdQVcFkhkWydphLI74,spotify:artist:5SHQUMAmEK5KmuSb0aDvsn,3
6275,spotify:artist:2LXeJdQVcFkhkWydphLI74,spotify:artist:2idymNTKUdnTxforkb12Mw,3
6276,spotify:artist:2LXeJdQVcFkhkWydphLI74,spotify:artist:4DD6xBZ1INIT3yGJRQLzej,3
6277,spotify:artist:2LXeJdQVcFkhkWydphLI74,spotify:artist:1KsASRNugxU85T0u6zSg32,3
6278,spotify:artist:2LXeJdQVcFkhkWydphLI74,spotify:artist:7lmde7T1WJPFwv1eR6melP,3
6279,spotify:artist:2LXeJdQVcFkhkWydphLI74,spotify:artist:73ZEvY32YduH2FODwWLTlP,3
6280,spotify:artist:726Dh6A5VyDfAAQxilT6A0,spotify:artist:5JqX1glXPg6428ubI1w72i,3
6281,spotify:artist:726Dh6A5VyDfAAQxilT6A0,spotify:artist:2lbkouJ8JyhOM2Napjr4A4,3
6282,spotify:artist:726Dh6A5VyDfAAQxilT6A0,spotify:artist:6X7xyfHZD8DMHHJd4FeRsh,3
6283,spotify:artist:726Dh6A5VyDfAAQxilT6A0,spotify:artist:2gLKxTZLPJlTAoPTi6dwoJ,3
6284,spotify:artist:726Dh6A5VyDfAAQxilT6A0,spotify:artist:6q5M5a5hW48QjbDc0xuTtU,3
6285,spotify:artist:726Dh6A5VyDfAAQxilT6A0,spotify:artist:0i5XBpK4mGqUbfmKKp3bXU,3
6286,spotify:artist:726Dh6A5VyDfAAQxilT6A0,spotify:artist:4DeF1n7pWrs52PhWd2sEyr,3
6287,spotify:artist:726Dh6A5VyDfAAQxilT6A0,spotify:artist:1mAZuRxncE9DLiAghJ4ieu,3
6288,spotify:artist:726Dh6A5VyDfAAQxilT6A0,spotify:artist:5OGfJ9peWUEVI04MZBoLY8,3
6289,spotify:artist:726Dh6A5VyDfAAQxilT6A0,spotify:artist:2ZCG1aukcb5fjBDgizvDbD,3
6290,spotify:artist:726Dh6A5VyDfAAQxilT6A0,spotify:artist:3z6Gk257P9jNcZbBXJNX5i,3
6291,spotify:artist:726Dh6A5VyDfAAQxilT6A0,spotify:artist:0ulEFrMUcWduqdVKegJZJF,3
6292,spotify:artist:726Dh6A5VyDfAAQxilT6A0,spotify:artist:1K6L6Hw4HibspToNP1FeBC,3
6293,spotify:artist:726Dh6A5VyDfAAQxilT6A0,spotify:artist:5PpBa5lqZ9ppWbtqoo6ZNM,3
6294,spotify:artist:726Dh6A5VyDfAAQxilT6A0,spotify:artist:5ybsLFsFrRFXgdklfMryWD,3
6295,spotify:artist:726Dh6A5VyDfAAQxilT6A0,spotify:artist:1KsASRNugxU85T0u6zSg32,3
6296,spotify:artist:726Dh6A5VyDfAAQxilT6A0,spotify:artist:4vS7q827Cq5pDYCXqVjpsD,3
6297,spotify:artist:726Dh6A5VyDfAAQxilT6A0,spotify:artist:1mme7NxGRKLdbWrM77TWZf,3
6298,spotify:artist:726Dh6A5VyDfAAQxilT6A0,spotify:artist:5PPCkoOKabpGGhqrUwSikz,3
6299,spotify:artist:726Dh6A5VyDfAAQxilT6A0,spotify:artist:58DZPVnDKLHSAB1pEkZNwT,3
6300,spotify:artist:1TMMyiSsNzmRiZCAkVLVb2,spotify:artist:08DLZqQd6XDAVteF9nSEJ1,3
6301,spotify:artist:1TMMyiSsNzmRiZCAkVLVb2,spotify:artist:4a7CDXcRCXi4kp5z7SEXtg,3
6302,spotify:artist:1TMMyiSsNzmRiZCAkVLVb2,spotify:artist:1x1NsoNPyVy6FlgSLSovSk,3
6303,spotify:artist:1TMMyiSsNzmRiZCAkVLVb2,spotify:artist:4NgNsOXSwIzXlUIJcpnNUp,3
6304,spotify:artist:1TMMyiSsNzmRiZCAkVLVb2,spotify:artist:6FbDoZnMBTdhhhLuJBOOqP,3
6305,spotify:artist:1TMMyiSsNzmRiZCAkVLVb2,spotify:artist:3gdIwZY6Q3RXhDteYr4ZvC,3
6306,spotify:artist:1TMMyiSsNzmRiZCAkVLVb2,spotify:artist:73JEBdDEFeVaOLg3y0HhBD,3
6307,spotify:artist:1TMMyiSsNzmRiZCAkVLVb2,spotify:artist:76oeXwztPqAxVg9oqozK3z,3
6308,spotify:artist:1TMMyiSsNzmRiZCAkVLVb2,spotify:artist:0MBIKH9DjtBkv8O3nS6szj,3
6309,spotify:artist:1TMMyiSsNzmRiZCAkVLVb2,spotify:artist:2LXeJdQVcFkhkWydphLI74,3
6310,spotify:artist:1TMMyiSsNzmRiZCAkVLVb2,spotify:artist:3UpIbyXfGzmHG6TMH4dJEk,3
6311,spotify:artist:1TMMyiSsNzmRiZCAkVLVb2,spotify:artist:4TKTii6gnOnUXQHyuo9JaD,3
6312,spotify:artist:1TMMyiSsNzmRiZCAkVLVb2,spotify:artist:0dlOr0VIysztGWvU1dpjmP,3
6313,spotify:artist:1TMMyiSsNzmRiZCAkVLVb2,spotify:artist:4LoM3lMauQ540MW9QiyIcR,3
6314,spotify:artist:1TMMyiSsNzmRiZCAkVLVb2,spotify:artist:1KsASRNugxU85T0u6zSg32,3
6315,spotify:artist:1TMMyiSsNzmRiZCAkVLVb2,spotify:artist:1aftUCES5zD5xXI7O9ZF9F,3
6316,spotify:artist:1TMMyiSsNzmRiZCAkVLVb2,spotify:artist:01Ppu7N8uYJI8SAONo2YZA,3
6317,spotify:artist:1TMMyiSsNzmRiZCAkVLVb2,spotify:artist:0K7VN4aHxHcEb7PqkfoIVA,3
6318,spotify:artist:1TMMyiSsNzmRiZCAkVLVb2,spotify:artist:4wM29TDTr3HI0qFY3KoSFG,3
6319,spotify:artist:1TMMyiSsNzmRiZCAkVLVb2,spotify:artist:3X0tJzVYoWlfjLYI0Ridsw,3
6320,spotify:artist:6FbDoZnMBTdhhhLuJBOOqP,spotify:artist:1TMMyiSsNzmRiZCAkVLVb2,3
6321,spotify:artist:6FbDoZnMBTdhhhLuJBOOqP,spotify:artist:4NgNsOXSwIzXlUIJcpnNUp,3
6322,spotify:artist:6FbDoZnMBTdhhhLuJBOOqP,spotify:artist:08DLZqQd6XDAVteF9nSEJ1,3
6323,spotify:artist:6FbDoZnMBTdhhhLuJBOOqP,spotify:artist:4TKTii6gnOnUXQHyuo9JaD,3
6324,spotify:artist:6FbDoZnMBTdhhhLuJBOOqP,spotify:artist:01Ppu7N8uYJI8SAONo2YZA,3
6325,spotify:artist:6FbDoZnMBTdhhhLuJBOOqP,spotify:artist:1x1NsoNPyVy6FlgSLSovSk,3
6326,spotify:artist:6FbDoZnMBTdhhhLuJBOOqP,spotify:artist:0dlOr0VIysztGWvU1dpjmP,3
6327,spotify:artist:6FbDoZnMBTdhhhLuJBOOqP,spotify:artist:73JEBdDEFeVaOLg3y0HhBD,3
6328,spotify:artist:6FbDoZnMBTdhhhLuJBOOqP,spotify:artist:6ogn9necmbUdCppmNnGOdi,3
6329,spotify:artist:6FbDoZnMBTdhhhLuJBOOqP,spotify:artist:1aftUCES5zD5xXI7O9ZF9F,3
6330,spotify:artist:6FbDoZnMBTdhhhLuJBOOqP,spotify:artist:5rScKX1Sh1U67meeUyTGwk,3
6331,spotify:artist:6FbDoZnMBTdhhhLuJBOOqP,spotify:artist:1KsASRNugxU85T0u6zSg32,3
6332,spotify:artist:6FbDoZnMBTdhhhLuJBOOqP,spotify:artist:3gdIwZY6Q3RXhDteYr4ZvC,3
6333,spotify:artist:6FbDoZnMBTdhhhLuJBOOqP,spotify:artist:25NQNriVT2YbSW80ILRWJa,3
6334,spotify:artist:6FbDoZnMBTdhhhLuJBOOqP,spotify:artist:4LoM3lMauQ540MW9QiyIcR,3
6335,spotify:artist:6FbDoZnMBTdhhhLuJBOOqP,spotify:artist:2ON3fLFbL1rHfHEjeYNKsO,3
6336,spotify:artist:6FbDoZnMBTdhhhLuJBOOqP,spotify:artist:5ILrArfIV0tMURcHJN8Q07,3
6337,spotify:artist:6FbDoZnMBTdhhhLuJBOOqP,spotify:artist:2d3VHzlOEwXvmBdS4pzOPL,3
6338,spotify:artist:6FbDoZnMBTdhhhLuJBOOqP,spotify:artist:4wM29TDTr3HI0qFY3KoSFG,3
6339,spotify:artist:6FbDoZnMBTdhhhLuJBOOqP,spotify:artist:0MBIKH9DjtBkv8O3nS6szj,3
6340,spotify:artist:6l77PmL5iuEEcYjGl8K6s7,spotify:artist:6UOcY6w4K6Ek5Lw5rFDHdP,3
6341,spotify:artist:6l77PmL5iuEEcYjGl8K6s7,spotify:artist:50sSN9E5i4DJzYDclAXlSo,3
6342,spotify:artist:6l77PmL5iuEEcYjGl8K6s7,spotify:artist:2rBcvLKWCZs9w1qIWv560v,3
6343,spotify:artist:6l77PmL5iuEEcYjGl8K6s7,spotify:artist:12VaqyEhgwDRuFfEqbnrpz,3
6344,spotify:artist:6l77PmL5iuEEcYjGl8K6s7,spotify:artist:05fo024EFotg9songSENOZ,3
6345,spotify:artist:6l77PmL5iuEEcYjGl8K6s7,spotify:artist:5hE6NCoobhyEu6TRSbjOJY,3
6346,spotify:artist:6l77PmL5iuEEcYjGl8K6s7,spotify:artist:3qwabfaWewpfli7hMNM3O8,3
6347,spotify:artist:6l77PmL5iuEEcYjGl8K6s7,spotify:artist:3AmgGrYHXqgbmZ2yKoIVzO,3
6348,spotify:artist:6l77PmL5iuEEcYjGl8K6s7,spotify:artist:37qXWlhfRvpxmIeTKvfw8B,3
6349,spotify:artist:6l77PmL5iuEEcYjGl8K6s7,spotify:artist:5BKsn7SCN2XmbF7apdCpRS,3
6350,spotify:artist:6l77PmL5iuEEcYjGl8K6s7,spotify:artist:2ueoLVCXQ948OfhVvAy3Nn,3
6351,spotify:artist:6l77PmL5iuEEcYjGl8K6s7,spotify:artist:7hAolICGSgXJuM6DUpK5rp,3
6352,spotify:artist:6l77PmL5iuEEcYjGl8K6s7,spotify:artist:6PBv8t9YTLggA9ZMwpeoqj,3
6353,spotify:artist:6l77PmL5iuEEcYjGl8K6s7,spotify:artist:78OKNrjc3BvniYTqvpOp6P,3
6354,spotify:artist:6l77PmL5iuEEcYjGl8K6s7,spotify:artist:1o43SzzuLoyOxqThmp7s0g,3
6355,spotify:artist:6l77PmL5iuEEcYjGl8K6s7,spotify:artist:7eQZTqEMozBcuSubfu52i4,3
6356,spotify:artist:6l77PmL5iuEEcYjGl8K6s7,spotify:artist:6oBm8HB0yfrIc9IHbxs6in,3
6357,spotify:artist:6l77PmL5iuEEcYjGl8K6s7,spotify:artist:34vLhockmYhf3LgznwyNaQ,3
6358,spotify:artist:6l77PmL5iuEEcYjGl8K6s7,spotify:artist:6G7OerKc3eBO9sVkRNopFC,3
6359,spotify:artist:6l77PmL5iuEEcYjGl8K6s7,spotify:artist:2wJ4vsxWd7df7dRU4KcoDe,3
6360,spotify:artist:6S0GHTqz5sxK5f9HtLXn9q,spotify:artist:5SHQUMAmEK5KmuSb0aDvsn,3
6361,spotify:artist:6S0GHTqz5sxK5f9HtLXn9q,spotify:artist:0cQbJU1aAzvbEmTuljWLlF,3
6362,spotify:artist:6S0GHTqz5sxK5f9HtLXn9q,spotify:artist:1tqZaCwM57UFKjWoYwMLrw,3
6363,spotify:artist:6S0GHTqz5sxK5f9HtLXn9q,spotify:artist:2QwJQuBekTA4qF7N7uLHDP,3
6364,spotify:artist:6S0GHTqz5sxK5f9HtLXn9q,spotify:artist:12VaqyEhgwDRuFfEqbnrpz,3
6365,spotify:artist:6S0GHTqz5sxK5f9HtLXn9q,spotify:artist:2Kl8iFAUJmtmyP1Sab1paD,3
6366,spotify:artist:6S0GHTqz5sxK5f9HtLXn9q,spotify:artist:5BKsn7SCN2XmbF7apdCpRS,3
6367,spotify:artist:6S0GHTqz5sxK5f9HtLXn9q,spotify:artist:1KsASRNugxU85T0u6zSg32,3
6368,spotify:artist:6S0GHTqz5sxK5f9HtLXn9q,spotify:artist:5ybsLFsFrRFXgdklfMryWD,3
6369,spotify:artist:6S0GHTqz5sxK5f9HtLXn9q,spotify:artist:2zMQOJ4Cyl4BYbw6WqaO3h,3
6370,spotify:artist:6S0GHTqz5sxK5f9HtLXn9q,spotify:artist:5HlXA01kcjssYDT7EoqUJF,3
6371,spotify:artist:6S0GHTqz5sxK5f9HtLXn9q,spotify:artist:7E41j1yL9ZeTWfqe9bUGgw,3
6372,spotify:artist:6S0GHTqz5sxK5f9HtLXn9q,spotify:artist:3g2kUQ6tHLLbmkV7T4GPtL,3
6373,spotify:artist:6S0GHTqz5sxK5f9HtLXn9q,spotify:artist:3l14gV4hIMAjmo7KUvEWTx,3
6374,spotify:artist:6S0GHTqz5sxK5f9HtLXn9q,spotify:artist:2LXeJdQVcFkhkWydphLI74,3
6375,spotify:artist:6S0GHTqz5sxK5f9HtLXn9q,spotify:artist:0ucLPotcQNI7AViFytdhBz,3
6376,spotify:artist:6S0GHTqz5sxK5f9HtLXn9q,spotify:artist:2c0qomdZabcCyqTZ5M9msd,3
6377,spotify:artist:6S0GHTqz5sxK5f9HtLXn9q,spotify:artist:1EJWNhiYbOyeUHbsS7Kp1P,3
6378,spotify:artist:6S0GHTqz5sxK5f9HtLXn9q,spotify:artist:0dlOr0VIysztGWvU1dpjmP,3
6379,spotify:artist:6S0GHTqz5sxK5f9HtLXn9q,spotify:artist:6RZUqkomCmb8zCRqc9eznB,3
6380,spotify:artist:7w29UYBi0qsHi5RTcv3lmA,spotify:artist:5BKsn7SCN2XmbF7apdCpRS,3
6381,spotify:artist:7w29UYBi0qsHi5RTcv3lmA,spotify:artist:6liAMWkVf5LH7YR9yfFy1Y,3
6382,spotify:artist:7w29UYBi0qsHi5RTcv3lmA,spotify:artist:7eQZTqEMozBcuSubfu52i4,3
6383,spotify:artist:7w29UYBi0qsHi5RTcv3lmA,spotify:artist:12VaqyEhgwDRuFfEqbnrpz,3
6384,spotify:artist:7w29UYBi0qsHi5RTcv3lmA,spotify:artist:1G0Xwj8mza6b03iYkVdzDP,3
6385,spotify:artist:7w29UYBi0qsHi5RTcv3lmA,spotify:artist:3qwabfaWewpfli7hMNM3O8,3
6386,spotify:artist:7w29UYBi0qsHi5RTcv3lmA,spotify:artist:6l77PmL5iuEEcYjGl8K6s7,3
6387,spotify:artist:7w29UYBi0qsHi5RTcv3lmA,spotify:artist:05fo024EFotg9songSENOZ,3
6388,spotify:artist:7w29UYBi0qsHi5RTcv3lmA,spotify:artist:5hE6NCoobhyEu6TRSbjOJY,3
6389,spotify:artist:7w29UYBi0qsHi5RTcv3lmA,spotify:artist:6UOcY6w4K6Ek5Lw5rFDHdP,3
6390,spotify:artist:7w29UYBi0qsHi5RTcv3lmA,spotify:artist:4aaBjq7VqqQvpSF69GglvO,3
6391,spotify:artist:7w29UYBi0qsHi5RTcv3lmA,spotify:artist:6hhA8TKRNryM8FNzqCqdDO,3
6392,spotify:artist:7w29UYBi0qsHi5RTcv3lmA,spotify:artist:08YvZ2qzFrDSITfHLbPKMP,3
6393,spotify:artist:7w29UYBi0qsHi5RTcv3lmA,spotify:artist:5Wabl1lPdNOeIn0SQ5A1mp,3
6394,spotify:artist:7w29UYBi0qsHi5RTcv3lmA,spotify:artist:4CvTDPKA6W06DRfBnZKrau,3
6395,spotify:artist:7w29UYBi0qsHi5RTcv3lmA,spotify:artist:1aSxMhuvixZ8h9dK9jIDwL,3
6396,spotify:artist:7w29UYBi0qsHi5RTcv3lmA,spotify:artist:0WtTGUjbur1R1cNzBvbsMU,3
6397,spotify:artist:7w29UYBi0qsHi5RTcv3lmA,spotify:artist:3g2kUQ6tHLLbmkV7T4GPtL,3
6398,spotify:artist:7w29UYBi0qsHi5RTcv3lmA,spotify:artist:5JLqvjW3Nyom2OsRUyFsS9,3
6399,spotify:artist:7w29UYBi0qsHi5RTcv3lmA,spotify:artist:1KsASRNugxU85T0u6zSg32,3
6400,spotify:artist:5BKsn7SCN2XmbF7apdCpRS,spotify:artist:3qwabfaWewpfli7hMNM3O8,3
6401,spotify:artist:5BKsn7SCN2XmbF7apdCpRS,spotify:artist:4aaBjq7VqqQvpSF69GglvO,3
6402,spotify:artist:5BKsn7SCN2XmbF7apdCpRS,spotify:artist:7w29UYBi0qsHi5RTcv3lmA,3
6403,spotify:artist:5BKsn7SCN2XmbF7apdCpRS,spotify:artist:0ucLPotcQNI7AViFytdhBz,3
6404,spotify:artist:5BKsn7SCN2XmbF7apdCpRS,spotify:artist:0MoXIHcFwhIWnFgBfdvQ30,3
6405,spotify:artist:5BKsn7SCN2XmbF7apdCpRS,spotify:artist:6UOcY6w4K6Ek5Lw5rFDHdP,3
6406,spotify:artist:5BKsn7SCN2XmbF7apdCpRS,spotify:artist:08YvZ2qzFrDSITfHLbPKMP,3
6407,spotify:artist:5BKsn7SCN2XmbF7apdCpRS,spotify:artist:5TfnQ0Ai1cEbKY5katFK14,3
6408,spotify:artist:5BKsn7SCN2XmbF7apdCpRS,spotify:artist:1EJWNhiYbOyeUHbsS7Kp1P,3
6409,spotify:artist:5BKsn7SCN2XmbF7apdCpRS,spotify:artist:5nPOO9iTcrs9k6yFffPxjH,3
6410,spotify:artist:5BKsn7SCN2XmbF7apdCpRS,spotify:artist:7eQZTqEMozBcuSubfu52i4,3
6411,spotify:artist:5BKsn7SCN2XmbF7apdCpRS,spotify:artist:5EP020iZcwBqHRnJftibXX,3
6412,spotify:artist:5BKsn7SCN2XmbF7apdCpRS,spotify:artist:7zt6Af78CalxaPDqORfw8L,3
6413,spotify:artist:5BKsn7SCN2XmbF7apdCpRS,spotify:artist:1WHoAjAWGx5qLsgzpaOk7W,3
6414,spotify:artist:5BKsn7SCN2XmbF7apdCpRS,spotify:artist:1gkSl4XpHIHI4I1WQbfXOE,3
6415,spotify:artist:5BKsn7SCN2XmbF7apdCpRS,spotify:artist:08j69Ndyx1P7RLO3Janb5P,3
6416,spotify:artist:5BKsn7SCN2XmbF7apdCpRS,spotify:artist:2rBcvLKWCZs9w1qIWv560v,3
6417,spotify:artist:5BKsn7SCN2XmbF7apdCpRS,spotify:artist:1Tz1kM5vFyBpzD22fHW609,3
6418,spotify:artist:5BKsn7SCN2XmbF7apdCpRS,spotify:artist:5R7K1GezC0jy24v1R2n4x3,3
6419,spotify:artist:5BKsn7SCN2XmbF7apdCpRS,spotify:artist:6l77PmL5iuEEcYjGl8K6s7,3
6420,spotify:artist:4aaBjq7VqqQvpSF69GglvO,spotify:artist:6bWxFw65IEJzBYjx3SxUXd,3
6421,spotify:artist:4aaBjq7VqqQvpSF69GglvO,spotify:artist:08YvZ2qzFrDSITfHLbPKMP,3
6422,spotify:artist:4aaBjq7VqqQvpSF69GglvO,spotify:artist:5EP020iZcwBqHRnJftibXX,3
6423,spotify:artist:4aaBjq7VqqQvpSF69GglvO,spotify:artist:5BKsn7SCN2XmbF7apdCpRS,3
6424,spotify:artist:4aaBjq7VqqQvpSF69GglvO,spotify:artist:5squ8uM6fhMQY71t9xobJC,3
6425,spotify:artist:4aaBjq7VqqQvpSF69GglvO,spotify:artist:3qwabfaWewpfli7hMNM3O8,3
6426,spotify:artist:4aaBjq7VqqQvpSF69GglvO,spotify:artist:6hhA8TKRNryM8FNzqCqdDO,3
6427,spotify:artist:4aaBjq7VqqQvpSF69GglvO,spotify:artist:13ccXrK7AmXb4TddMkE7jy,3
6428,spotify:artist:4aaBjq7VqqQvpSF69GglvO,spotify:artist:6liAMWkVf5LH7YR9yfFy1Y,3
6429,spotify:artist:4aaBjq7VqqQvpSF69GglvO,spotify:artist:5sL9uDMwceYHPknnCLAAwJ,3
6430,spotify:artist:4aaBjq7VqqQvpSF69GglvO,spotify:artist:6FXMGgJwohJLUSr5nVlf9X,3
6431,spotify:artist:4aaBjq7VqqQvpSF69GglvO,spotify:artist:76aD5RR474u5LVtrYxBKkF,3
6432,spotify:artist:4aaBjq7VqqQvpSF69GglvO,spotify:artist:1EJWNhiYbOyeUHbsS7Kp1P,3
6433,spotify:artist:4aaBjq7VqqQvpSF69GglvO,spotify:artist:67tgMwUfnmqzYsNAtnP6YJ,3
6434,spotify:artist:4aaBjq7VqqQvpSF69GglvO,spotify:artist:3aKCo8gLJfuPYtr88aWKjF,3
6435,spotify:artist:4aaBjq7VqqQvpSF69GglvO,spotify:artist:14H7ag1wpQOsPPQJOD6Dqr,3
6436,spotify:artist:4aaBjq7VqqQvpSF69GglvO,spotify:artist:6sKLLGj7SqbP2qDBdEOoZ6,3
6437,spotify:artist:4aaBjq7VqqQvpSF69GglvO,spotify:artist:5nPOO9iTcrs9k6yFffPxjH,3
6438,spotify:artist:4aaBjq7VqqQvpSF69GglvO,spotify:artist:59xljcfdN2Z9VX2U5RFKEa,3
6439,spotify:artist:4aaBjq7VqqQvpSF69GglvO,spotify:artist:1P6U1dCeHxPui5pIrGmndZ,3
6440,spotify:artist:0MoXIHcFwhIWnFgBfdvQ30,spotify:artist:4GLJPBj5Cdr9AgLKvLWM4n,3
6441,spotify:artist:0MoXIHcFwhIWnFgBfdvQ30,spotify:artist:3K2zB87GZv1krx031en5VA,3
6442,spotify:artist:0MoXIHcFwhIWnFgBfdvQ30,spotify:artist:7zt6Af78CalxaPDqORfw8L,3
6443,spotify:artist:0MoXIHcFwhIWnFgBfdvQ30,spotify:artist:5TfnQ0Ai1cEbKY5katFK14,3
6444,spotify:artist:0MoXIHcFwhIWnFgBfdvQ30,spotify:artist:2fkmfYw1KeOiDLA6MHDwU8,3
6445,spotify:artist:0MoXIHcFwhIWnFgBfdvQ30,spotify:artist:0WbqAlM1WvfUD6dF7omThd,3
6446,spotify:artist:0MoXIHcFwhIWnFgBfdvQ30,spotify:artist:39ZHUueufhIdbW4yu9uODG,3
6447,spotify:artist:0MoXIHcFwhIWnFgBfdvQ30,spotify:artist:0H0rBbf7vHXO3qh50Wap7y,3
6448,spotify:artist:0MoXIHcFwhIWnFgBfdvQ30,spotify:artist:2wvUfjKGoXvcnDHq7GgMOa,3
6449,spotify:artist:0MoXIHcFwhIWnFgBfdvQ30,spotify:artist:1Eqmku5RGosz51zTCZFgDi,3
6450,spotify:artist:0MoXIHcFwhIWnFgBfdvQ30,spotify:artist:3qwabfaWewpfli7hMNM3O8,3
6451,spotify:artist:0MoXIHcFwhIWnFgBfdvQ30,spotify:artist:5BKsn7SCN2XmbF7apdCpRS,3
6452,spotify:artist:0MoXIHcFwhIWnFgBfdvQ30,spotify:artist:6UOcY6w4K6Ek5Lw5rFDHdP,3
6453,spotify:artist:0MoXIHcFwhIWnFgBfdvQ30,spotify:artist:48I6TLnfZjyLXTqBtQvhgZ,3
6454,spotify:artist:0MoXIHcFwhIWnFgBfdvQ30,spotify:artist:2s6lxOYvvCvzpHtd3VyuMj,3
6455,spotify:artist:0MoXIHcFwhIWnFgBfdvQ30,spotify:artist:7pyhre5oEEFMqcgMEvJY7q,3
6456,spotify:artist:0MoXIHcFwhIWnFgBfdvQ30,spotify:artist:46CuxapoPjUfIOiXdNq7qM,3
6457,spotify:artist:0MoXIHcFwhIWnFgBfdvQ30,spotify:artist:2K13AVg3bFpHSxDM1vJ0qA,3
6458,spotify:artist:0MoXIHcFwhIWnFgBfdvQ30,spotify:artist:25bvQC4jyyFUce6jbzNlwb,3
6459,spotify:artist:0MoXIHcFwhIWnFgBfdvQ30,spotify:artist:7y8lzaGqtadGmtAtg2SGv4,3
6460,spotify:artist:7zt6Af78CalxaPDqORfw8L,spotify:artist:0MoXIHcFwhIWnFgBfdvQ30,3
6461,spotify:artist:7zt6Af78CalxaPDqORfw8L,spotify:artist:4GLJPBj5Cdr9AgLKvLWM4n,3
6462,spotify:artist:7zt6Af78CalxaPDqORfw8L,spotify:artist:7edpqbQnGU6YySpab5ItAU,3
6463,spotify:artist:7zt6Af78CalxaPDqORfw8L,spotify:artist:2fkmfYw1KeOiDLA6MHDwU8,3
6464,spotify:artist:7zt6Af78CalxaPDqORfw8L,spotify:artist:2cBh5lVMg222FFuRU7EfDE,3
6465,spotify:artist:7zt6Af78CalxaPDqORfw8L,spotify:artist:5BKsn7SCN2XmbF7apdCpRS,3
6466,spotify:artist:7zt6Af78CalxaPDqORfw8L,spotify:artist:5TfnQ0Ai1cEbKY5katFK14,3
6467,spotify:artist:7zt6Af78CalxaPDqORfw8L,spotify:artist:2LXK0SdlBu84dqUshKZcrB,3
6468,spotify:artist:7zt6Af78CalxaPDqORfw8L,spotify:artist:0H0rBbf7vHXO3qh50Wap7y,3
6469,spotify:artist:7zt6Af78CalxaPDqORfw8L,spotify:artist:7LP4hiTAVkw3Rtc1hqtLi4,3
6470,spotify:artist:7zt6Af78CalxaPDqORfw8L,spotify:artist:1iAIMKbNptAohP5KbxuGR0,3
6471,spotify:artist:7zt6Af78CalxaPDqORfw8L,spotify:artist:39ZHUueufhIdbW4yu9uODG,3
6472,spotify:artist:7zt6Af78CalxaPDqORfw8L,spotify:artist:48I6TLnfZjyLXTqBtQvhgZ,3
6473,spotify:artist:7zt6Af78CalxaPDqORfw8L,spotify:artist:25bvQC4jyyFUce6jbzNlwb,3
6474,spotify:artist:7zt6Af78CalxaPDqORfw8L,spotify:artist:6XCS9JCn56Q252cMOTbeq6,3
6475,spotify:artist:7zt6Af78CalxaPDqORfw8L,spotify:artist:0WbqAlM1WvfUD6dF7omThd,3
6476,spotify:artist:7zt6Af78CalxaPDqORfw8L,spotify:artist:3qwabfaWewpfli7hMNM3O8,3
6477,spotify:artist:7zt6Af78CalxaPDqORfw8L,spotify:artist:7gRmesSjINzb4xXApfMV5E,3
6478,spotify:artist:7zt6Af78CalxaPDqORfw8L,spotify:artist:6UE7nl9mha6s8z0wFQFIZ2,3
6479,spotify:artist:7zt6Af78CalxaPDqORfw8L,spotify:artist:3Kt34aALAZu5GUd3WRqsrZ,3
6480,spotify:artist:6UOcY6w4K6Ek5Lw5rFDHdP,spotify:artist:7JUms0YyWoLQ0ICQvrEgjL,3
6481,spotify:artist:6UOcY6w4K6Ek5Lw5rFDHdP,spotify:artist:5hE6NCoobhyEu6TRSbjOJY,3
6482,spotify:artist:6UOcY6w4K6Ek5Lw5rFDHdP,spotify:artist:7eQZTqEMozBcuSubfu52i4,3
6483,spotify:artist:6UOcY6w4K6Ek5Lw5rFDHdP,spotify:artist:7qHOphlWaJrfFa0BqpayDG,3
6484,spotify:artist:6UOcY6w4K6Ek5Lw5rFDHdP,spotify:artist:7x3Y6pFeDGLJjv1V5uToHv,3
6485,spotify:artist:6UOcY6w4K6Ek5Lw5rFDHdP,spotify:artist:6ys6r2ftzNbWUTSlqlkPO2,3
6486,spotify:artist:6UOcY6w4K6Ek5Lw5rFDHdP,spotify:artist:3qwabfaWewpfli7hMNM3O8,3
6487,spotify:artist:6UOcY6w4K6Ek5Lw5rFDHdP,spotify:artist:5BKsn7SCN2XmbF7apdCpRS,3
6488,spotify:artist:6UOcY6w4K6Ek5Lw5rFDHdP,spotify:artist:0MoXIHcFwhIWnFgBfdvQ30,3
6489,spotify:artist:6UOcY6w4K6Ek5Lw5rFDHdP,spotify:artist:6l77PmL5iuEEcYjGl8K6s7,3
6490,spotify:artist:6UOcY6w4K6Ek5Lw5rFDHdP,spotify:artist:0ucLPotcQNI7AViFytdhBz,3
6491,spotify:artist:6UOcY6w4K6Ek5Lw5rFDHdP,spotify:artist:0WbqAlM1WvfUD6dF7omThd,3
6492,spotify:artist:6UOcY6w4K6Ek5Lw5rFDHdP,spotify:artist:78OKNrjc3BvniYTqvpOp6P,3
6493,spotify:artist:6UOcY6w4K6Ek5Lw5rFDHdP,spotify:artist:1o43SzzuLoyOxqThmp7s0g,3
6494,spotify:artist:6UOcY6w4K6Ek5Lw5rFDHdP,spotify:artist:2M45qKMZX16QUyOiKyluI0,3
6495,spotify:artist:6UOcY6w4K6Ek5Lw5rFDHdP,spotify:artist:6VJZYivuYJGCrPuOAnI7Qo,3
6496,spotify:artist:6UOcY6w4K6Ek5Lw5rFDHdP,spotify:artist:4hiLNlqr4vQdiuo1aQKSXS,3
6497,spotify:artist:6UOcY6w4K6Ek5Lw5rFDHdP,spotify:artist:7atGlyFY5574ph1tGMs6gD,3
6498,spotify:artist:6UOcY6w4K6Ek5Lw5rFDHdP,spotify:artist:1WHoAjAWGx5qLsgzpaOk7W,3
6499,spotify:artist:6UOcY6w4K6Ek5Lw5rFDHdP,spotify:artist:05fo024EFotg9songSENOZ,3
6500,spotify:artist:7y8lzaGqtadGmtAtg2SGv4,spotify:artist:0WbqAlM1WvfUD6dF7omThd,3
6501,spotify:artist:7y8lzaGqtadGmtAtg2SGv4,spotify:artist:5TfnQ0Ai1cEbKY5katFK14,3
6502,spotify:artist:7y8lzaGqtadGmtAtg2SGv4,spotify:artist:0MoXIHcFwhIWnFgBfdvQ30,3
6503,spotify:artist:7y8lzaGqtadGmtAtg2SGv4,spotify:artist:3sFTupo9UGgrujjN21BjwR,3
6504,spotify:artist:7y8lzaGqtadGmtAtg2SGv4,spotify:artist:3qwabfaWewpfli7hMNM3O8,3
6505,spotify:artist:7y8lzaGqtadGmtAtg2SGv4,spotify:artist:4GLJPBj5Cdr9AgLKvLWM4n,3
6506,spotify:artist:7y8lzaGqtadGmtAtg2SGv4,spotify:artist:3K2zB87GZv1krx031en5VA,3
6507,spotify:artist:7y8lzaGqtadGmtAtg2SGv4,spotify:artist:1qchowrzlYU0bUrJA6Oy8X,3
6508,spotify:artist:7y8lzaGqtadGmtAtg2SGv4,spotify:artist:5BKsn7SCN2XmbF7apdCpRS,3
6509,spotify:artist:7y8lzaGqtadGmtAtg2SGv4,spotify:artist:7zt6Af78CalxaPDqORfw8L,3
6510,spotify:artist:7y8lzaGqtadGmtAtg2SGv4,spotify:artist:1WHoAjAWGx5qLsgzpaOk7W,3
6511,spotify:artist:7y8lzaGqtadGmtAtg2SGv4,spotify:artist:3Y10boYzeuFCJ4Qgp53w6o,3
6512,spotify:artist:7y8lzaGqtadGmtAtg2SGv4,spotify:artist:6UE7nl9mha6s8z0wFQFIZ2,3
6513,spotify:artist:7y8lzaGqtadGmtAtg2SGv4,spotify:artist:6UOcY6w4K6Ek5Lw5rFDHdP,3
6514,spotify:artist:7y8lzaGqtadGmtAtg2SGv4,spotify:artist:0H0rBbf7vHXO3qh50Wap7y,3
6515,spotify:artist:7y8lzaGqtadGmtAtg2SGv4,spotify:artist:1gkSl4XpHIHI4I1WQbfXOE,3
6516,spotify:artist:7y8lzaGqtadGmtAtg2SGv4,spotify:artist:6l77PmL5iuEEcYjGl8K6s7,3
6517,spotify:artist:7y8lzaGqtadGmtAtg2SGv4,spotify:artist:2K13AVg3bFpHSxDM1vJ0qA,3
6518,spotify:artist:7y8lzaGqtadGmtAtg2SGv4,spotify:artist:2wvUfjKGoXvcnDHq7GgMOa,3
6519,spotify:artist:7y8lzaGqtadGmtAtg2SGv4,spotify:artist:4XbiPPlbv4ush1isus6Daj,3
6520,spotify:artist:1WHoAjAWGx5qLsgzpaOk7W,spotify:artist:7gG6LkU3pCSQmCIPR4aSBt,3
6521,spotify:artist:1WHoAjAWGx5qLsgzpaOk7W,spotify:artist:39x9e2QDpAxK8xTuJDwRqR,3
6522,spotify:artist:1WHoAjAWGx5qLsgzpaOk7W,spotify:artist:7atGlyFY5574ph1tGMs6gD,3
6523,spotify:artist:1WHoAjAWGx5qLsgzpaOk7W,spotify:artist:50Lr1puweM1hFsF1LpIZLM,3
6524,spotify:artist:1WHoAjAWGx5qLsgzpaOk7W,spotify:artist:2Vhc7Y0Kc6HzMC6glKM4h6,3
6525,spotify:artist:1WHoAjAWGx5qLsgzpaOk7W,spotify:artist:37uLId6Z5ZXCx19vuruvv5,3
6526,spotify:artist:1WHoAjAWGx5qLsgzpaOk7W,spotify:artist:4EENT7N7rCBwrddM3s0vFS,3
6527,spotify:artist:1WHoAjAWGx5qLsgzpaOk7W,spotify:artist:1qchowrzlYU0bUrJA6Oy8X,3
6528,spotify:artist:1WHoAjAWGx5qLsgzpaOk7W,spotify:artist:5miWG3FgilzOG7dy3aowZc,3
6529,spotify:artist:1WHoAjAWGx5qLsgzpaOk7W,spotify:artist:3qwabfaWewpfli7hMNM3O8,3
6530,spotify:artist:1WHoAjAWGx5qLsgzpaOk7W,spotify:artist:31DXlldabwPHwu6dYevuzK,3
6531,spotify:artist:1WHoAjAWGx5qLsgzpaOk7W,spotify:artist:0j2MwhbFTvquOBhs3LeIfU,3
6532,spotify:artist:1WHoAjAWGx5qLsgzpaOk7W,spotify:artist:166Dz1GX3xonSQ3Z6CQW26,3
6533,spotify:artist:1WHoAjAWGx5qLsgzpaOk7W,spotify:artist:7eQZTqEMozBcuSubfu52i4,3
6534,spotify:artist:1WHoAjAWGx5qLsgzpaOk7W,spotify:artist:5R7K1GezC0jy24v1R2n4x3,3
6535,spotify:artist:1WHoAjAWGx5qLsgzpaOk7W,spotify:artist:5sL9uDMwceYHPknnCLAAwJ,3
6536,spotify:artist:1WHoAjAWGx5qLsgzpaOk7W,spotify:artist:2ZvXaOrinJFZDexa3fWqMZ,3
6537,spotify:artist:1WHoAjAWGx5qLsgzpaOk7W,spotify:artist:0WbqAlM1WvfUD6dF7omThd,3
6538,spotify:artist:1WHoAjAWGx5qLsgzpaOk7W,spotify:artist:0ucLPotcQNI7AViFytdhBz,3
6539,spotify:artist:1WHoAjAWGx5qLsgzpaOk7W,spotify:artist:57anmI1X2hXWPrNagFdzZr,3
6540,spotify:artist:7eQZTqEMozBcuSubfu52i4,spotify:artist:5hE6NCoobhyEu6TRSbjOJY,3
6541,spotify:artist:7eQZTqEMozBcuSubfu52i4,spotify:artist:7JUms0YyWoLQ0ICQvrEgjL,3
6542,spotify:artist:7eQZTqEMozBcuSubfu52i4,spotify:artist:0ucLPotcQNI7AViFytdhBz,3
6543,spotify:artist:7eQZTqEMozBcuSubfu52i4,spotify:artist:7qHOphlWaJrfFa0BqpayDG,3
6544,spotify:artist:7eQZTqEMozBcuSubfu52i4,spotify:artist:6UOcY6w4K6Ek5Lw5rFDHdP,3
6545,spotify:artist:7eQZTqEMozBcuSubfu52i4,spotify:artist:5R7K1GezC0jy24v1R2n4x3,3
6546,spotify:artist:7eQZTqEMozBcuSubfu52i4,spotify:artist:1WHoAjAWGx5qLsgzpaOk7W,3
6547,spotify:artist:7eQZTqEMozBcuSubfu52i4,spotify:artist:05fo024EFotg9songSENOZ,3
6548,spotify:artist:7eQZTqEMozBcuSubfu52i4,spotify:artist:3QhNv79NoIvarU6N57GBzL,3
6549,spotify:artist:7eQZTqEMozBcuSubfu52i4,spotify:artist:3qwabfaWewpfli7hMNM3O8,3
6550,spotify:artist:7eQZTqEMozBcuSubfu52i4,spotify:artist:1gkSl4XpHIHI4I1WQbfXOE,3
6551,spotify:artist:7eQZTqEMozBcuSubfu52i4,spotify:artist:7atGlyFY5574ph1tGMs6gD,3
6552,spotify:artist:7eQZTqEMozBcuSubfu52i4,spotify:artist:1o43SzzuLoyOxqThmp7s0g,3
6553,spotify:artist:7eQZTqEMozBcuSubfu52i4,spotify:artist:7K3zpFXBvPcvzhj7zlGJdO,3
6554,spotify:artist:7eQZTqEMozBcuSubfu52i4,spotify:artist:39x9e2QDpAxK8xTuJDwRqR,3
6555,spotify:artist:7eQZTqEMozBcuSubfu52i4,spotify:artist:6VJZYivuYJGCrPuOAnI7Qo,3
6556,spotify:artist:7eQZTqEMozBcuSubfu52i4,spotify:artist:5BKsn7SCN2XmbF7apdCpRS,3
6557,spotify:artist:7eQZTqEMozBcuSubfu52i4,spotify:artist:6l77PmL5iuEEcYjGl8K6s7,3
6558,spotify:artist:7eQZTqEMozBcuSubfu52i4,spotify:artist:7w29UYBi0qsHi5RTcv3lmA,3
6559,spotify:artist:7eQZTqEMozBcuSubfu52i4,spotify:artist:4tOVIRjlWWfR1RrAxyRqTE,3
6560,spotify:artist:0ucLPotcQNI7AViFytdhBz,spotify:artist:5R7K1GezC0jy24v1R2n4x3,3
6561,spotify:artist:0ucLPotcQNI7AViFytdhBz,spotify:artist:7JUms0YyWoLQ0ICQvrEgjL,3
6562,spotify:artist:0ucLPotcQNI7AViFytdhBz,spotify:artist:5zDp4B8cjwn7CScyTJ5BPY,3
6563,spotify:artist:0ucLPotcQNI7AViFytdhBz,spotify:artist:3QhNv79NoIvarU6N57GBzL,3
6564,spotify:artist:0ucLPotcQNI7AViFytdhBz,spotify:artist:2jh27vMWRDaPgtwvluMomC,3
6565,spotify:artist:0ucLPotcQNI7AViFytdhBz,spotify:artist:1IjPJum5sJ6iSr3mBsSYJk,3
6566,spotify:artist:0ucLPotcQNI7AViFytdhBz,spotify:artist:4EySud7Ww0GNvkwhRYZHLV,3
6567,spotify:artist:0ucLPotcQNI7AViFytdhBz,spotify:artist:2EsL7l54h5MZm34uFVsRQi,3
6568,spotify:artist:0ucLPotcQNI7AViFytdhBz,spotify:artist:7eQZTqEMozBcuSubfu52i4,3
6569,spotify:artist:0ucLPotcQNI7AViFytdhBz,spotify:artist:1gkSl4XpHIHI4I1WQbfXOE,3
6570,spotify:artist:0ucLPotcQNI7AViFytdhBz,spotify:artist:5g40eoVT3f0lZbIa1mGbzs,3
6571,spotify:artist:0ucLPotcQNI7AViFytdhBz,spotify:artist:5BKsn7SCN2XmbF7apdCpRS,3
6572,spotify:artist:0ucLPotcQNI7AViFytdhBz,spotify:artist:2K13AVg3bFpHSxDM1vJ0qA,3
6573,spotify:artist:0ucLPotcQNI7AViFytdhBz,spotify:artist:5TfnQ0Ai1cEbKY5katFK14,3
6574,spotify:artist:0ucLPotcQNI7AViFytdhBz,spotify:artist:6p0e3Ff2s0DVh1I7WjOeqq,3
6575,spotify:artist:0ucLPotcQNI7AViFytdhBz,spotify:artist:3kdrMtLybQIl93rXJlvF3w,3
6576,spotify:artist:0ucLPotcQNI7AViFytdhBz,spotify:artist:7atGlyFY5574ph1tGMs6gD,3
6577,spotify:artist:0ucLPotcQNI7AViFytdhBz,spotify:artist:6UOcY6w4K6Ek5Lw5rFDHdP,3
6578,spotify:artist:0ucLPotcQNI7AViFytdhBz,spotify:artist:71kSWeYFioviuty6e3aj5k,3
6579,spotify:artist:0ucLPotcQNI7AViFytdhBz,spotify:artist:4rC8J4M4aOqsQSCP4yoyJI,3
6580,spotify:artist:6l77PmL5iuEEcYjGl8K6s7,spotify:artist:6UOcY6w4K6Ek5Lw5rFDHdP,3
6581,spotify:artist:6l77PmL5iuEEcYjGl8K6s7,spotify:artist:50sSN9E5i4DJzYDclAXlSo,3
6582,spotify:artist:6l77PmL5iuEEcYjGl8K6s7,spotify:artist:2rBcvLKWCZs9w1qIWv560v,3
6583,spotify:artist:6l77PmL5iuEEcYjGl8K6s7,spotify:artist:12VaqyEhgwDRuFfEqbnrpz,3
6584,spotify:artist:6l77PmL5iuEEcYjGl8K6s7,spotify:artist:05fo024EFotg9songSENOZ,3
6585,spotify:artist:6l77PmL5iuEEcYjGl8K6s7,spotify:artist:5hE6NCoobhyEu6TRSbjOJY,3
6586,spotify:artist:6l77PmL5iuEEcYjGl8K6s7,spotify:artist:3qwabfaWewpfli7hMNM3O8,3
6587,spotify:artist:6l77PmL5iuEEcYjGl8K6s7,spotify:artist:3AmgGrYHXqgbmZ2yKoIVzO,3
6588,spotify:artist:6l77PmL5iuEEcYjGl8K6s7,spotify:artist:37qXWlhfRvpxmIeTKvfw8B,3
6589,spotify:artist:6l77PmL5iuEEcYjGl8K6s7,spotify:artist:5BKsn7SCN2XmbF7apdCpRS,3
6590,spotify:artist:6l77PmL5iuEEcYjGl8K6s7,spotify:artist:2ueoLVCXQ948OfhVvAy3Nn,3
6591,spotify:artist:6l77PmL5iuEEcYjGl8K6s7,spotify:artist:7hAolICGSgXJuM6DUpK5rp,3
6592,spotify:artist:6l77PmL5iuEEcYjGl8K6s7,spotify:artist:6PBv8t9YTLggA9ZMwpeoqj,3
6593,spotify:artist:6l77PmL5iuEEcYjGl8K6s7,spotify:artist:78OKNrjc3BvniYTqvpOp6P,3
6594,spotify:artist:6l77PmL5iuEEcYjGl8K6s7,spotify:artist:1o43SzzuLoyOxqThmp7s0g,3
6595,spotify:artist:6l77PmL5iuEEcYjGl8K6s7,spotify:artist:7eQZTqEMozBcuSubfu52i4,3
6596,spotify:artist:6l77PmL5iuEEcYjGl8K6s7,spotify:artist:6oBm8HB0yfrIc9IHbxs6in,3
6597,spotify:artist:6l77PmL5iuEEcYjGl8K6s7,spotify:artist:34vLhockmYhf3LgznwyNaQ,3
6598,spotify:artist:6l77PmL5iuEEcYjGl8K6s7,spotify:artist:6G7OerKc3eBO9sVkRNopFC,3
6599,spotify:artist:6l77PmL5iuEEcYjGl8K6s7,spotify:artist:2wJ4vsxWd7df7dRU4KcoDe,3
6600,spotify:artist:3K2zB87GZv1krx031en5VA,spotify:artist:0MoXIHcFwhIWnFgBfdvQ30,3
6601,spotify:artist:3K2zB87GZv1krx031en5VA,spotify:artist:5TfnQ0Ai1cEbKY5katFK14,3
6602,spotify:artist:3K2zB87GZv1krx031en5VA,spotify:artist:0WbqAlM1WvfUD6dF7omThd,3
6603,spotify:artist:3K2zB87GZv1krx031en5VA,spotify:artist:2wvUfjKGoXvcnDHq7GgMOa,3
6604,spotify:artist:3K2zB87GZv1krx031en5VA,spotify:artist:4GLJPBj5Cdr9AgLKvLWM4n,3
6605,spotify:artist:3K2zB87GZv1krx031en5VA,spotify:artist:3sFTupo9UGgrujjN21BjwR,3
6606,spotify:artist:3K2zB87GZv1krx031en5VA,spotify:artist:5BKsn7SCN2XmbF7apdCpRS,3
6607,spotify:artist:3K2zB87GZv1krx031en5VA,spotify:artist:3qwabfaWewpfli7hMNM3O8,3
6608,spotify:artist:3K2zB87GZv1krx031en5VA,spotify:artist:2K13AVg3bFpHSxDM1vJ0qA,3
6609,spotify:artist:3K2zB87GZv1krx031en5VA,spotify:artist:3Y10boYzeuFCJ4Qgp53w6o,3
6610,spotify:artist:3K2zB87GZv1krx031en5VA,spotify:artist:6UE7nl9mha6s8z0wFQFIZ2,3
6611,spotify:artist:3K2zB87GZv1krx031en5VA,spotify:artist:7pyhre5oEEFMqcgMEvJY7q,3
6612,spotify:artist:3K2zB87GZv1krx031en5VA,spotify:artist:37uLId6Z5ZXCx19vuruvv5,3
6613,spotify:artist:3K2zB87GZv1krx031en5VA,spotify:artist:6oBm8HB0yfrIc9IHbxs6in,3
6614,spotify:artist:3K2zB87GZv1krx031en5VA,spotify:artist:6UOcY6w4K6Ek5Lw5rFDHdP,3
6615,spotify:artist:3K2zB87GZv1krx031en5VA,spotify:artist:1WHoAjAWGx5qLsgzpaOk7W,3
6616,spotify:artist:3K2zB87GZv1krx031en5VA,spotify:artist:0ucLPotcQNI7AViFytdhBz,3
6617,spotify:artist:3K2zB87GZv1krx031en5VA,spotify:artist:6l77PmL5iuEEcYjGl8K6s7,3
6618,spotify:artist:3K2zB87GZv1krx031en5VA,spotify:artist:6Jrxnp0JgqmeUX1veU591p,3
6619,spotify:artist:3K2zB87GZv1krx031en5VA,spotify:artist:0H0rBbf7vHXO3qh50Wap7y,3
6620,spotify:artist:6Tyzp9KzpiZ04DABQoedps,spotify:artist:6SYIsHAQ1sPokVxmzpaDBU,3
6621,spotify:artist:6Tyzp9KzpiZ04DABQoedps,spotify:artist:1O10apSOoAPjOu6UhUNmeI,3
6622,spotify:artist:6Tyzp9KzpiZ04DABQoedps,spotify:artist:3NUtpWpGDoffm3RCGhSHtl,3
6623,spotify:artist:6Tyzp9KzpiZ04DABQoedps,spotify:artist:6O4EGCCb6DoIiR6B1QCQgp,3
6624,spotify:artist:6Tyzp9KzpiZ04DABQoedps,spotify:artist:380fnmlGnkyueBMqGWx2k5,3
6625,spotify:artist:6Tyzp9KzpiZ04DABQoedps,spotify:artist:3qwabfaWewpfli7hMNM3O8,3
6626,spotify:artist:6Tyzp9KzpiZ04DABQoedps,spotify:artist:53wZLCnhshZKDRs3uopFBc,3
6627,spotify:artist:6Tyzp9KzpiZ04DABQoedps,spotify:artist:6LEeAFiJF8OuPx747e1wxR,3
6628,spotify:artist:6Tyzp9KzpiZ04DABQoedps,spotify:artist:0qzzGu8qpbXYpzgV52wOFT,3
6629,spotify:artist:6Tyzp9KzpiZ04DABQoedps,spotify:artist:37uLId6Z5ZXCx19vuruvv5,3
6630,spotify:artist:6Tyzp9KzpiZ04DABQoedps,spotify:artist:4aEnNH9PuU1HF3TsZTru54,3
6631,spotify:artist:6Tyzp9KzpiZ04DABQoedps,spotify:artist:3VwKSHAfgzV1DOHV0aANCI,3
6632,spotify:artist:6Tyzp9KzpiZ04DABQoedps,spotify:artist:6f5lOlSFJw9K79gaNnmWAd,3
6633,spotify:artist:6Tyzp9KzpiZ04DABQoedps,spotify:artist:34vLhockmYhf3LgznwyNaQ,3
6634,spotify:artist:6Tyzp9KzpiZ04DABQoedps,spotify:artist:7Eu1txygG6nJttLHbZdQOh,3
6635,spotify:artist:6Tyzp9KzpiZ04DABQoedps,spotify:artist:5juOkIIy18sFw9L30syt1Z,3
6636,spotify:artist:6Tyzp9KzpiZ04DABQoedps,spotify:artist:2SdK1QDmZIP2hk94rSaLl9,3
6637,spotify:artist:6Tyzp9KzpiZ04DABQoedps,spotify:artist:6d1HqiWNEKV9zFqQM9WeYo,3
6638,spotify:artist:6Tyzp9KzpiZ04DABQoedps,spotify:artist:1xcMOgFUM1IYZE22YjCvsL,3
6639,spotify:artist:6Tyzp9KzpiZ04DABQoedps,spotify:artist:587PA35pRGL1JwQr6idJbb,3
6640,spotify:artist:5sL9uDMwceYHPknnCLAAwJ,spotify:artist:5nPOO9iTcrs9k6yFffPxjH,3
6641,spotify:artist:5sL9uDMwceYHPknnCLAAwJ,spotify:artist:08YvZ2qzFrDSITfHLbPKMP,3
6642,spotify:artist:5sL9uDMwceYHPknnCLAAwJ,spotify:artist:2nszamLjZFgu3Yx77mKxuC,3
6643,spotify:artist:5sL9uDMwceYHPknnCLAAwJ,spotify:artist:4aaBjq7VqqQvpSF69GglvO,3
6644,spotify:artist:5sL9uDMwceYHPknnCLAAwJ,spotify:artist:1WHoAjAWGx5qLsgzpaOk7W,3
6645,spotify:artist:5sL9uDMwceYHPknnCLAAwJ,spotify:artist:2CKaDZ1Yo8YnWega9IeUzB,3
6646,spotify:artist:5sL9uDMwceYHPknnCLAAwJ,spotify:artist:6hhA8TKRNryM8FNzqCqdDO,3
6647,spotify:artist:5sL9uDMwceYHPknnCLAAwJ,spotify:artist:3qwabfaWewpfli7hMNM3O8,3
6648,spotify:artist:5sL9uDMwceYHPknnCLAAwJ,spotify:artist:50Lr1puweM1hFsF1LpIZLM,3
6649,spotify:artist:5sL9uDMwceYHPknnCLAAwJ,spotify:artist:4O71i7ke5iIBX6RNSFoZbS,3
6650,spotify:artist:5sL9uDMwceYHPknnCLAAwJ,spotify:artist:1PXHzxRDiLnjqNrRn2Xbsa,3
6651,spotify:artist:5sL9uDMwceYHPknnCLAAwJ,spotify:artist:3aKCo8gLJfuPYtr88aWKjF,3
6652,spotify:artist:5sL9uDMwceYHPknnCLAAwJ,spotify:artist:3QhNv79NoIvarU6N57GBzL,3
6653,spotify:artist:5sL9uDMwceYHPknnCLAAwJ,spotify:artist:5BKsn7SCN2XmbF7apdCpRS,3
6654,spotify:artist:5sL9uDMwceYHPknnCLAAwJ,spotify:artist:3NQUtyu0fGDFqYzG5xhslP,3
6655,spotify:artist:5sL9uDMwceYHPknnCLAAwJ,spotify:artist:4xcn3zUUGf03kOIJueXHVp,3
6656,spotify:artist:5sL9uDMwceYHPknnCLAAwJ,spotify:artist:3csPCeXsj2wezyvkRFzvmV,3
6657,spotify:artist:5sL9uDMwceYHPknnCLAAwJ,spotify:artist:59xljcfdN2Z9VX2U5RFKEa,3
6658,spotify:artist:5sL9uDMwceYHPknnCLAAwJ,spotify:artist:7oDTyDfeA2JE2jUZztkBj8,3
6659,spotify:artist:5sL9uDMwceYHPknnCLAAwJ,spotify:artist:5squ8uM6fhMQY71t9xobJC,3
6660,spotify:artist:0H0rBbf7vHXO3qh50Wap7y,spotify:artist:0MoXIHcFwhIWnFgBfdvQ30,3
6661,spotify:artist:0H0rBbf7vHXO3qh50Wap7y,spotify:artist:7zt6Af78CalxaPDqORfw8L,3
6662,spotify:artist:0H0rBbf7vHXO3qh50Wap7y,spotify:artist:3K2zB87GZv1krx031en5VA,3
6663,spotify:artist:0H0rBbf7vHXO3qh50Wap7y,spotify:artist:1Eqmku5RGosz51zTCZFgDi,3
6664,spotify:artist:0H0rBbf7vHXO3qh50Wap7y,spotify:artist:4GLJPBj5Cdr9AgLKvLWM4n,3
6665,spotify:artist:0H0rBbf7vHXO3qh50Wap7y,spotify:artist:3qwabfaWewpfli7hMNM3O8,3
6666,spotify:artist:0H0rBbf7vHXO3qh50Wap7y,spotify:artist:25bvQC4jyyFUce6jbzNlwb,3
6667,spotify:artist:0H0rBbf7vHXO3qh50Wap7y,spotify:artist:6prqlx3RqGdTYsXANXDCR1,3
6668,spotify:artist:0H0rBbf7vHXO3qh50Wap7y,spotify:artist:3Y10boYzeuFCJ4Qgp53w6o,3
6669,spotify:artist:0H0rBbf7vHXO3qh50Wap7y,spotify:artist:6XCS9JCn56Q252cMOTbeq6,3
6670,spotify:artist:0H0rBbf7vHXO3qh50Wap7y,spotify:artist:6UE7nl9mha6s8z0wFQFIZ2,3
6671,spotify:artist:0H0rBbf7vHXO3qh50Wap7y,spotify:artist:1WHoAjAWGx5qLsgzpaOk7W,3
6672,spotify:artist:0H0rBbf7vHXO3qh50Wap7y,spotify:artist:2mV8aJphiSHYJf43DxL7Gt,3
6673,spotify:artist:0H0rBbf7vHXO3qh50Wap7y,spotify:artist:2cBh5lVMg222FFuRU7EfDE,3
6674,spotify:artist:0H0rBbf7vHXO3qh50Wap7y,spotify:artist:5BKsn7SCN2XmbF7apdCpRS,3
6675,spotify:artist:0H0rBbf7vHXO3qh50Wap7y,spotify:artist:5TfnQ0Ai1cEbKY5katFK14,3
6676,spotify:artist:0H0rBbf7vHXO3qh50Wap7y,spotify:artist:7gRhy3MIPHQo5CXYfWaw9I,3
6677,spotify:artist:0H0rBbf7vHXO3qh50Wap7y,spotify:artist:7y8lzaGqtadGmtAtg2SGv4,3
6678,spotify:artist:0H0rBbf7vHXO3qh50Wap7y,spotify:artist:6ieVhWXtOmK6DO6dmX7Eko,3
6679,spotify:artist:0H0rBbf7vHXO3qh50Wap7y,spotify:artist:0WbqAlM1WvfUD6dF7omThd,3
6680,spotify:artist:7w29UYBi0qsHi5RTcv3lmA,spotify:artist:5BKsn7SCN2XmbF7apdCpRS,3
6681,spotify:artist:7w29UYBi0qsHi5RTcv3lmA,spotify:artist:6liAMWkVf5LH7YR9yfFy1Y,3
6682,spotify:artist:7w29UYBi0qsHi5RTcv3lmA,spotify:artist:7eQZTqEMozBcuSubfu52i4,3
6683,spotify:artist:7w29UYBi0qsHi5RTcv3lmA,spotify:artist:12VaqyEhgwDRuFfEqbnrpz,3
6684,spotify:artist:7w29UYBi0qsHi5RTcv3lmA,spotify:artist:1G0Xwj8mza6b03iYkVdzDP,3
6685,spotify:artist:7w29UYBi0qsHi5RTcv3lmA,spotify:artist:3qwabfaWewpfli7hMNM3O8,3
6686,spotify:artist:7w29UYBi0qsHi5RTcv3lmA,spotify:artist:6l77PmL5iuEEcYjGl8K6s7,3
6687,spotify:artist:7w29UYBi0qsHi5RTcv3lmA,spotify:artist:05fo024EFotg9songSENOZ,3
6688,spotify:artist:7w29UYBi0qsHi5RTcv3lmA,spotify:artist:5hE6NCoobhyEu6TRSbjOJY,3
6689,spotify:artist:7w29UYBi0qsHi5RTcv3lmA,spotify:artist:6UOcY6w4K6Ek5Lw5rFDHdP,3
6690,spotify:artist:7w29UYBi0qsHi5RTcv3lmA,spotify:artist:4aaBjq7VqqQvpSF69GglvO,3
6691,spotify:artist:7w29UYBi0qsHi5RTcv3lmA,spotify:artist:6hhA8TKRNryM8FNzqCqdDO,3
6692,spotify:artist:7w29UYBi0qsHi5RTcv3lmA,spotify:artist:08YvZ2qzFrDSITfHLbPKMP,3
6693,spotify:artist:7w29UYBi0qsHi5RTcv3lmA,spotify:artist:5Wabl1lPdNOeIn0SQ5A1mp,3
6694,spotify:artist:7w29UYBi0qsHi5RTcv3lmA,spotify:artist:4CvTDPKA6W06DRfBnZKrau,3
6695,spotify:artist:7w29UYBi0qsHi5RTcv3lmA,spotify:artist:1aSxMhuvixZ8h9dK9jIDwL,3
6696,spotify:artist:7w29UYBi0qsHi5RTcv3lmA,spotify:artist:0WtTGUjbur1R1cNzBvbsMU,3
6697,spotify:artist:7w29UYBi0qsHi5RTcv3lmA,spotify:artist:3g2kUQ6tHLLbmkV7T4GPtL,3
6698,spotify:artist:7w29UYBi0qsHi5RTcv3lmA,spotify:artist:5JLqvjW3Nyom2OsRUyFsS9,3
6699,spotify:artist:7w29UYBi0qsHi5RTcv3lmA,spotify:artist:1KsASRNugxU85T0u6zSg32,3
6700,spotify:artist:5hE6NCoobhyEu6TRSbjOJY,spotify:artist:7eQZTqEMozBcuSubfu52i4,3
6701,spotify:artist:5hE6NCoobhyEu6TRSbjOJY,spotify:artist:7JUms0YyWoLQ0ICQvrEgjL,3
6702,spotify:artist:5hE6NCoobhyEu6TRSbjOJY,spotify:artist:7qHOphlWaJrfFa0BqpayDG,3
6703,spotify:artist:5hE6NCoobhyEu6TRSbjOJY,spotify:artist:6UOcY6w4K6Ek5Lw5rFDHdP,3
6704,spotify:artist:5hE6NCoobhyEu6TRSbjOJY,spotify:artist:0ucLPotcQNI7AViFytdhBz,3
6705,spotify:artist:5hE6NCoobhyEu6TRSbjOJY,spotify:artist:2mAYpnSe3g2Y22JcZ2ddku,3
6706,spotify:artist:5hE6NCoobhyEu6TRSbjOJY,spotify:artist:05fo024EFotg9songSENOZ,3
6707,spotify:artist:5hE6NCoobhyEu6TRSbjOJY,spotify:artist:6l77PmL5iuEEcYjGl8K6s7,3
6708,spotify:artist:5hE6NCoobhyEu6TRSbjOJY,spotify:artist:1o43SzzuLoyOxqThmp7s0g,3
6709,spotify:artist:5hE6NCoobhyEu6TRSbjOJY,spotify:artist:78OKNrjc3BvniYTqvpOp6P,3
6710,spotify:artist:5hE6NCoobhyEu6TRSbjOJY,spotify:artist:3qwabfaWewpfli7hMNM3O8,3
6711,spotify:artist:5hE6NCoobhyEu6TRSbjOJY,spotify:artist:5BKsn7SCN2XmbF7apdCpRS,3
6712,spotify:artist:5hE6NCoobhyEu6TRSbjOJY,spotify:artist:6VJZYivuYJGCrPuOAnI7Qo,3
6713,spotify:artist:5hE6NCoobhyEu6TRSbjOJY,spotify:artist:1WHoAjAWGx5qLsgzpaOk7W,3
6714,spotify:artist:5hE6NCoobhyEu6TRSbjOJY,spotify:artist:4tOVIRjlWWfR1RrAxyRqTE,3
6715,spotify:artist:5hE6NCoobhyEu6TRSbjOJY,spotify:artist:7x3Y6pFeDGLJjv1V5uToHv,3
6716,spotify:artist:5hE6NCoobhyEu6TRSbjOJY,spotify:artist:7w29UYBi0qsHi5RTcv3lmA,3
6717,spotify:artist:5hE6NCoobhyEu6TRSbjOJY,spotify:artist:7atGlyFY5574ph1tGMs6gD,3
6718,spotify:artist:5hE6NCoobhyEu6TRSbjOJY,spotify:artist:3AmgGrYHXqgbmZ2yKoIVzO,3
6719,spotify:artist:5hE6NCoobhyEu6TRSbjOJY,spotify:artist:6ZK2nrW8aCTg8Bid7I7N10,3
6720,spotify:artist:7qHOphlWaJrfFa0BqpayDG,spotify:artist:7JUms0YyWoLQ0ICQvrEgjL,3
6721,spotify:artist:7qHOphlWaJrfFa0BqpayDG,spotify:artist:7eQZTqEMozBcuSubfu52i4,3
6722,spotify:artist:7qHOphlWaJrfFa0BqpayDG,spotify:artist:5hE6NCoobhyEu6TRSbjOJY,3
6723,spotify:artist:7qHOphlWaJrfFa0BqpayDG,spotify:artist:6UOcY6w4K6Ek5Lw5rFDHdP,3
6724,spotify:artist:7qHOphlWaJrfFa0BqpayDG,spotify:artist:6ys6r2ftzNbWUTSlqlkPO2,3
6725,spotify:artist:7qHOphlWaJrfFa0BqpayDG,spotify:artist:6VJZYivuYJGCrPuOAnI7Qo,3
6726,spotify:artist:7qHOphlWaJrfFa0BqpayDG,spotify:artist:7atGlyFY5574ph1tGMs6gD,3
6727,spotify:artist:7qHOphlWaJrfFa0BqpayDG,spotify:artist:1o43SzzuLoyOxqThmp7s0g,3
6728,spotify:artist:7qHOphlWaJrfFa0BqpayDG,spotify:artist:2mAYpnSe3g2Y22JcZ2ddku,3
6729,spotify:artist:7qHOphlWaJrfFa0BqpayDG,spotify:artist:0O9n1swkbCd1KqV2QrSVHl,3
6730,spotify:artist:7qHOphlWaJrfFa0BqpayDG,spotify:artist:1rlC0qRy1Ndg2uAoFoFlyJ,3
6731,spotify:artist:7qHOphlWaJrfFa0BqpayDG,spotify:artist:1WHoAjAWGx5qLsgzpaOk7W,3
6732,spotify:artist:7qHOphlWaJrfFa0BqpayDG,spotify:artist:4XbiPPlbv4ush1isus6Daj,3
6733,spotify:artist:7qHOphlWaJrfFa0BqpayDG,spotify:artist:1gkSl4XpHIHI4I1WQbfXOE,3
6734,spotify:artist:7qHOphlWaJrfFa0BqpayDG,spotify:artist:3qwabfaWewpfli7hMNM3O8,3
6735,spotify:artist:7qHOphlWaJrfFa0BqpayDG,spotify:artist:2PDepyCtfybWn5UJv0DmKw,3
6736,spotify:artist:7qHOphlWaJrfFa0BqpayDG,spotify:artist:7x3Y6pFeDGLJjv1V5uToHv,3
6737,spotify:artist:7qHOphlWaJrfFa0BqpayDG,spotify:artist:3QhNv79NoIvarU6N57GBzL,3
6738,spotify:artist:7qHOphlWaJrfFa0BqpayDG,spotify:artist:0ucLPotcQNI7AViFytdhBz,3
6739,spotify:artist:7qHOphlWaJrfFa0BqpayDG,spotify:artist:78OKNrjc3BvniYTqvpOp6P,3
6740,spotify:artist:6UE7nl9mha6s8z0wFQFIZ2,spotify:artist:3qwabfaWewpfli7hMNM3O8,3
6741,spotify:artist:6UE7nl9mha6s8z0wFQFIZ2,spotify:artist:0MoXIHcFwhIWnFgBfdvQ30,3
6742,spotify:artist:6UE7nl9mha6s8z0wFQFIZ2,spotify:artist:7pyhre5oEEFMqcgMEvJY7q,3
6743,spotify:artist:6UE7nl9mha6s8z0wFQFIZ2,spotify:artist:3K2zB87GZv1krx031en5VA,3
6744,spotify:artist:6UE7nl9mha6s8z0wFQFIZ2,spotify:artist:6oBm8HB0yfrIc9IHbxs6in,3
6745,spotify:artist:6UE7nl9mha6s8z0wFQFIZ2,spotify:artist:7gRhy3MIPHQo5CXYfWaw9I,3
6746,spotify:artist:6UE7nl9mha6s8z0wFQFIZ2,spotify:artist:2YL0l5fnyHE9FEf1bwFGCc,3
6747,spotify:artist:6UE7nl9mha6s8z0wFQFIZ2,spotify:artist:4hiLNlqr4vQdiuo1aQKSXS,3
6748,spotify:artist:6UE7nl9mha6s8z0wFQFIZ2,spotify:artist:6SYIsHAQ1sPokVxmzpaDBU,3
6749,spotify:artist:6UE7nl9mha6s8z0wFQFIZ2,spotify:artist:6UOcY6w4K6Ek5Lw5rFDHdP,3
6750,spotify:artist:6UE7nl9mha6s8z0wFQFIZ2,spotify:artist:6ueGR6SWhUJfvEhqkvMsVs,3
6751,spotify:artist:6UE7nl9mha6s8z0wFQFIZ2,spotify:artist:5QuBVnBPEzwYvFrgBbwpmU,3
6752,spotify:artist:6UE7nl9mha6s8z0wFQFIZ2,spotify:artist:7eQZTqEMozBcuSubfu52i4,3
6753,spotify:artist:6UE7nl9mha6s8z0wFQFIZ2,spotify:artist:4Ge8xMJNwt6EEXOzVXju9a,3
6754,spotify:artist:6UE7nl9mha6s8z0wFQFIZ2,spotify:artist:4cJKxS7uOPhwb5UQ70sYpN,3
6755,spotify:artist:6UE7nl9mha6s8z0wFQFIZ2,spotify:artist:1qpR5mURxk3d8f6mww6uKT,3
6756,spotify:artist:6UE7nl9mha6s8z0wFQFIZ2,spotify:artist:5BKsn7SCN2XmbF7apdCpRS,3
6757,spotify:artist:6UE7nl9mha6s8z0wFQFIZ2,spotify:artist:3P6ePaE5unCm7vjccfcBAe,3
6758,spotify:artist:6UE7nl9mha6s8z0wFQFIZ2,spotify:artist:3Xt3RrJMFv5SZkCfUE8C1J,3
6759,spotify:artist:6UE7nl9mha6s8z0wFQFIZ2,spotify:artist:2ueoLVCXQ948OfhVvAy3Nn,3
6760,spotify:artist:7xFnmid57ZE6iWEXdEXO3b,spotify:artist:13ccXrK7AmXb4TddMkE7jy,3
6761,spotify:artist:7xFnmid57ZE6iWEXdEXO3b,spotify:artist:1N2FgBLehaq77UEdJhCt7f,3
6762,spotify:artist:7xFnmid57ZE6iWEXdEXO3b,spotify:artist:6cLEWhEKQl6nAvgr60M7zC,3
6763,spotify:artist:7xFnmid57ZE6iWEXdEXO3b,spotify:artist:3qwabfaWewpfli7hMNM3O8,3
6764,spotify:artist:7xFnmid57ZE6iWEXdEXO3b,spotify:artist:1GWV70Reko15eV2nHCm0bM,3
6765,spotify:artist:7xFnmid57ZE6iWEXdEXO3b,spotify:artist:4w3QqrcmBv8dasemwBXmxf,3
6766,spotify:artist:7xFnmid57ZE6iWEXdEXO3b,spotify:artist:4RIOH6XCUt1Xr8NLUj2u66,3
6767,spotify:artist:7xFnmid57ZE6iWEXdEXO3b,spotify:artist:5BKsn7SCN2XmbF7apdCpRS,3
6768,spotify:artist:7xFnmid57ZE6iWEXdEXO3b,spotify:artist:5CXWXFfhDhFN5uzbfUwAKt,3
6769,spotify:artist:7xFnmid57ZE6iWEXdEXO3b,spotify:artist:7sbwBqdkynNUDgiWU3TQ5J,3
6770,spotify:artist:7xFnmid57ZE6iWEXdEXO3b,spotify:artist:3loflELg7MzgrOyNqERolN,3
6771,spotify:artist:7xFnmid57ZE6iWEXdEXO3b,spotify:artist:1ZsnHGOLYFg8CAHQQBc1ut,3
6772,spotify:artist:7xFnmid57ZE6iWEXdEXO3b,spotify:artist:06U3HB7kYW3D8AORt54Xp8,3
6773,spotify:artist:7xFnmid57ZE6iWEXdEXO3b,spotify:artist:3UpIbyXfGzmHG6TMH4dJEk,3
6774,spotify:artist:7xFnmid57ZE6iWEXdEXO3b,spotify:artist:2wXBWJhbm1gfEVjyEEuhDH,3
6775,spotify:artist:7xFnmid57ZE6iWEXdEXO3b,spotify:artist:59luKpdal8UwxcuLJNoKwS,3
6776,spotify:artist:7xFnmid57ZE6iWEXdEXO3b,spotify:artist:6juuiuCv8jRHZOcvP2BqKp,3
6777,spotify:artist:7xFnmid57ZE6iWEXdEXO3b,spotify:artist:3JxCEqL9zjKnDJgUhRuRJD,3
6778,spotify:artist:7xFnmid57ZE6iWEXdEXO3b,spotify:artist:7nBZYpVAH6bD0QlD7Mpil7,3
6779,spotify:artist:7xFnmid57ZE6iWEXdEXO3b,spotify:artist:6PBv8t9YTLggA9ZMwpeoqj,3
6780,spotify:artist:2f9ZiYA2ic1r1voObUimdd,spotify:artist:4ihCM8I0fpWodgjo0mTlhZ,3
6781,spotify:artist:2f9ZiYA2ic1r1voObUimdd,spotify:artist:4eQJIXFEujzhTVVS1gIfu5,3
6782,spotify:artist:2f9ZiYA2ic1r1voObUimdd,spotify:artist:1m24736Bdew1oQVxTePOCo,3
6783,spotify:artist:2f9ZiYA2ic1r1voObUimdd,spotify:artist:3qwabfaWewpfli7hMNM3O8,3
6784,spotify:artist:2f9ZiYA2ic1r1voObUimdd,spotify:artist:2eogQKWWoohI3BSnoG7E2U,3
6785,spotify:artist:2f9ZiYA2ic1r1voObUimdd,spotify:artist:3JxCEqL9zjKnDJgUhRuRJD,3
6786,spotify:artist:2f9ZiYA2ic1r1voObUimdd,spotify:artist:5RNFFojXkPRmlJZIwXeKQC,3
6787,spotify:artist:2f9ZiYA2ic1r1voObUimdd,spotify:artist:6gkWznnJkdkwRPVcmnrays,3
6788,spotify:artist:2f9ZiYA2ic1r1voObUimdd,spotify:artist:0Xf8oDAJYd2D0k3NLI19OV,3
6789,spotify:artist:2f9ZiYA2ic1r1voObUimdd,spotify:artist:5b4SvpTqll0LSqJWPpXya5,3
6790,spotify:artist:2f9ZiYA2ic1r1voObUimdd,spotify:artist:5TGTpu4g8siFOIctZuQO7y,3
6791,spotify:artist:2f9ZiYA2ic1r1voObUimdd,spotify:artist:3fhOTtm0LBJ3Ojn4hIljLo,3
6792,spotify:artist:2f9ZiYA2ic1r1voObUimdd,spotify:artist:2wpWOzQE5TpA0dVnh5YD08,3
6793,spotify:artist:2f9ZiYA2ic1r1voObUimdd,spotify:artist:77zrvBORXcnTyysjjKRfBU,3
6794,spotify:artist:2f9ZiYA2ic1r1voObUimdd,spotify:artist:1aSxMhuvixZ8h9dK9jIDwL,3
6795,spotify:artist:2f9ZiYA2ic1r1voObUimdd,spotify:artist:6mQfAAqZGBzIfrmlZCeaYT,3
6796,spotify:artist:2f9ZiYA2ic1r1voObUimdd,spotify:artist:5PYuBRQMHh7nWmdV076sH9,3
6797,spotify:artist:2f9ZiYA2ic1r1voObUimdd,spotify:artist:7vPXrGlSGukcwpaPxUfKKR,3
6798,spotify:artist:2f9ZiYA2ic1r1voObUimdd,spotify:artist:4EF5vIcCYKMM61oYOG2Tqa,3
6799,spotify:artist:2f9ZiYA2ic1r1voObUimdd,spotify:artist:4aaBjq7VqqQvpSF69GglvO,3
6800,spotify:artist:4HEIKb9PGw8MG7Am50ev98,spotify:artist:3TScZ6zJkavDy0tqoGqiCf,3
6801,spotify:artist:4HEIKb9PGw8MG7Am50ev98,spotify:artist:3dmSPhg0tdao8ePj4pySJ5,3
6802,spotify:artist:4HEIKb9PGw8MG7Am50ev98,spotify:artist:1ZsnHGOLYFg8CAHQQBc1ut,3
6803,spotify:artist:4HEIKb9PGw8MG7Am50ev98,spotify:artist:77oD8X9qLXZhpbCjv53l5n,3
6804,spotify:artist:4HEIKb9PGw8MG7Am50ev98,spotify:artist:2Lhs0asnFQiLuntn3s8p78,3
6805,spotify:artist:4HEIKb9PGw8MG7Am50ev98,spotify:artist:1XW5L5zIBqMw7sqkkuIi5n,3
6806,spotify:artist:4HEIKb9PGw8MG7Am50ev98,spotify:artist:70gvc4NvTwgBpEB1goYy8z,3
6807,spotify:artist:4HEIKb9PGw8MG7Am50ev98,spotify:artist:4YsP5zmteLQ7etNjHAOu30,3
6808,spotify:artist:4HEIKb9PGw8MG7Am50ev98,spotify:artist:5EOPLr73C9nIPYwVEAsiOY,3
6809,spotify:artist:4HEIKb9PGw8MG7Am50ev98,spotify:artist:339qxEdD8z8okRAiTp1HKf,3
6810,spotify:artist:4HEIKb9PGw8MG7Am50ev98,spotify:artist:2oAKV8mT3NB1hZbGbGcdYB,3
6811,spotify:artist:4HEIKb9PGw8MG7Am50ev98,spotify:artist:0wz0jO9anccPzH04N7FLBH,3
6812,spotify:artist:4HEIKb9PGw8MG7Am50ev98,spotify:artist:7EV6jW6dotBdvsHj6xPixi,3
6813,spotify:artist:4HEIKb9PGw8MG7Am50ev98,spotify:artist:0qt6QSruHshcWT9QOzyfZp,3
6814,spotify:artist:4HEIKb9PGw8MG7Am50ev98,spotify:artist:4IDoKaZIEacb3QncU8RQMp,3
6815,spotify:artist:4HEIKb9PGw8MG7Am50ev98,spotify:artist:4jSYHcSo85heWskYvAULio,3
6816,spotify:artist:4HEIKb9PGw8MG7Am50ev98,spotify:artist:3W4xM5XYtUp4ifYYPVKVdk,3
6817,spotify:artist:4HEIKb9PGw8MG7Am50ev98,spotify:artist:5SP6T04F8Ic9oftMVfdKkp,3
6818,spotify:artist:4HEIKb9PGw8MG7Am50ev98,spotify:artist:2zAvisjImPICTNsRgagqlV,3
6819,spotify:artist:4HEIKb9PGw8MG7Am50ev98,spotify:artist:4yvuCAFk8vERXXBf138h8S,3
6820,spotify:artist:6PBv8t9YTLggA9ZMwpeoqj,spotify:artist:67pQ8Yr09zDDzzwWw3EG9R,3
6821,spotify:artist:6PBv8t9YTLggA9ZMwpeoqj,spotify:artist:55dlp5I9jyc4UjzlrcKMnq,3
6822,spotify:artist:6PBv8t9YTLggA9ZMwpeoqj,spotify:artist:50sSN9E5i4DJzYDclAXlSo,3
6823,spotify:artist:6PBv8t9YTLggA9ZMwpeoqj,spotify:artist:0jkK3K1ATFFHofEWjd2i00,3
6824,spotify:artist:6PBv8t9YTLggA9ZMwpeoqj,spotify:artist:0fqE57gXXTTqxXlFYVNG2u,3
6825,spotify:artist:6PBv8t9YTLggA9ZMwpeoqj,spotify:artist:3TScZ6zJkavDy0tqoGqiCf,3
6826,spotify:artist:6PBv8t9YTLggA9ZMwpeoqj,spotify:artist:6cLEWhEKQl6nAvgr60M7zC,3
6827,spotify:artist:6PBv8t9YTLggA9ZMwpeoqj,spotify:artist:3dmSPhg0tdao8ePj4pySJ5,3
6828,spotify:artist:6PBv8t9YTLggA9ZMwpeoqj,spotify:artist:37qXWlhfRvpxmIeTKvfw8B,3
6829,spotify:artist:6PBv8t9YTLggA9ZMwpeoqj,spotify:artist:6l77PmL5iuEEcYjGl8K6s7,3
6830,spotify:artist:6PBv8t9YTLggA9ZMwpeoqj,spotify:artist:6G7OerKc3eBO9sVkRNopFC,3
6831,spotify:artist:6PBv8t9YTLggA9ZMwpeoqj,spotify:artist:3nOQJdlPEzFVhTEzxwcGax,3
6832,spotify:artist:6PBv8t9YTLggA9ZMwpeoqj,spotify:artist:4fxp616ALtFWnXfwxnjLzW,3
6833,spotify:artist:6PBv8t9YTLggA9ZMwpeoqj,spotify:artist:12VaqyEhgwDRuFfEqbnrpz,3
6834,spotify:artist:6PBv8t9YTLggA9ZMwpeoqj,spotify:artist:0LZac5VicY19QLaIUvIB0G,3
6835,spotify:artist:6PBv8t9YTLggA9ZMwpeoqj,spotify:artist:2QIHd0B2VIKlmLyoq4lUr7,3
6836,spotify:artist:6PBv8t9YTLggA9ZMwpeoqj,spotify:artist:6Lt6KFXX3P0v6vfrynQAMo,3
6837,spotify:artist:6PBv8t9YTLggA9ZMwpeoqj,spotify:artist:0ZUyFEafMwocvApBjTXvdo,3
6838,spotify:artist:6PBv8t9YTLggA9ZMwpeoqj,spotify:artist:2Lhs0asnFQiLuntn3s8p78,3
6839,spotify:artist:6PBv8t9YTLggA9ZMwpeoqj,spotify:artist:2zAvisjImPICTNsRgagqlV,3
6840,spotify:artist:1ZsnHGOLYFg8CAHQQBc1ut,spotify:artist:7EV6jW6dotBdvsHj6xPixi,3
6841,spotify:artist:1ZsnHGOLYFg8CAHQQBc1ut,spotify:artist:244fcyNSuyhbRlMGfMbYrO,3
6842,spotify:artist:1ZsnHGOLYFg8CAHQQBc1ut,spotify:artist:3dmSPhg0tdao8ePj4pySJ5,3
6843,spotify:artist:1ZsnHGOLYFg8CAHQQBc1ut,spotify:artist:5EOPLr73C9nIPYwVEAsiOY,3
6844,spotify:artist:1ZsnHGOLYFg8CAHQQBc1ut,spotify:artist:77oD8X9qLXZhpbCjv53l5n,3
6845,spotify:artist:1ZsnHGOLYFg8CAHQQBc1ut,spotify:artist:3TScZ6zJkavDy0tqoGqiCf,3
6846,spotify:artist:1ZsnHGOLYFg8CAHQQBc1ut,spotify:artist:4IDoKaZIEacb3QncU8RQMp,3
6847,spotify:artist:1ZsnHGOLYFg8CAHQQBc1ut,spotify:artist:2Lhs0asnFQiLuntn3s8p78,3
6848,spotify:artist:1ZsnHGOLYFg8CAHQQBc1ut,spotify:artist:4yvuCAFk8vERXXBf138h8S,3
6849,spotify:artist:1ZsnHGOLYFg8CAHQQBc1ut,spotify:artist:13W7XLRXdWeLmIu9vacE1w,3
6850,spotify:artist:1ZsnHGOLYFg8CAHQQBc1ut,spotify:artist:5CXWXFfhDhFN5uzbfUwAKt,3
6851,spotify:artist:1ZsnHGOLYFg8CAHQQBc1ut,spotify:artist:1GWV70Reko15eV2nHCm0bM,3
6852,spotify:artist:1ZsnHGOLYFg8CAHQQBc1ut,spotify:artist:0LVrQUinPUBFvVD5pLqmWY,3
6853,spotify:artist:1ZsnHGOLYFg8CAHQQBc1ut,spotify:artist:0dLSQG3IV62UNVhWUe6mx6,3
6854,spotify:artist:1ZsnHGOLYFg8CAHQQBc1ut,spotify:artist:2wXBWJhbm1gfEVjyEEuhDH,3
6855,spotify:artist:1ZsnHGOLYFg8CAHQQBc1ut,spotify:artist:0TJB3EE2efClsYIDQ8V2Jk,3
6856,spotify:artist:1ZsnHGOLYFg8CAHQQBc1ut,spotify:artist:04tBaW21jyUfeP5iqiKBVq,3
6857,spotify:artist:1ZsnHGOLYFg8CAHQQBc1ut,spotify:artist:38euc5ce2q2MMzaoJcPstz,3
6858,spotify:artist:1ZsnHGOLYFg8CAHQQBc1ut,spotify:artist:7Lf3LOZp3U3u2f6cWMd3AH,3
6859,spotify:artist:1ZsnHGOLYFg8CAHQQBc1ut,spotify:artist:2E70ENJNHoACgzTkJ3QnO4,3
6860,spotify:artist:4ieS1hHc74D9RXhkyoriDU,spotify:artist:0dLSQG3IV62UNVhWUe6mx6,3
6861,spotify:artist:4ieS1hHc74D9RXhkyoriDU,spotify:artist:2LMR8u7DOMF0FBseDpTsRa,3
6862,spotify:artist:4ieS1hHc74D9RXhkyoriDU,spotify:artist:5P1tdwsQdI6z9MXXfmYRDS,3
6863,spotify:artist:4ieS1hHc74D9RXhkyoriDU,spotify:artist:0FOcXqJgJ1oq9XfzYTDZmZ,3
6864,spotify:artist:4ieS1hHc74D9RXhkyoriDU,spotify:artist:5SP6T04F8Ic9oftMVfdKkp,3
6865,spotify:artist:4ieS1hHc74D9RXhkyoriDU,spotify:artist:3pUiNPLwDNM46B8BdRspFW,3
6866,spotify:artist:4ieS1hHc74D9RXhkyoriDU,spotify:artist:3TScZ6zJkavDy0tqoGqiCf,3
6867,spotify:artist:4ieS1hHc74D9RXhkyoriDU,spotify:artist:2H5FmmxEe60Tl6PZyfa95F,3
6868,spotify:artist:4ieS1hHc74D9RXhkyoriDU,spotify:artist:67tGvTTG36JaxuJ0UBkMzu,3
6869,spotify:artist:4ieS1hHc74D9RXhkyoriDU,spotify:artist:5zhn89Em2jWUUWdpcLO3YL,3
6870,spotify:artist:4ieS1hHc74D9RXhkyoriDU,spotify:artist:4IDoKaZIEacb3QncU8RQMp,3
6871,spotify:artist:4ieS1hHc74D9RXhkyoriDU,spotify:artist:2E70ENJNHoACgzTkJ3QnO4,3
6872,spotify:artist:4ieS1hHc74D9RXhkyoriDU,spotify:artist:1UrfmsMDKHSYXj7SaPjyWL,3
6873,spotify:artist:4ieS1hHc74D9RXhkyoriDU,spotify:artist:3Kf7VEIRWquxrNIuyJZnfF,3
6874,spotify:artist:4ieS1hHc74D9RXhkyoriDU,spotify:artist:4Qk5Rvoyk2vPhbaJyAP1uL,3
6875,spotify:artist:4ieS1hHc74D9RXhkyoriDU,spotify:artist:6ho33Vt1tjZyf8m7Z5NZhx,3
6876,spotify:artist:4ieS1hHc74D9RXhkyoriDU,spotify:artist:0LVrQUinPUBFvVD5pLqmWY,3
6877,spotify:artist:4ieS1hHc74D9RXhkyoriDU,spotify:artist:6XiSck3QPuXk7ho6zlDz3P,3
6878,spotify:artist:4ieS1hHc74D9RXhkyoriDU,spotify:artist:77oD8X9qLXZhpbCjv53l5n,3
6879,spotify:artist:4ieS1hHc74D9RXhkyoriDU,spotify:artist:3cePP77CX6XY9b0aigzrqh,3
6880,spotify:artist:4YsP5zmteLQ7etNjHAOu30,spotify:artist:3W4xM5XYtUp4ifYYPVKVdk,3
6881,spotify:artist:4YsP5zmteLQ7etNjHAOu30,spotify:artist:0CoiIc6ZLBvF9Cjmb1Cj49,3
6882,spotify:artist:4YsP5zmteLQ7etNjHAOu30,spotify:artist:3bw0A7x5AgdJsK20ai5iS6,3
6883,spotify:artist:4YsP5zmteLQ7etNjHAOu30,spotify:artist:64tVHZVSAZhDEiOJxnb6hE,3
6884,spotify:artist:4YsP5zmteLQ7etNjHAOu30,spotify:artist:77oD8X9qLXZhpbCjv53l5n,3
6885,spotify:artist:4YsP5zmteLQ7etNjHAOu30,spotify:artist:4G0XDEk7RbA4BBCTs917U9,3
6886,spotify:artist:4YsP5zmteLQ7etNjHAOu30,spotify:artist:79JJCxCCfJ8HufX6w8q2k4,3
6887,spotify:artist:4YsP5zmteLQ7etNjHAOu30,spotify:artist:3TScZ6zJkavDy0tqoGqiCf,3
6888,spotify:artist:4YsP5zmteLQ7etNjHAOu30,spotify:artist:5E7zSu46SqTmgKqsc0tFkY,3
6889,spotify:artist:4YsP5zmteLQ7etNjHAOu30,spotify:artist:6nXSnNEdLuKTzAQozRtqiI,3
6890,spotify:artist:4YsP5zmteLQ7etNjHAOu30,spotify:artist:2Jv5eshHtLycR6R8KQCdc4,3
6891,spotify:artist:4YsP5zmteLQ7etNjHAOu30,spotify:artist:2Lhs0asnFQiLuntn3s8p78,3
6892,spotify:artist:4YsP5zmteLQ7etNjHAOu30,spotify:artist:2HcZuUtnktqMHm4H1R9gAR,3
6893,spotify:artist:4YsP5zmteLQ7etNjHAOu30,spotify:artist:57kIMCLPgkzQlXjblX7XXP,3
6894,spotify:artist:4YsP5zmteLQ7etNjHAOu30,spotify:artist:2zAvisjImPICTNsRgagqlV,3
6895,spotify:artist:4YsP5zmteLQ7etNjHAOu30,spotify:artist:2iUVQjheBnvOt8vaBrxXJz,3
6896,spotify:artist:4YsP5zmteLQ7etNjHAOu30,spotify:artist:6kFay2DQ5aZfeu5OsrF3Pw,3
6897,spotify:artist:4YsP5zmteLQ7etNjHAOu30,spotify:artist:3uQ5cxFHxXddqPL58egs1z,3
6898,spotify:artist:4YsP5zmteLQ7etNjHAOu30,spotify:artist:6KJIIOCWsWtNc7ICINtPEw,3
6899,spotify:artist:4YsP5zmteLQ7etNjHAOu30,spotify:artist:0wz0jO9anccPzH04N7FLBH,3
6900,spotify:artist:5P1tdwsQdI6z9MXXfmYRDS,spotify:artist:5nYg8XQXXBVTDPphRLBsfX,3
6901,spotify:artist:5P1tdwsQdI6z9MXXfmYRDS,spotify:artist:0dLSQG3IV62UNVhWUe6mx6,3
6902,spotify:artist:5P1tdwsQdI6z9MXXfmYRDS,spotify:artist:4Qk5Rvoyk2vPhbaJyAP1uL,3
6903,spotify:artist:5P1tdwsQdI6z9MXXfmYRDS,spotify:artist:7sx3r4lMo079vO7lIi0fng,3
6904,spotify:artist:5P1tdwsQdI6z9MXXfmYRDS,spotify:artist:5JWEBEt8VxHHxYKFmpzjwD,3
6905,spotify:artist:5P1tdwsQdI6z9MXXfmYRDS,spotify:artist:67tGvTTG36JaxuJ0UBkMzu,3
6906,spotify:artist:5P1tdwsQdI6z9MXXfmYRDS,spotify:artist:4ieS1hHc74D9RXhkyoriDU,3
6907,spotify:artist:5P1tdwsQdI6z9MXXfmYRDS,spotify:artist:53HMXaQpXt5m6cBJNO5OFX,3
6908,spotify:artist:5P1tdwsQdI6z9MXXfmYRDS,spotify:artist:3Wok7FweiLrlia97LMCJh1,3
6909,spotify:artist:5P1tdwsQdI6z9MXXfmYRDS,spotify:artist:3b0YRaadaoMwK4STNVeHGF,3
6910,spotify:artist:5P1tdwsQdI6z9MXXfmYRDS,spotify:artist:5EmT8U3SucK9KYXbVEdu5K,3
6911,spotify:artist:5P1tdwsQdI6z9MXXfmYRDS,spotify:artist:1UgRlUUZBwiGwqMFHA4Puf,3
6912,spotify:artist:5P1tdwsQdI6z9MXXfmYRDS,spotify:artist:4CMdLKWNEoNSLpaJ6QMWYy,3
6913,spotify:artist:5P1tdwsQdI6z9MXXfmYRDS,spotify:artist:0WISkx0PwT6lYWdPqKUJY8,3
6914,spotify:artist:5P1tdwsQdI6z9MXXfmYRDS,spotify:artist:6FP6ynzSPeBFX46vkI1OsW,3
6915,spotify:artist:5P1tdwsQdI6z9MXXfmYRDS,spotify:artist:0SlVADXyBtjRHkoKyZEtho,3
6916,spotify:artist:5P1tdwsQdI6z9MXXfmYRDS,spotify:artist:62NNHMoDbLSbR3THDaFNO7,3
6917,spotify:artist:5P1tdwsQdI6z9MXXfmYRDS,spotify:artist:7bI1v9NGBBhq8iGfytctni,3
6918,spotify:artist:5P1tdwsQdI6z9MXXfmYRDS,spotify:artist:4RIOH6XCUt1Xr8NLUj2u66,3
6919,spotify:artist:5P1tdwsQdI6z9MXXfmYRDS,spotify:artist:6q5SrkgP73lW6VpQnReiaS,3
6920,spotify:artist:2m1l9MLSslzup4vvokKgvQ,spotify:artist:0WJc0VDtzsLIk33XRB20Dy,3
6921,spotify:artist:2m1l9MLSslzup4vvokKgvQ,spotify:artist:2LSJrlndCuTpdEluvYHc2E,3
6922,spotify:artist:2m1l9MLSslzup4vvokKgvQ,spotify:artist:7bPs6jf983f0bjRAt1yxDM,3
6923,spotify:artist:2m1l9MLSslzup4vvokKgvQ,spotify:artist:0lSENl3bteP8p2NbiSP7RM,3
6924,spotify:artist:2m1l9MLSslzup4vvokKgvQ,spotify:artist:7B2edU3Q7btJoNsoHCNohM,3
6925,spotify:artist:2m1l9MLSslzup4vvokKgvQ,spotify:artist:0z7Yuv7DuDQ5SaVn4VSlLt,3
6926,spotify:artist:2m1l9MLSslzup4vvokKgvQ,spotify:artist:7FDlvgcodNfC0IBdWevl4u,3
6927,spotify:artist:2m1l9MLSslzup4vvokKgvQ,spotify:artist:57kIMCLPgkzQlXjblX7XXP,3
6928,spotify:artist:2m1l9MLSslzup4vvokKgvQ,spotify:artist:2wJ4vsxWd7df7dRU4KcoDe,3
6929,spotify:artist:2m1l9MLSslzup4vvokKgvQ,spotify:artist:2iUVQjheBnvOt8vaBrxXJz,3
6930,spotify:artist:2m1l9MLSslzup4vvokKgvQ,spotify:artist:1UQRtt7eHW6Bt4INNTUtb3,3
6931,spotify:artist:2m1l9MLSslzup4vvokKgvQ,spotify:artist:79JJCxCCfJ8HufX6w8q2k4,3
6932,spotify:artist:2m1l9MLSslzup4vvokKgvQ,spotify:artist:1ZsnHGOLYFg8CAHQQBc1ut,3
6933,spotify:artist:2m1l9MLSslzup4vvokKgvQ,spotify:artist:0TJB3EE2efClsYIDQ8V2Jk,3
6934,spotify:artist:2m1l9MLSslzup4vvokKgvQ,spotify:artist:4uSftVc3FPWe6RJuMZNEe9,3
6935,spotify:artist:2m1l9MLSslzup4vvokKgvQ,spotify:artist:2QIHd0B2VIKlmLyoq4lUr7,3
6936,spotify:artist:2m1l9MLSslzup4vvokKgvQ,spotify:artist:3x8FbPjh2Qz55XMdE2Yalj,3
6937,spotify:artist:2m1l9MLSslzup4vvokKgvQ,spotify:artist:4OyRutd80DZC22C4pl63l7,3
6938,spotify:artist:2m1l9MLSslzup4vvokKgvQ,spotify:artist:2uvY5pgdD9t1CZ5zMNw1rl,3
6939,spotify:artist:2m1l9MLSslzup4vvokKgvQ,spotify:artist:3jzXlBF2157k4exx7idecs,3
6940,spotify:artist:5SP6T04F8Ic9oftMVfdKkp,spotify:artist:53aQwuzlyn4vxxUs6Edlqw,3
6941,spotify:artist:5SP6T04F8Ic9oftMVfdKkp,spotify:artist:49EgLhJzWZZMwlCHlL088h,3
6942,spotify:artist:5SP6T04F8Ic9oftMVfdKkp,spotify:artist:7zYJsSA3SfPKvFyP80zLmL,3
6943,spotify:artist:5SP6T04F8Ic9oftMVfdKkp,spotify:artist:17n6UvOtuUQsCeotfPe8KS,3
6944,spotify:artist:5SP6T04F8Ic9oftMVfdKkp,spotify:artist:6g8Jqb5JMfv92eB2r0awTN,3
6945,spotify:artist:5SP6T04F8Ic9oftMVfdKkp,spotify:artist:5s27vvC5dAwOxD3ifVORQw,3
6946,spotify:artist:5SP6T04F8Ic9oftMVfdKkp,spotify:artist:4ieS1hHc74D9RXhkyoriDU,3
6947,spotify:artist:5SP6T04F8Ic9oftMVfdKkp,spotify:artist:2H5FmmxEe60Tl6PZyfa95F,3
6948,spotify:artist:5SP6T04F8Ic9oftMVfdKkp,spotify:artist:313Xqjb7z7JBYcHgWiLvUv,3
6949,spotify:artist:5SP6T04F8Ic9oftMVfdKkp,spotify:artist:5zhn89Em2jWUUWdpcLO3YL,3
6950,spotify:artist:5SP6T04F8Ic9oftMVfdKkp,spotify:artist:6e6GkaF6uiSEFuTrlvDJUF,3
6951,spotify:artist:5SP6T04F8Ic9oftMVfdKkp,spotify:artist:0dLSQG3IV62UNVhWUe6mx6,3
6952,spotify:artist:5SP6T04F8Ic9oftMVfdKkp,spotify:artist:6fVcDUckTwxqg56qNsEvUr,3
6953,spotify:artist:5SP6T04F8Ic9oftMVfdKkp,spotify:artist:3TScZ6zJkavDy0tqoGqiCf,3
6954,spotify:artist:5SP6T04F8Ic9oftMVfdKkp,spotify:artist:1luY92PbdGWRyBRY1ZR7o1,3
6955,spotify:artist:5SP6T04F8Ic9oftMVfdKkp,spotify:artist:1xdB9gS1NrKEYgZUEfoqIw,3
6956,spotify:artist:5SP6T04F8Ic9oftMVfdKkp,spotify:artist:2E70ENJNHoACgzTkJ3QnO4,3
6957,spotify:artist:5SP6T04F8Ic9oftMVfdKkp,spotify:artist:1ZsnHGOLYFg8CAHQQBc1ut,3
6958,spotify:artist:5SP6T04F8Ic9oftMVfdKkp,spotify:artist:7L23iH1bo0OqWQ5Fe2AjLC,3
6959,spotify:artist:5SP6T04F8Ic9oftMVfdKkp,spotify:artist:2cxi12PeZmsDkSlJi1slRp,3
6960,spotify:artist:0dLSQG3IV62UNVhWUe6mx6,spotify:artist:0FOcXqJgJ1oq9XfzYTDZmZ,3
6961,spotify:artist:0dLSQG3IV62UNVhWUe6mx6,spotify:artist:5ShFRZUGJZL1qMkIPtYV5M,3
6962,spotify:artist:0dLSQG3IV62UNVhWUe6mx6,spotify:artist:0GHcMuYNbDXb8cfJ7I5PsD,3
6963,spotify:artist:0dLSQG3IV62UNVhWUe6mx6,spotify:artist:5P1tdwsQdI6z9MXXfmYRDS,3
6964,spotify:artist:0dLSQG3IV62UNVhWUe6mx6,spotify:artist:4ieS1hHc74D9RXhkyoriDU,3
6965,spotify:artist:0dLSQG3IV62UNVhWUe6mx6,spotify:artist:5zhn89Em2jWUUWdpcLO3YL,3
6966,spotify:artist:0dLSQG3IV62UNVhWUe6mx6,spotify:artist:4Qk5Rvoyk2vPhbaJyAP1uL,3
6967,spotify:artist:0dLSQG3IV62UNVhWUe6mx6,spotify:artist:4ZIAXslcwSuPJXw2qmztU8,3
6968,spotify:artist:0dLSQG3IV62UNVhWUe6mx6,spotify:artist:2LMR8u7DOMF0FBseDpTsRa,3
6969,spotify:artist:0dLSQG3IV62UNVhWUe6mx6,spotify:artist:3Kf7VEIRWquxrNIuyJZnfF,3
6970,spotify:artist:0dLSQG3IV62UNVhWUe6mx6,spotify:artist:2E70ENJNHoACgzTkJ3QnO4,3
6971,spotify:artist:0dLSQG3IV62UNVhWUe6mx6,spotify:artist:77oD8X9qLXZhpbCjv53l5n,3
6972,spotify:artist:0dLSQG3IV62UNVhWUe6mx6,spotify:artist:2ERcnXFYaY5F9DLjDpUUfE,3
6973,spotify:artist:0dLSQG3IV62UNVhWUe6mx6,spotify:artist:4DO9uZBipcWHEfMXo87yhS,3
6974,spotify:artist:0dLSQG3IV62UNVhWUe6mx6,spotify:artist:44mRrrRjaV8iu1VLIKuwty,3
6975,spotify:artist:0dLSQG3IV62UNVhWUe6mx6,spotify:artist:0LZac5VicY19QLaIUvIB0G,3
6976,spotify:artist:0dLSQG3IV62UNVhWUe6mx6,spotify:artist:6XiSck3QPuXk7ho6zlDz3P,3
6977,spotify:artist:0dLSQG3IV62UNVhWUe6mx6,spotify:artist:3tMChlhlomqAwkB0pAYeyj,3
6978,spotify:artist:0dLSQG3IV62UNVhWUe6mx6,spotify:artist:6cOAzWunacT10kthrJ4Oet,3
6979,spotify:artist:0dLSQG3IV62UNVhWUe6mx6,spotify:artist:3pUiNPLwDNM46B8BdRspFW,3
6980,spotify:artist:50sSN9E5i4DJzYDclAXlSo,spotify:artist:6PBv8t9YTLggA9ZMwpeoqj,3
6981,spotify:artist:50sSN9E5i4DJzYDclAXlSo,spotify:artist:12VaqyEhgwDRuFfEqbnrpz,3
6982,spotify:artist:50sSN9E5i4DJzYDclAXlSo,spotify:artist:6l77PmL5iuEEcYjGl8K6s7,3
6983,spotify:artist:50sSN9E5i4DJzYDclAXlSo,spotify:artist:2rBcvLKWCZs9w1qIWv560v,3
6984,spotify:artist:50sSN9E5i4DJzYDclAXlSo,spotify:artist:0LZac5VicY19QLaIUvIB0G,3
6985,spotify:artist:50sSN9E5i4DJzYDclAXlSo,spotify:artist:55dlp5I9jyc4UjzlrcKMnq,3
6986,spotify:artist:50sSN9E5i4DJzYDclAXlSo,spotify:artist:5P1tdwsQdI6z9MXXfmYRDS,3
6987,spotify:artist:50sSN9E5i4DJzYDclAXlSo,spotify:artist:3dmSPhg0tdao8ePj4pySJ5,3
6988,spotify:artist:50sSN9E5i4DJzYDclAXlSo,spotify:artist:3TScZ6zJkavDy0tqoGqiCf,3
6989,spotify:artist:50sSN9E5i4DJzYDclAXlSo,spotify:artist:5zjaF8JUdylMWrA7AVo3hJ,3
6990,spotify:artist:50sSN9E5i4DJzYDclAXlSo,spotify:artist:2wJ4vsxWd7df7dRU4KcoDe,3
6991,spotify:artist:50sSN9E5i4DJzYDclAXlSo,spotify:artist:7sx3r4lMo079vO7lIi0fng,3
6992,spotify:artist:50sSN9E5i4DJzYDclAXlSo,spotify:artist:0EgHhNmWcjusA7F2heSD0O,3
6993,spotify:artist:50sSN9E5i4DJzYDclAXlSo,spotify:artist:3lrDYjsghBMfUTiLziD9q9,3
6994,spotify:artist:50sSN9E5i4DJzYDclAXlSo,spotify:artist:75OpU10VolujEA1pl0h1dX,3
6995,spotify:artist:50sSN9E5i4DJzYDclAXlSo,spotify:artist:1WFsBUAgQmrGQQEUyFKS60,3
6996,spotify:artist:50sSN9E5i4DJzYDclAXlSo,spotify:artist:7B2edU3Q7btJoNsoHCNohM,3
6997,spotify:artist:50sSN9E5i4DJzYDclAXlSo,spotify:artist:4zrFO6P7G6EZry0pfxMfKT,3
6998,spotify:artist:50sSN9E5i4DJzYDclAXlSo,spotify:artist:5BYuBzqmTXwUDw2rYkwExr,3
6999,spotify:artist:50sSN9E5i4DJzYDclAXlSo,spotify:artist:4vAQ4M7vgItwBtmBTgRu48,3
7000,spotify:artist:4IDoKaZIEacb3QncU8RQMp,spotify:artist:0LVrQUinPUBFvVD5pLqmWY,3
7001,spotify:artist:4IDoKaZIEacb3QncU8RQMp,spotify:artist:1zrBQvkTNhFFby4V5UiK2L,3
7002,spotify:artist:4IDoKaZIEacb3QncU8RQMp,spotify:artist:2j3K3e7Jnnmd2KwlFgCC5u,3
7003,spotify:artist:4IDoKaZIEacb3QncU8RQMp,spotify:artist:2f7VJ37O9YUj6kpMKph9YC,3
7004,spotify:artist:4IDoKaZIEacb3QncU8RQMp,spotify:artist:3zD5liDjbqljSRorrrcEjs,3
7005,spotify:artist:4IDoKaZIEacb3QncU8RQMp,spotify:artist:0TJB3EE2efClsYIDQ8V2Jk,3
7006,spotify:artist:4IDoKaZIEacb3QncU8RQMp,spotify:artist:6OiHleP2bHM18dXq4aZQWt,3
7007,spotify:artist:4IDoKaZIEacb3QncU8RQMp,spotify:artist:244fcyNSuyhbRlMGfMbYrO,3
7008,spotify:artist:4IDoKaZIEacb3QncU8RQMp,spotify:artist:5zhn89Em2jWUUWdpcLO3YL,3
7009,spotify:artist:4IDoKaZIEacb3QncU8RQMp,spotify:artist:1MDw0zSUU0XtI9D5JgEZH5,3
7010,spotify:artist:4IDoKaZIEacb3QncU8RQMp,spotify:artist:4zPGlyitRvJo7iz6OKlETa,3
7011,spotify:artist:4IDoKaZIEacb3QncU8RQMp,spotify:artist:0G8zjE6SsFTlbglCkU8pm3,3
7012,spotify:artist:4IDoKaZIEacb3QncU8RQMp,spotify:artist:1ZsnHGOLYFg8CAHQQBc1ut,3
7013,spotify:artist:4IDoKaZIEacb3QncU8RQMp,spotify:artist:6C0JkmxU2cgkVzotHJgfW7,3
7014,spotify:artist:4IDoKaZIEacb3QncU8RQMp,spotify:artist:6xdlt4biT0b4DKB3DMAfoj,3
7015,spotify:artist:4IDoKaZIEacb3QncU8RQMp,spotify:artist:6XiSck3QPuXk7ho6zlDz3P,3
7016,spotify:artist:4IDoKaZIEacb3QncU8RQMp,spotify:artist:5EOPLr73C9nIPYwVEAsiOY,3
7017,spotify:artist:4IDoKaZIEacb3QncU8RQMp,spotify:artist:77oD8X9qLXZhpbCjv53l5n,3
7018,spotify:artist:4IDoKaZIEacb3QncU8RQMp,spotify:artist:0FOcXqJgJ1oq9XfzYTDZmZ,3
7019,spotify:artist:4IDoKaZIEacb3QncU8RQMp,spotify:artist:3s398TKZNahAURRacx7oIT,3
7020,spotify:artist:1luY92PbdGWRyBRY1ZR7o1,spotify:artist:3ZSRiAJKs42ymp2KYA80Qh,3
7021,spotify:artist:1luY92PbdGWRyBRY1ZR7o1,spotify:artist:6563Q8dHbDSq4DICGhel0d,3
7022,spotify:artist:1luY92PbdGWRyBRY1ZR7o1,spotify:artist:5WS3dnCZR6MuN6m3dTMuwF,3
7023,spotify:artist:1luY92PbdGWRyBRY1ZR7o1,spotify:artist:1y2rqr1xpuz2ia93MQ9eEC,3
7024,spotify:artist:1luY92PbdGWRyBRY1ZR7o1,spotify:artist:3BApgOPiuES6zVJ78mKNGo,3
7025,spotify:artist:1luY92PbdGWRyBRY1ZR7o1,spotify:artist:14T0l4AeAGbmAZjpQNdcqk,3
7026,spotify:artist:1luY92PbdGWRyBRY1ZR7o1,spotify:artist:5nUScDmyGIvoX7ol79YnBQ,3
7027,spotify:artist:1luY92PbdGWRyBRY1ZR7o1,spotify:artist:1RwWmRFTkxTaJcEbgqid3Z,3
7028,spotify:artist:1luY92PbdGWRyBRY1ZR7o1,spotify:artist:7GiiIIjUWGocnUGoOISAUN,3
7029,spotify:artist:1luY92PbdGWRyBRY1ZR7o1,spotify:artist:79fyBJJSUvWw4263rXYDM0,3
7030,spotify:artist:1luY92PbdGWRyBRY1ZR7o1,spotify:artist:3Cf7jFBOVBRDTvFUxGAJgF,3
7031,spotify:artist:1luY92PbdGWRyBRY1ZR7o1,spotify:artist:13wsJcc3ZMixzCEVH3Wuyt,3
7032,spotify:artist:1luY92PbdGWRyBRY1ZR7o1,spotify:artist:00baC9BEnC6lhOdSF6dYC8,3
7033,spotify:artist:1luY92PbdGWRyBRY1ZR7o1,spotify:artist:4jfwVcXoNnfnU8xQBlSWn0,3
7034,spotify:artist:1luY92PbdGWRyBRY1ZR7o1,spotify:artist:1kYd37riIExqdm9g0juqGJ,3
7035,spotify:artist:1luY92PbdGWRyBRY1ZR7o1,spotify:artist:1BuUb23HHRYDgvSLnllUJS,3
7036,spotify:artist:1luY92PbdGWRyBRY1ZR7o1,spotify:artist:3JulrApLVT81sb2HkfwMks,3
7037,spotify:artist:1luY92PbdGWRyBRY1ZR7o1,spotify:artist:0OVmlkSIEwFrxday9yyb91,3
7038,spotify:artist:1luY92PbdGWRyBRY1ZR7o1,spotify:artist:2LIdnZDzySb04oH40be1fR,3
7039,spotify:artist:1luY92PbdGWRyBRY1ZR7o1,spotify:artist:04eXQN6Mb6qFCCjqQmFvHb,3
7040,spotify:artist:7EV6jW6dotBdvsHj6xPixi,spotify:artist:0sHeX8oQ6o7xic3wMf4NBU,3
7041,spotify:artist:7EV6jW6dotBdvsHj6xPixi,spotify:artist:36E7oYfz3LLRto6l2WmDcD,3
7042,spotify:artist:7EV6jW6dotBdvsHj6xPixi,spotify:artist:0NbfEPYRgMczimdfM3skmH,3
7043,spotify:artist:7EV6jW6dotBdvsHj6xPixi,spotify:artist:2bKNCvT2PgFZDxz0X3ydnZ,3
7044,spotify:artist:7EV6jW6dotBdvsHj6xPixi,spotify:artist:5Rsu72e1qrjIUtxH6Zmy9K,3
7045,spotify:artist:7EV6jW6dotBdvsHj6xPixi,spotify:artist:1ZsnHGOLYFg8CAHQQBc1ut,3
7046,spotify:artist:7EV6jW6dotBdvsHj6xPixi,spotify:artist:66nOkPJTFgK25NMmojG04V,3
7047,spotify:artist:7EV6jW6dotBdvsHj6xPixi,spotify:artist:0FOcXqJgJ1oq9XfzYTDZmZ,3
7048,spotify:artist:7EV6jW6dotBdvsHj6xPixi,spotify:artist:13W7XLRXdWeLmIu9vacE1w,3
7049,spotify:artist:7EV6jW6dotBdvsHj6xPixi,spotify:artist:67YNiSqhrx1P8oPvIIvbP5,3
7050,spotify:artist:7EV6jW6dotBdvsHj6xPixi,spotify:artist:244fcyNSuyhbRlMGfMbYrO,3
7051,spotify:artist:7EV6jW6dotBdvsHj6xPixi,spotify:artist:6PHIK3kjWggLtVygsOtpqS,3
7052,spotify:artist:7EV6jW6dotBdvsHj6xPixi,spotify:artist:0qLNsNKm8bQcMoRFkR8Hmh,3
7053,spotify:artist:7EV6jW6dotBdvsHj6xPixi,spotify:artist:2uH0RyPcX7fnCcT90HFDQX,3
7054,spotify:artist:7EV6jW6dotBdvsHj6xPixi,spotify:artist:1dekSPU23UC5hw5b8Uxk9W,3
7055,spotify:artist:7EV6jW6dotBdvsHj6xPixi,spotify:artist:7rqRuB0wgUaStDN73PlV4U,3
7056,spotify:artist:7EV6jW6dotBdvsHj6xPixi,spotify:artist:2evydP72Z45DouM4uMGsIE,3
7057,spotify:artist:7EV6jW6dotBdvsHj6xPixi,spotify:artist:5fScAXreYFnuqwOgBsJgSd,3
7058,spotify:artist:7EV6jW6dotBdvsHj6xPixi,spotify:artist:5vIOGcdmx1eIkq3ZtuS12U,3
7059,spotify:artist:7EV6jW6dotBdvsHj6xPixi,spotify:artist:0LVrQUinPUBFvVD5pLqmWY,3
7060,spotify:artist:6SzmRtk9EnP5q1rqfqbfSW,spotify:artist:3TScZ6zJkavDy0tqoGqiCf,3
7061,spotify:artist:6SzmRtk9EnP5q1rqfqbfSW,spotify:artist:1UzKSuyOqKgUupcNNEtnF1,3
7062,spotify:artist:6SzmRtk9EnP5q1rqfqbfSW,spotify:artist:6k8oBFzievbIn6XJK0pDpa,3
7063,spotify:artist:6SzmRtk9EnP5q1rqfqbfSW,spotify:artist:2m1l9MLSslzup4vvokKgvQ,3
7064,spotify:artist:6SzmRtk9EnP5q1rqfqbfSW,spotify:artist:5P1tdwsQdI6z9MXXfmYRDS,3
7065,spotify:artist:6SzmRtk9EnP5q1rqfqbfSW,spotify:artist:0dLSQG3IV62UNVhWUe6mx6,3
7066,spotify:artist:6SzmRtk9EnP5q1rqfqbfSW,spotify:artist:5SP6T04F8Ic9oftMVfdKkp,3
7067,spotify:artist:6SzmRtk9EnP5q1rqfqbfSW,spotify:artist:3BniKY9Gw01zy21IDlVhaM,3
7068,spotify:artist:6SzmRtk9EnP5q1rqfqbfSW,spotify:artist:2Ag3w3cSdRHgzPNi60WABE,3
7069,spotify:artist:6SzmRtk9EnP5q1rqfqbfSW,spotify:artist:4IDoKaZIEacb3QncU8RQMp,3
7070,spotify:artist:6SzmRtk9EnP5q1rqfqbfSW,spotify:artist:2bKNCvT2PgFZDxz0X3ydnZ,3
7071,spotify:artist:6SzmRtk9EnP5q1rqfqbfSW,spotify:artist:4ieS1hHc74D9RXhkyoriDU,3
7072,spotify:artist:6SzmRtk9EnP5q1rqfqbfSW,spotify:artist:1ZsnHGOLYFg8CAHQQBc1ut,3
7073,spotify:artist:6SzmRtk9EnP5q1rqfqbfSW,spotify:artist:0WJc0VDtzsLIk33XRB20Dy,3
7074,spotify:artist:6SzmRtk9EnP5q1rqfqbfSW,spotify:artist:7sx3r4lMo079vO7lIi0fng,3
7075,spotify:artist:6SzmRtk9EnP5q1rqfqbfSW,spotify:artist:7EV6jW6dotBdvsHj6xPixi,3
7076,spotify:artist:6SzmRtk9EnP5q1rqfqbfSW,spotify:artist:2E70ENJNHoACgzTkJ3QnO4,3
7077,spotify:artist:6SzmRtk9EnP5q1rqfqbfSW,spotify:artist:3wrtQM9ICPPeHwoc1GWiyV,3
7078,spotify:artist:6SzmRtk9EnP5q1rqfqbfSW,spotify:artist:4HEIKb9PGw8MG7Am50ev98,3
7079,spotify:artist:6SzmRtk9EnP5q1rqfqbfSW,spotify:artist:6PBv8t9YTLggA9ZMwpeoqj,3
7080,spotify:artist:0TJB3EE2efClsYIDQ8V2Jk,spotify:artist:0LVrQUinPUBFvVD5pLqmWY,3
7081,spotify:artist:0TJB3EE2efClsYIDQ8V2Jk,spotify:artist:4IDoKaZIEacb3QncU8RQMp,3
7082,spotify:artist:0TJB3EE2efClsYIDQ8V2Jk,spotify:artist:1zrBQvkTNhFFby4V5UiK2L,3
7083,spotify:artist:0TJB3EE2efClsYIDQ8V2Jk,spotify:artist:244fcyNSuyhbRlMGfMbYrO,3
7084,spotify:artist:0TJB3EE2efClsYIDQ8V2Jk,spotify:artist:4zPGlyitRvJo7iz6OKlETa,3
7085,spotify:artist:0TJB3EE2efClsYIDQ8V2Jk,spotify:artist:0G8zjE6SsFTlbglCkU8pm3,3
7086,spotify:artist:0TJB3EE2efClsYIDQ8V2Jk,spotify:artist:6e9wIFWhBPHLE9bXK8gtBI,3
7087,spotify:artist:0TJB3EE2efClsYIDQ8V2Jk,spotify:artist:2j3K3e7Jnnmd2KwlFgCC5u,3
7088,spotify:artist:0TJB3EE2efClsYIDQ8V2Jk,spotify:artist:0sHeX8oQ6o7xic3wMf4NBU,3
7089,spotify:artist:0TJB3EE2efClsYIDQ8V2Jk,spotify:artist:1HGTHrRQkw0BtevSo1jucU,3
7090,spotify:artist:0TJB3EE2efClsYIDQ8V2Jk,spotify:artist:1ZsnHGOLYFg8CAHQQBc1ut,3
7091,spotify:artist:0TJB3EE2efClsYIDQ8V2Jk,spotify:artist:3s398TKZNahAURRacx7oIT,3
7092,spotify:artist:0TJB3EE2efClsYIDQ8V2Jk,spotify:artist:6C0JkmxU2cgkVzotHJgfW7,3
7093,spotify:artist:0TJB3EE2efClsYIDQ8V2Jk,spotify:artist:6OiHleP2bHM18dXq4aZQWt,3
7094,spotify:artist:0TJB3EE2efClsYIDQ8V2Jk,spotify:artist:77oD8X9qLXZhpbCjv53l5n,3
7095,spotify:artist:0TJB3EE2efClsYIDQ8V2Jk,spotify:artist:7EV6jW6dotBdvsHj6xPixi,3
7096,spotify:artist:0TJB3EE2efClsYIDQ8V2Jk,spotify:artist:2m1l9MLSslzup4vvokKgvQ,3
7097,spotify:artist:0TJB3EE2efClsYIDQ8V2Jk,spotify:artist:2uH0RyPcX7fnCcT90HFDQX,3
7098,spotify:artist:0TJB3EE2efClsYIDQ8V2Jk,spotify:artist:74K7bX12L8GBAWvPuyIgJ7,3
7099,spotify:artist:0TJB3EE2efClsYIDQ8V2Jk,spotify:artist:3TScZ6zJkavDy0tqoGqiCf,3
7100,spotify:artist:77oD8X9qLXZhpbCjv53l5n,spotify:artist:3W4xM5XYtUp4ifYYPVKVdk,3
7101,spotify:artist:77oD8X9qLXZhpbCjv53l5n,spotify:artist:2LMR8u7DOMF0FBseDpTsRa,3
7102,spotify:artist:77oD8X9qLXZhpbCjv53l5n,spotify:artist:6DKmuXxXASTF6xaJwcTfjv,3
7103,spotify:artist:77oD8X9qLXZhpbCjv53l5n,spotify:artist:0FOcXqJgJ1oq9XfzYTDZmZ,3
7104,spotify:artist:77oD8X9qLXZhpbCjv53l5n,spotify:artist:64tVHZVSAZhDEiOJxnb6hE,3
7105,spotify:artist:77oD8X9qLXZhpbCjv53l5n,spotify:artist:6guTJsgPymDUVfqDJyz5UG,3
7106,spotify:artist:77oD8X9qLXZhpbCjv53l5n,spotify:artist:3dmSPhg0tdao8ePj4pySJ5,3
7107,spotify:artist:77oD8X9qLXZhpbCjv53l5n,spotify:artist:2Sp19cOHSqAUlE64hekARW,3
7108,spotify:artist:77oD8X9qLXZhpbCjv53l5n,spotify:artist:5hAhrnb0Ch4ODwWu4tsbpi,3
7109,spotify:artist:77oD8X9qLXZhpbCjv53l5n,spotify:artist:244fcyNSuyhbRlMGfMbYrO,3
7110,spotify:artist:77oD8X9qLXZhpbCjv53l5n,spotify:artist:4oV5EVJ0XFWsJKoOvdRPvl,3
7111,spotify:artist:77oD8X9qLXZhpbCjv53l5n,spotify:artist:6UYwzZChuolxsylHcZcBBP,3
7112,spotify:artist:77oD8X9qLXZhpbCjv53l5n,spotify:artist:0wz0jO9anccPzH04N7FLBH,3
7113,spotify:artist:77oD8X9qLXZhpbCjv53l5n,spotify:artist:1ZsnHGOLYFg8CAHQQBc1ut,3
7114,spotify:artist:77oD8X9qLXZhpbCjv53l5n,spotify:artist:2ajVJyxI4sHmTMtTA3ENko,3
7115,spotify:artist:77oD8X9qLXZhpbCjv53l5n,spotify:artist:0WPY9nnBy01s5QOt4o4oQX,3
7116,spotify:artist:77oD8X9qLXZhpbCjv53l5n,spotify:artist:5ShFRZUGJZL1qMkIPtYV5M,3
7117,spotify:artist:77oD8X9qLXZhpbCjv53l5n,spotify:artist:3Rj0tDHoX7C5NFq5DKIpHt,3
7118,spotify:artist:77oD8X9qLXZhpbCjv53l5n,spotify:artist:4jSYHcSo85heWskYvAULio,3
7119,spotify:artist:77oD8X9qLXZhpbCjv53l5n,spotify:artist:2Lhs0asnFQiLuntn3s8p78,3
7120,spotify:artist:3dmSPhg0tdao8ePj4pySJ5,spotify:artist:70gvc4NvTwgBpEB1goYy8z,3
7121,spotify:artist:3dmSPhg0tdao8ePj4pySJ5,spotify:artist:2Lhs0asnFQiLuntn3s8p78,3
7122,spotify:artist:3dmSPhg0tdao8ePj4pySJ5,spotify:artist:77oD8X9qLXZhpbCjv53l5n,3
7123,spotify:artist:3dmSPhg0tdao8ePj4pySJ5,spotify:artist:2zAvisjImPICTNsRgagqlV,3
7124,spotify:artist:3dmSPhg0tdao8ePj4pySJ5,spotify:artist:2ajVJyxI4sHmTMtTA3ENko,3
7125,spotify:artist:3dmSPhg0tdao8ePj4pySJ5,spotify:artist:339qxEdD8z8okRAiTp1HKf,3
7126,spotify:artist:3dmSPhg0tdao8ePj4pySJ5,spotify:artist:1ZsnHGOLYFg8CAHQQBc1ut,3
7127,spotify:artist:3dmSPhg0tdao8ePj4pySJ5,spotify:artist:1XW5L5zIBqMw7sqkkuIi5n,3
7128,spotify:artist:3dmSPhg0tdao8ePj4pySJ5,spotify:artist:1fpXM23IoNckJ7NDAm8YJQ,3
7129,spotify:artist:3dmSPhg0tdao8ePj4pySJ5,spotify:artist:0wz0jO9anccPzH04N7FLBH,3
7130,spotify:artist:3dmSPhg0tdao8ePj4pySJ5,spotify:artist:55dlp5I9jyc4UjzlrcKMnq,3
7131,spotify:artist:3dmSPhg0tdao8ePj4pySJ5,spotify:artist:2oAKV8mT3NB1hZbGbGcdYB,3
7132,spotify:artist:3dmSPhg0tdao8ePj4pySJ5,spotify:artist:2dxi3wnJ9h9kNioaWyIpYd,3
7133,spotify:artist:3dmSPhg0tdao8ePj4pySJ5,spotify:artist:0IpDaO9A1OW1h0YChKzVaX,3
7134,spotify:artist:3dmSPhg0tdao8ePj4pySJ5,spotify:artist:3uQ5cxFHxXddqPL58egs1z,3
7135,spotify:artist:3dmSPhg0tdao8ePj4pySJ5,spotify:artist:04tBaW21jyUfeP5iqiKBVq,3
7136,spotify:artist:3dmSPhg0tdao8ePj4pySJ5,spotify:artist:6g8Jqb5JMfv92eB2r0awTN,3
7137,spotify:artist:3dmSPhg0tdao8ePj4pySJ5,spotify:artist:08w6KQXL60XUftg3Ds3177,3
7138,spotify:artist:3dmSPhg0tdao8ePj4pySJ5,spotify:artist:7gqsi6aBSkRMJoL9psKqMr,3
7139,spotify:artist:3dmSPhg0tdao8ePj4pySJ5,spotify:artist:1OmdWpAh1pucAuZPzJaxIJ,3
7140,spotify:artist:2Lhs0asnFQiLuntn3s8p78,spotify:artist:339qxEdD8z8okRAiTp1HKf,3
7141,spotify:artist:2Lhs0asnFQiLuntn3s8p78,spotify:artist:2oAKV8mT3NB1hZbGbGcdYB,3
7142,spotify:artist:2Lhs0asnFQiLuntn3s8p78,spotify:artist:2zAvisjImPICTNsRgagqlV,3
7143,spotify:artist:2Lhs0asnFQiLuntn3s8p78,spotify:artist:2l7DkzVuYJW700mR7r43un,3
7144,spotify:artist:2Lhs0asnFQiLuntn3s8p78,spotify:artist:3uQ5cxFHxXddqPL58egs1z,3
7145,spotify:artist:2Lhs0asnFQiLuntn3s8p78,spotify:artist:2k07pWgpJiFIbb9q1yJ36B,3
7146,spotify:artist:2Lhs0asnFQiLuntn3s8p78,spotify:artist:7EFfGZiKL1Ud3cspnlMq4H,3
7147,spotify:artist:2Lhs0asnFQiLuntn3s8p78,spotify:artist:3dmSPhg0tdao8ePj4pySJ5,3
7148,spotify:artist:2Lhs0asnFQiLuntn3s8p78,spotify:artist:79JJCxCCfJ8HufX6w8q2k4,3
7149,spotify:artist:2Lhs0asnFQiLuntn3s8p78,spotify:artist:0qt6QSruHshcWT9QOzyfZp,3
7150,spotify:artist:2Lhs0asnFQiLuntn3s8p78,spotify:artist:7gqsi6aBSkRMJoL9psKqMr,3
7151,spotify:artist:2Lhs0asnFQiLuntn3s8p78,spotify:artist:2ajVJyxI4sHmTMtTA3ENko,3
7152,spotify:artist:2Lhs0asnFQiLuntn3s8p78,spotify:artist:2EEw2tt8AJcH9qXUeB96Oc,3
7153,spotify:artist:2Lhs0asnFQiLuntn3s8p78,spotify:artist:70gvc4NvTwgBpEB1goYy8z,3
7154,spotify:artist:2Lhs0asnFQiLuntn3s8p78,spotify:artist:4G0XDEk7RbA4BBCTs917U9,3
7155,spotify:artist:2Lhs0asnFQiLuntn3s8p78,spotify:artist:2rDxtYUzTAYJJE3Bl3Z5IN,3
7156,spotify:artist:2Lhs0asnFQiLuntn3s8p78,spotify:artist:1OmdWpAh1pucAuZPzJaxIJ,3
7157,spotify:artist:2Lhs0asnFQiLuntn3s8p78,spotify:artist:2zTCLiQ8OUIWEyV6eZWzFy,3
7158,spotify:artist:2Lhs0asnFQiLuntn3s8p78,spotify:artist:4ePunOqQbOYoQwd1298g3Z,3
7159,spotify:artist:2Lhs0asnFQiLuntn3s8p78,spotify:artist:4yvuCAFk8vERXXBf138h8S,3
7160,spotify:artist:4zrFO6P7G6EZry0pfxMfKT,spotify:artist:1HOeqtP7tHkKNJNLzQ2tnr,3
7161,spotify:artist:4zrFO6P7G6EZry0pfxMfKT,spotify:artist:7w0e6inAfRWIEb9tWVgB7a,3
7162,spotify:artist:4zrFO6P7G6EZry0pfxMfKT,spotify:artist:4dGVRIf2xj0JhawVheLiOI,3
7163,spotify:artist:4zrFO6P7G6EZry0pfxMfKT,spotify:artist:04HvbIwBccFmRie5ATX4ft,3
7164,spotify:artist:4zrFO6P7G6EZry0pfxMfKT,spotify:artist:0vW8z9pZMGCcRtGPGtyqiB,3
7165,spotify:artist:4zrFO6P7G6EZry0pfxMfKT,spotify:artist:7EFB09NxZrMi9pGlOnuBpd,3
7166,spotify:artist:4zrFO6P7G6EZry0pfxMfKT,spotify:artist:2ARO60gI5do88ho6azmzab,3
7167,spotify:artist:4zrFO6P7G6EZry0pfxMfKT,spotify:artist:09K1H1DgyIXHsMx2j7KTFX,3
7168,spotify:artist:4zrFO6P7G6EZry0pfxMfKT,spotify:artist:5P1tdwsQdI6z9MXXfmYRDS,3
7169,spotify:artist:4zrFO6P7G6EZry0pfxMfKT,spotify:artist:3AmgGrYHXqgbmZ2yKoIVzO,3
7170,spotify:artist:4zrFO6P7G6EZry0pfxMfKT,spotify:artist:5zhn89Em2jWUUWdpcLO3YL,3
7171,spotify:artist:4zrFO6P7G6EZry0pfxMfKT,spotify:artist:5mGTnJvTkLDN76DgXka5f0,3
7172,spotify:artist:4zrFO6P7G6EZry0pfxMfKT,spotify:artist:2Jv5eshHtLycR6R8KQCdc4,3
7173,spotify:artist:4zrFO6P7G6EZry0pfxMfKT,spotify:artist:69lEbRQRe29JdyLrewNAvD,3
7174,spotify:artist:4zrFO6P7G6EZry0pfxMfKT,spotify:artist:6e6GkaF6uiSEFuTrlvDJUF,3
7175,spotify:artist:4zrFO6P7G6EZry0pfxMfKT,spotify:artist:6fLrPFLWLSCrp7gcTZXcKb,3
7176,spotify:artist:4zrFO6P7G6EZry0pfxMfKT,spotify:artist:1WvvwcQx0tj6NdDhZZ2zZz,3
7177,spotify:artist:4zrFO6P7G6EZry0pfxMfKT,spotify:artist:5uTJLo3c4ZHpH8oEwGxYUN,3
7178,spotify:artist:4zrFO6P7G6EZry0pfxMfKT,spotify:artist:5o8Wylae9k23IEJMIiwd8s,3
7179,spotify:artist:4zrFO6P7G6EZry0pfxMfKT,spotify:artist:3wrtQM9ICPPeHwoc1GWiyV,3
7180,spotify:artist:5EOPLr73C9nIPYwVEAsiOY,spotify:artist:1ZsnHGOLYFg8CAHQQBc1ut,3
7181,spotify:artist:5EOPLr73C9nIPYwVEAsiOY,spotify:artist:1zrBQvkTNhFFby4V5UiK2L,3
7182,spotify:artist:5EOPLr73C9nIPYwVEAsiOY,spotify:artist:3Nhyo9KNcy4JI38iOWIWk3,3
7183,spotify:artist:5EOPLr73C9nIPYwVEAsiOY,spotify:artist:244fcyNSuyhbRlMGfMbYrO,3
7184,spotify:artist:5EOPLr73C9nIPYwVEAsiOY,spotify:artist:2wXBWJhbm1gfEVjyEEuhDH,3
7185,spotify:artist:5EOPLr73C9nIPYwVEAsiOY,spotify:artist:38euc5ce2q2MMzaoJcPstz,3
7186,spotify:artist:5EOPLr73C9nIPYwVEAsiOY,spotify:artist:6nrFqkvRs71iJWGnHJHa2O,3
7187,spotify:artist:5EOPLr73C9nIPYwVEAsiOY,spotify:artist:2PfBzriIMRsCXPDtSy9vg8,3
7188,spotify:artist:5EOPLr73C9nIPYwVEAsiOY,spotify:artist:4IDoKaZIEacb3QncU8RQMp,3
7189,spotify:artist:5EOPLr73C9nIPYwVEAsiOY,spotify:artist:3zD5liDjbqljSRorrrcEjs,3
7190,spotify:artist:5EOPLr73C9nIPYwVEAsiOY,spotify:artist:4HEIKb9PGw8MG7Am50ev98,3
7191,spotify:artist:5EOPLr73C9nIPYwVEAsiOY,spotify:artist:3TScZ6zJkavDy0tqoGqiCf,3
7192,spotify:artist:5EOPLr73C9nIPYwVEAsiOY,spotify:artist:7EV6jW6dotBdvsHj6xPixi,3
7193,spotify:artist:5EOPLr73C9nIPYwVEAsiOY,spotify:artist:2f7VJ37O9YUj6kpMKph9YC,3
7194,spotify:artist:5EOPLr73C9nIPYwVEAsiOY,spotify:artist:0LVrQUinPUBFvVD5pLqmWY,3
7195,spotify:artist:5EOPLr73C9nIPYwVEAsiOY,spotify:artist:3dmSPhg0tdao8ePj4pySJ5,3
7196,spotify:artist:5EOPLr73C9nIPYwVEAsiOY,spotify:artist:5zhn89Em2jWUUWdpcLO3YL,3
7197,spotify:artist:5EOPLr73C9nIPYwVEAsiOY,spotify:artist:1MDw0zSUU0XtI9D5JgEZH5,3
7198,spotify:artist:5EOPLr73C9nIPYwVEAsiOY,spotify:artist:6PBv8t9YTLggA9ZMwpeoqj,3
7199,spotify:artist:5EOPLr73C9nIPYwVEAsiOY,spotify:artist:5aD0uh1BpYTN7AzhiSDgaO,3
7200,spotify:artist:6UOcY6w4K6Ek5Lw5rFDHdP,spotify:artist:7JUms0YyWoLQ0ICQvrEgjL,3
7201,spotify:artist:6UOcY6w4K6Ek5Lw5rFDHdP,spotify:artist:5hE6NCoobhyEu6TRSbjOJY,3
7202,spotify:artist:6UOcY6w4K6Ek5Lw5rFDHdP,spotify:artist:7eQZTqEMozBcuSubfu52i4,3
7203,spotify:artist:6UOcY6w4K6Ek5Lw5rFDHdP,spotify:artist:7qHOphlWaJrfFa0BqpayDG,3
7204,spotify:artist:6UOcY6w4K6Ek5Lw5rFDHdP,spotify:artist:7x3Y6pFeDGLJjv1V5uToHv,3
7205,spotify:artist:6UOcY6w4K6Ek5Lw5rFDHdP,spotify:artist:6ys6r2ftzNbWUTSlqlkPO2,3
7206,spotify:artist:6UOcY6w4K6Ek5Lw5rFDHdP,spotify:artist:3qwabfaWewpfli7hMNM3O8,3
7207,spotify:artist:6UOcY6w4K6Ek5Lw5rFDHdP,spotify:artist:5BKsn7SCN2XmbF7apdCpRS,3
7208,spotify:artist:6UOcY6w4K6Ek5Lw5rFDHdP,spotify:artist:0MoXIHcFwhIWnFgBfdvQ30,3
7209,spotify:artist:6UOcY6w4K6Ek5Lw5rFDHdP,spotify:artist:6l77PmL5iuEEcYjGl8K6s7,3
7210,spotify:artist:6UOcY6w4K6Ek5Lw5rFDHdP,spotify:artist:0ucLPotcQNI7AViFytdhBz,3
7211,spotify:artist:6UOcY6w4K6Ek5Lw5rFDHdP,spotify:artist:0WbqAlM1WvfUD6dF7omThd,3
7212,spotify:artist:6UOcY6w4K6Ek5Lw5rFDHdP,spotify:artist:78OKNrjc3BvniYTqvpOp6P,3
7213,spotify:artist:6UOcY6w4K6Ek5Lw5rFDHdP,spotify:artist:1o43SzzuLoyOxqThmp7s0g,3
7214,spotify:artist:6UOcY6w4K6Ek5Lw5rFDHdP,spotify:artist:2M45qKMZX16QUyOiKyluI0,3
7215,spotify:artist:6UOcY6w4K6Ek5Lw5rFDHdP,spotify:artist:6VJZYivuYJGCrPuOAnI7Qo,3
7216,spotify:artist:6UOcY6w4K6Ek5Lw5rFDHdP,spotify:artist:4hiLNlqr4vQdiuo1aQKSXS,3
7217,spotify:artist:6UOcY6w4K6Ek5Lw5rFDHdP,spotify:artist:7atGlyFY5574ph1tGMs6gD,3
7218,spotify:artist:6UOcY6w4K6Ek5Lw5rFDHdP,spotify:artist:1WHoAjAWGx5qLsgzpaOk7W,3
7219,spotify:artist:6UOcY6w4K6Ek5Lw5rFDHdP,spotify:artist:05fo024EFotg9songSENOZ,3
7220,spotify:artist:50sSN9E5i4DJzYDclAXlSo,spotify:artist:6PBv8t9YTLggA9ZMwpeoqj,3
7221,spotify:artist:50sSN9E5i4DJzYDclAXlSo,spotify:artist:12VaqyEhgwDRuFfEqbnrpz,3
7222,spotify:artist:50sSN9E5i4DJzYDclAXlSo,spotify:artist:6l77PmL5iuEEcYjGl8K6s7,3
7223,spotify:artist:50sSN9E5i4DJzYDclAXlSo,spotify:artist:2rBcvLKWCZs9w1qIWv560v,3
7224,spotify:artist:50sSN9E5i4DJzYDclAXlSo,spotify:artist:0LZac5VicY19QLaIUvIB0G,3
7225,spotify:artist:50sSN9E5i4DJzYDclAXlSo,spotify:artist:55dlp5I9jyc4UjzlrcKMnq,3
7226,spotify:artist:50sSN9E5i4DJzYDclAXlSo,spotify:artist:5P1tdwsQdI6z9MXXfmYRDS,3
7227,spotify:artist:50sSN9E5i4DJzYDclAXlSo,spotify:artist:3dmSPhg0tdao8ePj4pySJ5,3
7228,spotify:artist:50sSN9E5i4DJzYDclAXlSo,spotify:artist:3TScZ6zJkavDy0tqoGqiCf,3
7229,spotify:artist:50sSN9E5i4DJzYDclAXlSo,spotify:artist:5zjaF8JUdylMWrA7AVo3hJ,3
7230,spotify:artist:50sSN9E5i4DJzYDclAXlSo,spotify:artist:2wJ4vsxWd7df7dRU4KcoDe,3
7231,spotify:artist:50sSN9E5i4DJzYDclAXlSo,spotify:artist:7sx3r4lMo079vO7lIi0fng,3
7232,spotify:artist:50sSN9E5i4DJzYDclAXlSo,spotify:artist:0EgHhNmWcjusA7F2heSD0O,3
7233,spotify:artist:50sSN9E5i4DJzYDclAXlSo,spotify:artist:3lrDYjsghBMfUTiLziD9q9,3
7234,spotify:artist:50sSN9E5i4DJzYDclAXlSo,spotify:artist:75OpU10VolujEA1pl0h1dX,3
7235,spotify:artist:50sSN9E5i4DJzYDclAXlSo,spotify:artist:1WFsBUAgQmrGQQEUyFKS60,3
7236,spotify:artist:50sSN9E5i4DJzYDclAXlSo,spotify:artist:7B2edU3Q7btJoNsoHCNohM,3
7237,spotify:artist:50sSN9E5i4DJzYDclAXlSo,spotify:artist:4zrFO6P7G6EZry0pfxMfKT,3
7238,spotify:artist:50sSN9E5i4DJzYDclAXlSo,spotify:artist:5BYuBzqmTXwUDw2rYkwExr,3
7239,spotify:artist:50sSN9E5i4DJzYDclAXlSo,spotify:artist:4vAQ4M7vgItwBtmBTgRu48,3
7240,spotify:artist:2rBcvLKWCZs9w1qIWv560v,spotify:artist:4v1YZL83eLyemlt32wWAoA,3
7241,spotify:artist:2rBcvLKWCZs9w1qIWv560v,spotify:artist:26Kq9bSJsElA93PflKEB1A,3
7242,spotify:artist:2rBcvLKWCZs9w1qIWv560v,spotify:artist:4XYH5Be5pn1qkxhfaID3J5,3
7243,spotify:artist:2rBcvLKWCZs9w1qIWv560v,spotify:artist:01C9OoXDvCKkGcf735Tcfo,3
7244,spotify:artist:2rBcvLKWCZs9w1qIWv560v,spotify:artist:6l77PmL5iuEEcYjGl8K6s7,3
7245,spotify:artist:2rBcvLKWCZs9w1qIWv560v,spotify:artist:0gOsZcHl7H3ewXVIEnWFZX,3
7246,spotify:artist:2rBcvLKWCZs9w1qIWv560v,spotify:artist:50sSN9E5i4DJzYDclAXlSo,3
7247,spotify:artist:2rBcvLKWCZs9w1qIWv560v,spotify:artist:5BKsn7SCN2XmbF7apdCpRS,3
7248,spotify:artist:2rBcvLKWCZs9w1qIWv560v,spotify:artist:6G7OerKc3eBO9sVkRNopFC,3
7249,spotify:artist:2rBcvLKWCZs9w1qIWv560v,spotify:artist:1q24xIsAD7JZuVkTLR9TJy,3
7250,spotify:artist:2rBcvLKWCZs9w1qIWv560v,spotify:artist:4h7NLIlg1oYdEtfQJfyto0,3
7251,spotify:artist:2rBcvLKWCZs9w1qIWv560v,spotify:artist:3qwabfaWewpfli7hMNM3O8,3
7252,spotify:artist:2rBcvLKWCZs9w1qIWv560v,spotify:artist:5aDKJuLDczfmHfRSOmHCJk,3
7253,spotify:artist:2rBcvLKWCZs9w1qIWv560v,spotify:artist:7x3f7c0fBanNlQwpx1255g,3
7254,spotify:artist:2rBcvLKWCZs9w1qIWv560v,spotify:artist:12VaqyEhgwDRuFfEqbnrpz,3
7255,spotify:artist:2rBcvLKWCZs9w1qIWv560v,spotify:artist:6kLw7VpGwN4N0sBdmKhhfd,3
7256,spotify:artist:2rBcvLKWCZs9w1qIWv560v,spotify:artist:23ymPLjbtAMzTJS2qRtQ8Z,3
7257,spotify:artist:2rBcvLKWCZs9w1qIWv560v,spotify:artist:05TeWWFqSVEUurt1lVhh4q,3
7258,spotify:artist:2rBcvLKWCZs9w1qIWv560v,spotify:artist:6PBv8t9YTLggA9ZMwpeoqj,3
7259,spotify:artist:2rBcvLKWCZs9w1qIWv560v,spotify:artist:0ucLPotcQNI7AViFytdhBz,3
7260,spotify:artist:12VaqyEhgwDRuFfEqbnrpz,spotify:artist:0vYkHhJ48Bs3jWcvZXvOrP,3
7261,spotify:artist:12VaqyEhgwDRuFfEqbnrpz,spotify:artist:1UAM4fJFTeyMZbhTVUKiXk,3
7262,spotify:artist:12VaqyEhgwDRuFfEqbnrpz,spotify:artist:50sSN9E5i4DJzYDclAXlSo,3
7263,spotify:artist:12VaqyEhgwDRuFfEqbnrpz,spotify:artist:4UXJsSlnKd7ltsrHebV79Q,3
7264,spotify:artist:12VaqyEhgwDRuFfEqbnrpz,spotify:artist:0IpDaO9A1OW1h0YChKzVaX,3
7265,spotify:artist:12VaqyEhgwDRuFfEqbnrpz,spotify:artist:3dmSPhg0tdao8ePj4pySJ5,3
7266,spotify:artist:12VaqyEhgwDRuFfEqbnrpz,spotify:artist:6l77PmL5iuEEcYjGl8K6s7,3
7267,spotify:artist:12VaqyEhgwDRuFfEqbnrpz,spotify:artist:1xgFexIwrf2QjbU0buCNnp,3
7268,spotify:artist:12VaqyEhgwDRuFfEqbnrpz,spotify:artist:6G7OerKc3eBO9sVkRNopFC,3
7269,spotify:artist:12VaqyEhgwDRuFfEqbnrpz,spotify:artist:5BYuBzqmTXwUDw2rYkwExr,3
7270,spotify:artist:12VaqyEhgwDRuFfEqbnrpz,spotify:artist:3QgSmABpItIdj908ek80n5,3
7271,spotify:artist:12VaqyEhgwDRuFfEqbnrpz,spotify:artist:1G0Xwj8mza6b03iYkVdzDP,3
7272,spotify:artist:12VaqyEhgwDRuFfEqbnrpz,spotify:artist:1fpXM23IoNckJ7NDAm8YJQ,3
7273,spotify:artist:12VaqyEhgwDRuFfEqbnrpz,spotify:artist:1RM5gp0RFfjpJhCYFPB30p,3
7274,spotify:artist:12VaqyEhgwDRuFfEqbnrpz,spotify:artist:3AmgGrYHXqgbmZ2yKoIVzO,3
7275,spotify:artist:12VaqyEhgwDRuFfEqbnrpz,spotify:artist:4wLIbcoqmqI4WZHDiBxeCB,3
7276,spotify:artist:12VaqyEhgwDRuFfEqbnrpz,spotify:artist:2rBcvLKWCZs9w1qIWv560v,3
7277,spotify:artist:12VaqyEhgwDRuFfEqbnrpz,spotify:artist:1KsASRNugxU85T0u6zSg32,3
7278,spotify:artist:12VaqyEhgwDRuFfEqbnrpz,spotify:artist:6liAMWkVf5LH7YR9yfFy1Y,3
7279,spotify:artist:12VaqyEhgwDRuFfEqbnrpz,spotify:artist:77oD8X9qLXZhpbCjv53l5n,3
7280,spotify:artist:05fo024EFotg9songSENOZ,spotify:artist:4fxp616ALtFWnXfwxnjLzW,3
7281,spotify:artist:05fo024EFotg9songSENOZ,spotify:artist:2mAYpnSe3g2Y22JcZ2ddku,3
7282,spotify:artist:05fo024EFotg9songSENOZ,spotify:artist:37qXWlhfRvpxmIeTKvfw8B,3
7283,spotify:artist:05fo024EFotg9songSENOZ,spotify:artist:5hE6NCoobhyEu6TRSbjOJY,3
7284,spotify:artist:05fo024EFotg9songSENOZ,spotify:artist:6l77PmL5iuEEcYjGl8K6s7,3
7285,spotify:artist:05fo024EFotg9songSENOZ,spotify:artist:1YZEoYFXx4AxVv13OiOPvZ,3
7286,spotify:artist:05fo024EFotg9songSENOZ,spotify:artist:7eQZTqEMozBcuSubfu52i4,3
7287,spotify:artist:05fo024EFotg9songSENOZ,spotify:artist:6G7OerKc3eBO9sVkRNopFC,3
7288,spotify:artist:05fo024EFotg9songSENOZ,spotify:artist:2QIHd0B2VIKlmLyoq4lUr7,3
7289,spotify:artist:05fo024EFotg9songSENOZ,spotify:artist:6VJZYivuYJGCrPuOAnI7Qo,3
7290,spotify:artist:05fo024EFotg9songSENOZ,spotify:artist:5isqImG0rLfAgBJSPMEVXF,3
7291,spotify:artist:05fo024EFotg9songSENOZ,spotify:artist:6UOcY6w4K6Ek5Lw5rFDHdP,3
7292,spotify:artist:05fo024EFotg9songSENOZ,spotify:artist:2mcNCn1qbZUQ3J9KHapUxj,3
7293,spotify:artist:05fo024EFotg9songSENOZ,spotify:artist:4Q3f2YYH4gQxWFS3WY5G3j,3
7294,spotify:artist:05fo024EFotg9songSENOZ,spotify:artist:7w29UYBi0qsHi5RTcv3lmA,3
7295,spotify:artist:05fo024EFotg9songSENOZ,spotify:artist:4mw86zm4QZIL8SksdyE6OU,3
7296,spotify:artist:05fo024EFotg9songSENOZ,spotify:artist:3AmgGrYHXqgbmZ2yKoIVzO,3
7297,spotify:artist:05fo024EFotg9songSENOZ,spotify:artist:12VaqyEhgwDRuFfEqbnrpz,3
7298,spotify:artist:05fo024EFotg9songSENOZ,spotify:artist:2rBcvLKWCZs9w1qIWv560v,3
7299,spotify:artist:05fo024EFotg9songSENOZ,spotify:artist:0MHcaxRSYyXEIJWsB2VF6B,3
7300,spotify:artist:5hE6NCoobhyEu6TRSbjOJY,spotify:artist:7eQZTqEMozBcuSubfu52i4,3
7301,spotify:artist:5hE6NCoobhyEu6TRSbjOJY,spotify:artist:7JUms0YyWoLQ0ICQvrEgjL,3
7302,spotify:artist:5hE6NCoobhyEu6TRSbjOJY,spotify:artist:7qHOphlWaJrfFa0BqpayDG,3
7303,spotify:artist:5hE6NCoobhyEu6TRSbjOJY,spotify:artist:6UOcY6w4K6Ek5Lw5rFDHdP,3
7304,spotify:artist:5hE6NCoobhyEu6TRSbjOJY,spotify:artist:0ucLPotcQNI7AViFytdhBz,3
7305,spotify:artist:5hE6NCoobhyEu6TRSbjOJY,spotify:artist:2mAYpnSe3g2Y22JcZ2ddku,3
7306,spotify:artist:5hE6NCoobhyEu6TRSbjOJY,spotify:artist:05fo024EFotg9songSENOZ,3
7307,spotify:artist:5hE6NCoobhyEu6TRSbjOJY,spotify:artist:6l77PmL5iuEEcYjGl8K6s7,3
7308,spotify:artist:5hE6NCoobhyEu6TRSbjOJY,spotify:artist:1o43SzzuLoyOxqThmp7s0g,3
7309,spotify:artist:5hE6NCoobhyEu6TRSbjOJY,spotify:artist:78OKNrjc3BvniYTqvpOp6P,3
7310,spotify:artist:5hE6NCoobhyEu6TRSbjOJY,spotify:artist:3qwabfaWewpfli7hMNM3O8,3
7311,spotify:artist:5hE6NCoobhyEu6TRSbjOJY,spotify:artist:5BKsn7SCN2XmbF7apdCpRS,3
7312,spotify:artist:5hE6NCoobhyEu6TRSbjOJY,spotify:artist:6VJZYivuYJGCrPuOAnI7Qo,3
7313,spotify:artist:5hE6NCoobhyEu6TRSbjOJY,spotify:artist:1WHoAjAWGx5qLsgzpaOk7W,3
7314,spotify:artist:5hE6NCoobhyEu6TRSbjOJY,spotify:artist:4tOVIRjlWWfR1RrAxyRqTE,3
7315,spotify:artist:5hE6NCoobhyEu6TRSbjOJY,spotify:artist:7x3Y6pFeDGLJjv1V5uToHv,3
7316,spotify:artist:5hE6NCoobhyEu6TRSbjOJY,spotify:artist:7w29UYBi0qsHi5RTcv3lmA,3
7317,spotify:artist:5hE6NCoobhyEu6TRSbjOJY,spotify:artist:7atGlyFY5574ph1tGMs6gD,3
7318,spotify:artist:5hE6NCoobhyEu6TRSbjOJY,spotify:artist:3AmgGrYHXqgbmZ2yKoIVzO,3
7319,spotify:artist:5hE6NCoobhyEu6TRSbjOJY,spotify:artist:6ZK2nrW8aCTg8Bid7I7N10,3
7320,spotify:artist:3qwabfaWewpfli7hMNM3O8,spotify:artist:5BKsn7SCN2XmbF7apdCpRS,3
7321,spotify:artist:3qwabfaWewpfli7hMNM3O8,spotify:artist:4aaBjq7VqqQvpSF69GglvO,3
7322,spotify:artist:3qwabfaWewpfli7hMNM3O8,spotify:artist:0MoXIHcFwhIWnFgBfdvQ30,3
7323,spotify:artist:3qwabfaWewpfli7hMNM3O8,spotify:artist:7zt6Af78CalxaPDqORfw8L,3
7324,spotify:artist:3qwabfaWewpfli7hMNM3O8,spotify:artist:6UOcY6w4K6Ek5Lw5rFDHdP,3
7325,spotify:artist:3qwabfaWewpfli7hMNM3O8,spotify:artist:7y8lzaGqtadGmtAtg2SGv4,3
7326,spotify:artist:3qwabfaWewpfli7hMNM3O8,spotify:artist:1WHoAjAWGx5qLsgzpaOk7W,3
7327,spotify:artist:3qwabfaWewpfli7hMNM3O8,spotify:artist:7eQZTqEMozBcuSubfu52i4,3
7328,spotify:artist:3qwabfaWewpfli7hMNM3O8,spotify:artist:0ucLPotcQNI7AViFytdhBz,3
7329,spotify:artist:3qwabfaWewpfli7hMNM3O8,spotify:artist:6l77PmL5iuEEcYjGl8K6s7,3
7330,spotify:artist:3qwabfaWewpfli7hMNM3O8,spotify:artist:3K2zB87GZv1krx031en5VA,3
7331,spotify:artist:3qwabfaWewpfli7hMNM3O8,spotify:artist:6Tyzp9KzpiZ04DABQoedps,3
7332,spotify:artist:3qwabfaWewpfli7hMNM3O8,spotify:artist:5sL9uDMwceYHPknnCLAAwJ,3
7333,spotify:artist:3qwabfaWewpfli7hMNM3O8,spotify:artist:0H0rBbf7vHXO3qh50Wap7y,3
7334,spotify:artist:3qwabfaWewpfli7hMNM3O8,spotify:artist:7w29UYBi0qsHi5RTcv3lmA,3
7335,spotify:artist:3qwabfaWewpfli7hMNM3O8,spotify:artist:5hE6NCoobhyEu6TRSbjOJY,3
7336,spotify:artist:3qwabfaWewpfli7hMNM3O8,spotify:artist:7qHOphlWaJrfFa0BqpayDG,3
7337,spotify:artist:3qwabfaWewpfli7hMNM3O8,spotify:artist:6UE7nl9mha6s8z0wFQFIZ2,3
7338,spotify:artist:3qwabfaWewpfli7hMNM3O8,spotify:artist:7xFnmid57ZE6iWEXdEXO3b,3
7339,spotify:artist:3qwabfaWewpfli7hMNM3O8,spotify:artist:2f9ZiYA2ic1r1voObUimdd,3
7340,spotify:artist:3AmgGrYHXqgbmZ2yKoIVzO,spotify:artist:38zTZcuN7nFvVJ6auhc6V3,3
7341,spotify:artist:3AmgGrYHXqgbmZ2yKoIVzO,spotify:artist:2ueoLVCXQ948OfhVvAy3Nn,3
7342,spotify:artist:3AmgGrYHXqgbmZ2yKoIVzO,spotify:artist:6NrkINd80slV25wkBu9mEB,3
7343,spotify:artist:3AmgGrYHXqgbmZ2yKoIVzO,spotify:artist:2Jv5eshHtLycR6R8KQCdc4,3
7344,spotify:artist:3AmgGrYHXqgbmZ2yKoIVzO,spotify:artist:4OrizGCKhOrW6iDDJHN9xd,3
7345,spotify:artist:3AmgGrYHXqgbmZ2yKoIVzO,spotify:artist:6l77PmL5iuEEcYjGl8K6s7,3
7346,spotify:artist:3AmgGrYHXqgbmZ2yKoIVzO,spotify:artist:5isqImG0rLfAgBJSPMEVXF,3
7347,spotify:artist:3AmgGrYHXqgbmZ2yKoIVzO,spotify:artist:7EFB09NxZrMi9pGlOnuBpd,3
7348,spotify:artist:3AmgGrYHXqgbmZ2yKoIVzO,spotify:artist:1o43SzzuLoyOxqThmp7s0g,3
7349,spotify:artist:3AmgGrYHXqgbmZ2yKoIVzO,spotify:artist:4zKYrXs8iN4AeHmO8ZxNqp,3
7350,spotify:artist:3AmgGrYHXqgbmZ2yKoIVzO,spotify:artist:4zrFO6P7G6EZry0pfxMfKT,3
7351,spotify:artist:3AmgGrYHXqgbmZ2yKoIVzO,spotify:artist:1J6xqDysFw6YiQ0vMvIKds,3
7352,spotify:artist:3AmgGrYHXqgbmZ2yKoIVzO,spotify:artist:4R073T3AVJKqAsbzLmLW9u,3
7353,spotify:artist:3AmgGrYHXqgbmZ2yKoIVzO,spotify:artist:34vLhockmYhf3LgznwyNaQ,3
7354,spotify:artist:3AmgGrYHXqgbmZ2yKoIVzO,spotify:artist:3Oim8XBPbznAa8Jj8QzNc8,3
7355,spotify:artist:3AmgGrYHXqgbmZ2yKoIVzO,spotify:artist:4tOVIRjlWWfR1RrAxyRqTE,3
7356,spotify:artist:3AmgGrYHXqgbmZ2yKoIVzO,spotify:artist:0WtTGUjbur1R1cNzBvbsMU,3
7357,spotify:artist:3AmgGrYHXqgbmZ2yKoIVzO,spotify:artist:5uTJLo3c4ZHpH8oEwGxYUN,3
7358,spotify:artist:3AmgGrYHXqgbmZ2yKoIVzO,spotify:artist:5H0YoDsPDi9fObFmJtTjfN,3
7359,spotify:artist:3AmgGrYHXqgbmZ2yKoIVzO,spotify:artist:3TdVTSmMfLh55VrJDUpIQ2,3
7360,spotify:artist:37qXWlhfRvpxmIeTKvfw8B,spotify:artist:0jkK3K1ATFFHofEWjd2i00,3
7361,spotify:artist:37qXWlhfRvpxmIeTKvfw8B,spotify:artist:2PqsalqLh5RT6FSy9DrGZh,3
7362,spotify:artist:37qXWlhfRvpxmIeTKvfw8B,spotify:artist:05fo024EFotg9songSENOZ,3
7363,spotify:artist:37qXWlhfRvpxmIeTKvfw8B,spotify:artist:0fqE57gXXTTqxXlFYVNG2u,3
7364,spotify:artist:37qXWlhfRvpxmIeTKvfw8B,spotify:artist:6l77PmL5iuEEcYjGl8K6s7,3
7365,spotify:artist:37qXWlhfRvpxmIeTKvfw8B,spotify:artist:0tKasOjdZBjHJCMsalvvjb,3
7366,spotify:artist:37qXWlhfRvpxmIeTKvfw8B,spotify:artist:6PBv8t9YTLggA9ZMwpeoqj,3
7367,spotify:artist:37qXWlhfRvpxmIeTKvfw8B,spotify:artist:5zjaF8JUdylMWrA7AVo3hJ,3
7368,spotify:artist:37qXWlhfRvpxmIeTKvfw8B,spotify:artist:2mAYpnSe3g2Y22JcZ2ddku,3
7369,spotify:artist:37qXWlhfRvpxmIeTKvfw8B,spotify:artist:2QIHd0B2VIKlmLyoq4lUr7,3
7370,spotify:artist:37qXWlhfRvpxmIeTKvfw8B,spotify:artist:0MHcaxRSYyXEIJWsB2VF6B,3
7371,spotify:artist:37qXWlhfRvpxmIeTKvfw8B,spotify:artist:5AZHg5fZjuN4FzGUnaiQcj,3
7372,spotify:artist:37qXWlhfRvpxmIeTKvfw8B,spotify:artist:4fxp616ALtFWnXfwxnjLzW,3
7373,spotify:artist:37qXWlhfRvpxmIeTKvfw8B,spotify:artist:1b2U0VT1Z4ACqOihBL1fgw,3
7374,spotify:artist:37qXWlhfRvpxmIeTKvfw8B,spotify:artist:726Dh6A5VyDfAAQxilT6A0,3
7375,spotify:artist:37qXWlhfRvpxmIeTKvfw8B,spotify:artist:3UORxcctdWi6drku1qOrol,3
7376,spotify:artist:37qXWlhfRvpxmIeTKvfw8B,spotify:artist:08j69Ndyx1P7RLO3Janb5P,3
7377,spotify:artist:37qXWlhfRvpxmIeTKvfw8B,spotify:artist:6G7OerKc3eBO9sVkRNopFC,3
7378,spotify:artist:37qXWlhfRvpxmIeTKvfw8B,spotify:artist:50sSN9E5i4DJzYDclAXlSo,3
7379,spotify:artist:37qXWlhfRvpxmIeTKvfw8B,spotify:artist:77Rj6PHmQJFb8nbSH62y68,3
7380,spotify:artist:5BKsn7SCN2XmbF7apdCpRS,spotify:artist:3qwabfaWewpfli7hMNM3O8,3
7381,spotify:artist:5BKsn7SCN2XmbF7apdCpRS,spotify:artist:4aaBjq7VqqQvpSF69GglvO,3
7382,spotify:artist:5BKsn7SCN2XmbF7apdCpRS,spotify:artist:7w29UYBi0qsHi5RTcv3lmA,3
7383,spotify:artist:5BKsn7SCN2XmbF7apdCpRS,spotify:artist:0ucLPotcQNI7AViFytdhBz,3
7384,spotify:artist:5BKsn7SCN2XmbF7apdCpRS,spotify:artist:0MoXIHcFwhIWnFgBfdvQ30,3
7385,spotify:artist:5BKsn7SCN2XmbF7apdCpRS,spotify:artist:6UOcY6w4K6Ek5Lw5rFDHdP,3
7386,spotify:artist:5BKsn7SCN2XmbF7apdCpRS,spotify:artist:08YvZ2qzFrDSITfHLbPKMP,3
7387,spotify:artist:5BKsn7SCN2XmbF7apdCpRS,spotify:artist:5TfnQ0Ai1cEbKY5katFK14,3
7388,spotify:artist:5BKsn7SCN2XmbF7apdCpRS,spotify:artist:1EJWNhiYbOyeUHbsS7Kp1P,3
7389,spotify:artist:5BKsn7SCN2XmbF7apdCpRS,spotify:artist:5nPOO9iTcrs9k6yFffPxjH,3
7390,spotify:artist:5BKsn7SCN2XmbF7apdCpRS,spotify:artist:7eQZTqEMozBcuSubfu52i4,3
7391,spotify:artist:5BKsn7SCN2XmbF7apdCpRS,spotify:artist:5EP020iZcwBqHRnJftibXX,3
7392,spotify:artist:5BKsn7SCN2XmbF7apdCpRS,spotify:artist:7zt6Af78CalxaPDqORfw8L,3
7393,spotify:artist:5BKsn7SCN2XmbF7apdCpRS,spotify:artist:1WHoAjAWGx5qLsgzpaOk7W,3
7394,spotify:artist:5BKsn7SCN2XmbF7apdCpRS,spotify:artist:1gkSl4XpHIHI4I1WQbfXOE,3
7395,spotify:artist:5BKsn7SCN2XmbF7apdCpRS,spotify:artist:08j69Ndyx1P7RLO3Janb5P,3
7396,spotify:artist:5BKsn7SCN2XmbF7apdCpRS,spotify:artist:2rBcvLKWCZs9w1qIWv560v,3
7397,spotify:artist:5BKsn7SCN2XmbF7apdCpRS,spotify:artist:1Tz1kM5vFyBpzD22fHW609,3
7398,spotify:artist:5BKsn7SCN2XmbF7apdCpRS,spotify:artist:5R7K1GezC0jy24v1R2n4x3,3
7399,spotify:artist:5BKsn7SCN2XmbF7apdCpRS,spotify:artist:6l77PmL5iuEEcYjGl8K6s7,3
7400,spotify:artist:2ueoLVCXQ948OfhVvAy3Nn,spotify:artist:2wJ4vsxWd7df7dRU4KcoDe,3
7401,spotify:artist:2ueoLVCXQ948OfhVvAy3Nn,spotify:artist:6fLrPFLWLSCrp7gcTZXcKb,3
7402,spotify:artist:2ueoLVCXQ948OfhVvAy3Nn,spotify:artist:5VF0YkVLeVD4ytyiyVSIiF,3
7403,spotify:artist:2ueoLVCXQ948OfhVvAy3Nn,spotify:artist:1ybAN3utgdoUL1MUCtH4QM,3
7404,spotify:artist:2ueoLVCXQ948OfhVvAy3Nn,spotify:artist:22ojy4H4ZVpowC4lRRC8In,3
7405,spotify:artist:2ueoLVCXQ948OfhVvAy3Nn,spotify:artist:5uTJLo3c4ZHpH8oEwGxYUN,3
7406,spotify:artist:2ueoLVCXQ948OfhVvAy3Nn,spotify:artist:38zTZcuN7nFvVJ6auhc6V3,3
7407,spotify:artist:2ueoLVCXQ948OfhVvAy3Nn,spotify:artist:31uyAcnY0kjjKKIQZMKX4i,3
7408,spotify:artist:2ueoLVCXQ948OfhVvAy3Nn,spotify:artist:0bsV0sUjnCuCTYOnNHQl3E,3
7409,spotify:artist:2ueoLVCXQ948OfhVvAy3Nn,spotify:artist:3AmgGrYHXqgbmZ2yKoIVzO,3
7410,spotify:artist:2ueoLVCXQ948OfhVvAy3Nn,spotify:artist:2Jv5eshHtLycR6R8KQCdc4,3
7411,spotify:artist:2ueoLVCXQ948OfhVvAy3Nn,spotify:artist:6mKqFxGMS5TGDZI3XkT5Rt,3
7412,spotify:artist:2ueoLVCXQ948OfhVvAy3Nn,spotify:artist:2iUVQjheBnvOt8vaBrxXJz,3
7413,spotify:artist:2ueoLVCXQ948OfhVvAy3Nn,spotify:artist:7bcbShaqKdcyjnmv4Ix8j6,3
7414,spotify:artist:2ueoLVCXQ948OfhVvAy3Nn,spotify:artist:3AHFDfqhSqPBecjQDIOIJA,3
7415,spotify:artist:2ueoLVCXQ948OfhVvAy3Nn,spotify:artist:7hAolICGSgXJuM6DUpK5rp,3
7416,spotify:artist:2ueoLVCXQ948OfhVvAy3Nn,spotify:artist:1wmiQ6ytATiGnJs6uFluKO,3
7417,spotify:artist:2ueoLVCXQ948OfhVvAy3Nn,spotify:artist:5QuBVnBPEzwYvFrgBbwpmU,3
7418,spotify:artist:2ueoLVCXQ948OfhVvAy3Nn,spotify:artist:1jwOuEBcOKq0BeudSarbEM,3
7419,spotify:artist:2ueoLVCXQ948OfhVvAy3Nn,spotify:artist:7MoIc5s9KXolCBH1fy9kkw,3
7420,spotify:artist:7hAolICGSgXJuM6DUpK5rp,spotify:artist:0X0TajZO1RmY3D8u1JymYq,3
7421,spotify:artist:7hAolICGSgXJuM6DUpK5rp,spotify:artist:59pWgeY26Q6yJy37QvJflh,3
7422,spotify:artist:7hAolICGSgXJuM6DUpK5rp,spotify:artist:6fLrPFLWLSCrp7gcTZXcKb,3
7423,spotify:artist:7hAolICGSgXJuM6DUpK5rp,spotify:artist:1mBdei7fcRpbUEYHgsQN9H,3
7424,spotify:artist:7hAolICGSgXJuM6DUpK5rp,spotify:artist:2ueoLVCXQ948OfhVvAy3Nn,3
7425,spotify:artist:7hAolICGSgXJuM6DUpK5rp,spotify:artist:3Oim8XBPbznAa8Jj8QzNc8,3
7426,spotify:artist:7hAolICGSgXJuM6DUpK5rp,spotify:artist:1ybAN3utgdoUL1MUCtH4QM,3
7427,spotify:artist:7hAolICGSgXJuM6DUpK5rp,spotify:artist:6l77PmL5iuEEcYjGl8K6s7,3
7428,spotify:artist:7hAolICGSgXJuM6DUpK5rp,spotify:artist:04HvbIwBccFmRie5ATX4ft,3
7429,spotify:artist:7hAolICGSgXJuM6DUpK5rp,spotify:artist:6UOcY6w4K6Ek5Lw5rFDHdP,3
7430,spotify:artist:7hAolICGSgXJuM6DUpK5rp,spotify:artist:7pyhre5oEEFMqcgMEvJY7q,3
7431,spotify:artist:7hAolICGSgXJuM6DUpK5rp,spotify:artist:1o43SzzuLoyOxqThmp7s0g,3
7432,spotify:artist:7hAolICGSgXJuM6DUpK5rp,spotify:artist:0KydPQPUUoTNhmiHKOg5Er,3
7433,spotify:artist:7hAolICGSgXJuM6DUpK5rp,spotify:artist:34vLhockmYhf3LgznwyNaQ,3
7434,spotify:artist:7hAolICGSgXJuM6DUpK5rp,spotify:artist:5QuBVnBPEzwYvFrgBbwpmU,3
7435,spotify:artist:7hAolICGSgXJuM6DUpK5rp,spotify:artist:5ltJZgIW3OkY5WvuzX5MYz,3
7436,spotify:artist:7hAolICGSgXJuM6DUpK5rp,spotify:artist:224Zsim3dmWXWYUXFuHv0o,3
7437,spotify:artist:7hAolICGSgXJuM6DUpK5rp,spotify:artist:3sXErEOw7EmO6Sj7EgjHdU,3
7438,spotify:artist:7hAolICGSgXJuM6DUpK5rp,spotify:artist:4Ge8xMJNwt6EEXOzVXju9a,3
7439,spotify:artist:7hAolICGSgXJuM6DUpK5rp,spotify:artist:0bsV0sUjnCuCTYOnNHQl3E,3
7440,spotify:artist:6PBv8t9YTLggA9ZMwpeoqj,spotify:artist:67pQ8Yr09zDDzzwWw3EG9R,3
7441,spotify:artist:6PBv8t9YTLggA9ZMwpeoqj,spotify:artist:55dlp5I9jyc4UjzlrcKMnq,3
7442,spotify:artist:6PBv8t9YTLggA9ZMwpeoqj,spotify:artist:50sSN9E5i4DJzYDclAXlSo,3
7443,spotify:artist:6PBv8t9YTLggA9ZMwpeoqj,spotify:artist:0jkK3K1ATFFHofEWjd2i00,3
7444,spotify:artist:6PBv8t9YTLggA9ZMwpeoqj,spotify:artist:0fqE57gXXTTqxXlFYVNG2u,3
7445,spotify:artist:6PBv8t9YTLggA9ZMwpeoqj,spotify:artist:3TScZ6zJkavDy0tqoGqiCf,3
7446,spotify:artist:6PBv8t9YTLggA9ZMwpeoqj,spotify:artist:6cLEWhEKQl6nAvgr60M7zC,3
7447,spotify:artist:6PBv8t9YTLggA9ZMwpeoqj,spotify:artist:3dmSPhg0tdao8ePj4pySJ5,3
7448,spotify:artist:6PBv8t9YTLggA9ZMwpeoqj,spotify:artist:37qXWlhfRvpxmIeTKvfw8B,3
7449,spotify:artist:6PBv8t9YTLggA9ZMwpeoqj,spotify:artist:6l77PmL5iuEEcYjGl8K6s7,3
7450,spotify:artist:6PBv8t9YTLggA9ZMwpeoqj,spotify:artist:6G7OerKc3eBO9sVkRNopFC,3
7451,spotify:artist:6PBv8t9YTLggA9ZMwpeoqj,spotify:artist:3nOQJdlPEzFVhTEzxwcGax,3
7452,spotify:artist:6PBv8t9YTLggA9ZMwpeoqj,spotify:artist:4fxp616ALtFWnXfwxnjLzW,3
7453,spotify:artist:6PBv8t9YTLggA9ZMwpeoqj,spotify:artist:12VaqyEhgwDRuFfEqbnrpz,3
7454,spotify:artist:6PBv8t9YTLggA9ZMwpeoqj,spotify:artist:0LZac5VicY19QLaIUvIB0G,3
7455,spotify:artist:6PBv8t9YTLggA9ZMwpeoqj,spotify:artist:2QIHd0B2VIKlmLyoq4lUr7,3
7456,spotify:artist:6PBv8t9YTLggA9ZMwpeoqj,spotify:artist:6Lt6KFXX3P0v6vfrynQAMo,3
7457,spotify:artist:6PBv8t9YTLggA9ZMwpeoqj,spotify:artist:0ZUyFEafMwocvApBjTXvdo,3
7458,spotify:artist:6PBv8t9YTLggA9ZMwpeoqj,spotify:artist:2Lhs0asnFQiLuntn3s8p78,3
7459,spotify:artist:6PBv8t9YTLggA9ZMwpeoqj,spotify:artist:2zAvisjImPICTNsRgagqlV,3
7460,spotify:artist:78OKNrjc3BvniYTqvpOp6P,spotify:artist:6ZK2nrW8aCTg8Bid7I7N10,3
7461,spotify:artist:78OKNrjc3BvniYTqvpOp6P,spotify:artist:1o43SzzuLoyOxqThmp7s0g,3
7462,spotify:artist:78OKNrjc3BvniYTqvpOp6P,spotify:artist:5hE6NCoobhyEu6TRSbjOJY,3
7463,spotify:artist:78OKNrjc3BvniYTqvpOp6P,spotify:artist:1ssulsHf3JrWakLxa8yFad,3
7464,spotify:artist:78OKNrjc3BvniYTqvpOp6P,spotify:artist:0O9n1swkbCd1KqV2QrSVHl,3
7465,spotify:artist:78OKNrjc3BvniYTqvpOp6P,spotify:artist:5e9048O5CDVvCgSmUEJA06,3
7466,spotify:artist:78OKNrjc3BvniYTqvpOp6P,spotify:artist:6UOcY6w4K6Ek5Lw5rFDHdP,3
7467,spotify:artist:78OKNrjc3BvniYTqvpOp6P,spotify:artist:40HeNm05FEAxGx8gUOV4my,3
7468,spotify:artist:78OKNrjc3BvniYTqvpOp6P,spotify:artist:7x3Y6pFeDGLJjv1V5uToHv,3
7469,spotify:artist:78OKNrjc3BvniYTqvpOp6P,spotify:artist:3TdVTSmMfLh55VrJDUpIQ2,3
7470,spotify:artist:78OKNrjc3BvniYTqvpOp6P,spotify:artist:34gLicNdz493863yZTanvC,3
7471,spotify:artist:78OKNrjc3BvniYTqvpOp6P,spotify:artist:1v9FPBHwuI4FjR7ewOifmJ,3
7472,spotify:artist:78OKNrjc3BvniYTqvpOp6P,spotify:artist:5zjaF8JUdylMWrA7AVo3hJ,3
7473,spotify:artist:78OKNrjc3BvniYTqvpOp6P,spotify:artist:6FfjnGXMhxSsJTuGLWBDth,3
7474,spotify:artist:78OKNrjc3BvniYTqvpOp6P,spotify:artist:1eiXrvua27VlWgZ9kiaIn6,3
7475,spotify:artist:78OKNrjc3BvniYTqvpOp6P,spotify:artist:31uyAcnY0kjjKKIQZMKX4i,3
7476,spotify:artist:78OKNrjc3BvniYTqvpOp6P,spotify:artist:6l77PmL5iuEEcYjGl8K6s7,3
7477,spotify:artist:78OKNrjc3BvniYTqvpOp6P,spotify:artist:0bsV0sUjnCuCTYOnNHQl3E,3
7478,spotify:artist:78OKNrjc3BvniYTqvpOp6P,spotify:artist:73LvjicByRK5LazcQYZMAY,3
7479,spotify:artist:78OKNrjc3BvniYTqvpOp6P,spotify:artist:2mAYpnSe3g2Y22JcZ2ddku,3
7480,spotify:artist:1o43SzzuLoyOxqThmp7s0g,spotify:artist:2M45qKMZX16QUyOiKyluI0,3
7481,spotify:artist:1o43SzzuLoyOxqThmp7s0g,spotify:artist:7qHOphlWaJrfFa0BqpayDG,3
7482,spotify:artist:1o43SzzuLoyOxqThmp7s0g,spotify:artist:78OKNrjc3BvniYTqvpOp6P,3
7483,spotify:artist:1o43SzzuLoyOxqThmp7s0g,spotify:artist:6UOcY6w4K6Ek5Lw5rFDHdP,3
7484,spotify:artist:1o43SzzuLoyOxqThmp7s0g,spotify:artist:5xfJLyvC5UElVSiMuLt1ss,3
7485,spotify:artist:1o43SzzuLoyOxqThmp7s0g,spotify:artist:5hE6NCoobhyEu6TRSbjOJY,3
7486,spotify:artist:1o43SzzuLoyOxqThmp7s0g,spotify:artist:7JUms0YyWoLQ0ICQvrEgjL,3
7487,spotify:artist:1o43SzzuLoyOxqThmp7s0g,spotify:artist:7eQZTqEMozBcuSubfu52i4,3
7488,spotify:artist:1o43SzzuLoyOxqThmp7s0g,spotify:artist:6l77PmL5iuEEcYjGl8K6s7,3
7489,spotify:artist:1o43SzzuLoyOxqThmp7s0g,spotify:artist:0ucLPotcQNI7AViFytdhBz,3
7490,spotify:artist:1o43SzzuLoyOxqThmp7s0g,spotify:artist:2y98d6N81pArQNXYvkupr8,3
7491,spotify:artist:1o43SzzuLoyOxqThmp7s0g,spotify:artist:7atGlyFY5574ph1tGMs6gD,3
7492,spotify:artist:1o43SzzuLoyOxqThmp7s0g,spotify:artist:7x3Y6pFeDGLJjv1V5uToHv,3
7493,spotify:artist:1o43SzzuLoyOxqThmp7s0g,spotify:artist:3AmgGrYHXqgbmZ2yKoIVzO,3
7494,spotify:artist:1o43SzzuLoyOxqThmp7s0g,spotify:artist:4tOVIRjlWWfR1RrAxyRqTE,3
7495,spotify:artist:1o43SzzuLoyOxqThmp7s0g,spotify:artist:6ys6r2ftzNbWUTSlqlkPO2,3
7496,spotify:artist:1o43SzzuLoyOxqThmp7s0g,spotify:artist:1ssulsHf3JrWakLxa8yFad,3
7497,spotify:artist:1o43SzzuLoyOxqThmp7s0g,spotify:artist:34vLhockmYhf3LgznwyNaQ,3
7498,spotify:artist:1o43SzzuLoyOxqThmp7s0g,spotify:artist:2mAYpnSe3g2Y22JcZ2ddku,3
7499,spotify:artist:1o43SzzuLoyOxqThmp7s0g,spotify:artist:7hAolICGSgXJuM6DUpK5rp,3
7500,spotify:artist:7eQZTqEMozBcuSubfu52i4,spotify:artist:5hE6NCoobhyEu6TRSbjOJY,3
7501,spotify:artist:7eQZTqEMozBcuSubfu52i4,spotify:artist:7JUms0YyWoLQ0ICQvrEgjL,3
7502,spotify:artist:7eQZTqEMozBcuSubfu52i4,spotify:artist:0ucLPotcQNI7AViFytdhBz,3
7503,spotify:artist:7eQZTqEMozBcuSubfu52i4,spotify:artist:7qHOphlWaJrfFa0BqpayDG,3
7504,spotify:artist:7eQZTqEMozBcuSubfu52i4,spotify:artist:6UOcY6w4K6Ek5Lw5rFDHdP,3
7505,spotify:artist:7eQZTqEMozBcuSubfu52i4,spotify:artist:5R7K1GezC0jy24v1R2n4x3,3
7506,spotify:artist:7eQZTqEMozBcuSubfu52i4,spotify:artist:1WHoAjAWGx5qLsgzpaOk7W,3
7507,spotify:artist:7eQZTqEMozBcuSubfu52i4,spotify:artist:05fo024EFotg9songSENOZ,3
7508,spotify:artist:7eQZTqEMozBcuSubfu52i4,spotify:artist:3QhNv79NoIvarU6N57GBzL,3
7509,spotify:artist:7eQZTqEMozBcuSubfu52i4,spotify:artist:3qwabfaWewpfli7hMNM3O8,3
7510,spotify:artist:7eQZTqEMozBcuSubfu52i4,spotify:artist:1gkSl4XpHIHI4I1WQbfXOE,3
7511,spotify:artist:7eQZTqEMozBcuSubfu52i4,spotify:artist:7atGlyFY5574ph1tGMs6gD,3
7512,spotify:artist:7eQZTqEMozBcuSubfu52i4,spotify:artist:1o43SzzuLoyOxqThmp7s0g,3
7513,spotify:artist:7eQZTqEMozBcuSubfu52i4,spotify:artist:7K3zpFXBvPcvzhj7zlGJdO,3
7514,spotify:artist:7eQZTqEMozBcuSubfu52i4,spotify:artist:39x9e2QDpAxK8xTuJDwRqR,3
7515,spotify:artist:7eQZTqEMozBcuSubfu52i4,spotify:artist:6VJZYivuYJGCrPuOAnI7Qo,3
7516,spotify:artist:7eQZTqEMozBcuSubfu52i4,spotify:artist:5BKsn7SCN2XmbF7apdCpRS,3
7517,spotify:artist:7eQZTqEMozBcuSubfu52i4,spotify:artist:6l77PmL5iuEEcYjGl8K6s7,3
7518,spotify:artist:7eQZTqEMozBcuSubfu52i4,spotify:artist:7w29UYBi0qsHi5RTcv3lmA,3
7519,spotify:artist:7eQZTqEMozBcuSubfu52i4,spotify:artist:4tOVIRjlWWfR1RrAxyRqTE,3
7520,spotify:artist:6oBm8HB0yfrIc9IHbxs6in,spotify:artist:6l77PmL5iuEEcYjGl8K6s7,3
7521,spotify:artist:6oBm8HB0yfrIc9IHbxs6in,spotify:artist:4hiLNlqr4vQdiuo1aQKSXS,3
7522,spotify:artist:6oBm8HB0yfrIc9IHbxs6in,spotify:artist:6Jrxnp0JgqmeUX1veU591p,3
7523,spotify:artist:6oBm8HB0yfrIc9IHbxs6in,spotify:artist:6UOcY6w4K6Ek5Lw5rFDHdP,3
7524,spotify:artist:6oBm8HB0yfrIc9IHbxs6in,spotify:artist:7pyhre5oEEFMqcgMEvJY7q,3
7525,spotify:artist:6oBm8HB0yfrIc9IHbxs6in,spotify:artist:7hAolICGSgXJuM6DUpK5rp,3
7526,spotify:artist:6oBm8HB0yfrIc9IHbxs6in,spotify:artist:6UE7nl9mha6s8z0wFQFIZ2,3
7527,spotify:artist:6oBm8HB0yfrIc9IHbxs6in,spotify:artist:46CuxapoPjUfIOiXdNq7qM,3
7528,spotify:artist:6oBm8HB0yfrIc9IHbxs6in,spotify:artist:3K2zB87GZv1krx031en5VA,3
7529,spotify:artist:6oBm8HB0yfrIc9IHbxs6in,spotify:artist:6Tyzp9KzpiZ04DABQoedps,3
7530,spotify:artist:6oBm8HB0yfrIc9IHbxs6in,spotify:artist:7eQZTqEMozBcuSubfu52i4,3
7531,spotify:artist:6oBm8HB0yfrIc9IHbxs6in,spotify:artist:0WbqAlM1WvfUD6dF7omThd,3
7532,spotify:artist:6oBm8HB0yfrIc9IHbxs6in,spotify:artist:2ueoLVCXQ948OfhVvAy3Nn,3
7533,spotify:artist:6oBm8HB0yfrIc9IHbxs6in,spotify:artist:5hE6NCoobhyEu6TRSbjOJY,3
7534,spotify:artist:6oBm8HB0yfrIc9IHbxs6in,spotify:artist:3qwabfaWewpfli7hMNM3O8,3
7535,spotify:artist:6oBm8HB0yfrIc9IHbxs6in,spotify:artist:3Oim8XBPbznAa8Jj8QzNc8,3
7536,spotify:artist:6oBm8HB0yfrIc9IHbxs6in,spotify:artist:7gRhy3MIPHQo5CXYfWaw9I,3
7537,spotify:artist:6oBm8HB0yfrIc9IHbxs6in,spotify:artist:2YL0l5fnyHE9FEf1bwFGCc,3
7538,spotify:artist:6oBm8HB0yfrIc9IHbxs6in,spotify:artist:3AmgGrYHXqgbmZ2yKoIVzO,3
7539,spotify:artist:6oBm8HB0yfrIc9IHbxs6in,spotify:artist:4tOVIRjlWWfR1RrAxyRqTE,3
7540,spotify:artist:34vLhockmYhf3LgznwyNaQ,spotify:artist:6fLrPFLWLSCrp7gcTZXcKb,3
7541,spotify:artist:34vLhockmYhf3LgznwyNaQ,spotify:artist:3OUN7gnsDijEfvaHpXAAzI,3
7542,spotify:artist:34vLhockmYhf3LgznwyNaQ,spotify:artist:54KTsBl98buzGkELjGlnuU,3
7543,spotify:artist:34vLhockmYhf3LgznwyNaQ,spotify:artist:2ueoLVCXQ948OfhVvAy3Nn,3
7544,spotify:artist:34vLhockmYhf3LgznwyNaQ,spotify:artist:04HvbIwBccFmRie5ATX4ft,3
7545,spotify:artist:34vLhockmYhf3LgznwyNaQ,spotify:artist:5uTJLo3c4ZHpH8oEwGxYUN,3
7546,spotify:artist:34vLhockmYhf3LgznwyNaQ,spotify:artist:6SYIsHAQ1sPokVxmzpaDBU,3
7547,spotify:artist:34vLhockmYhf3LgznwyNaQ,spotify:artist:6l77PmL5iuEEcYjGl8K6s7,3
7548,spotify:artist:34vLhockmYhf3LgznwyNaQ,spotify:artist:5SjNVG3L9mgWQPsfp1sFDB,3
7549,spotify:artist:34vLhockmYhf3LgznwyNaQ,spotify:artist:7hAolICGSgXJuM6DUpK5rp,3
7550,spotify:artist:34vLhockmYhf3LgznwyNaQ,spotify:artist:5P1tdwsQdI6z9MXXfmYRDS,3
7551,spotify:artist:34vLhockmYhf3LgznwyNaQ,spotify:artist:1o43SzzuLoyOxqThmp7s0g,3
7552,spotify:artist:34vLhockmYhf3LgznwyNaQ,spotify:artist:3AmgGrYHXqgbmZ2yKoIVzO,3
7553,spotify:artist:34vLhockmYhf3LgznwyNaQ,spotify:artist:1TtJ8j22Roc24e2Jx3OcU4,3
7554,spotify:artist:34vLhockmYhf3LgznwyNaQ,spotify:artist:4tOVIRjlWWfR1RrAxyRqTE,3
7555,spotify:artist:34vLhockmYhf3LgznwyNaQ,spotify:artist:1l9d7B8W0IHy3LqWsxP2SH,3
7556,spotify:artist:34vLhockmYhf3LgznwyNaQ,spotify:artist:6Tyzp9KzpiZ04DABQoedps,3
7557,spotify:artist:34vLhockmYhf3LgznwyNaQ,spotify:artist:1ybAN3utgdoUL1MUCtH4QM,3
7558,spotify:artist:34vLhockmYhf3LgznwyNaQ,spotify:artist:2wJ4vsxWd7df7dRU4KcoDe,3
7559,spotify:artist:34vLhockmYhf3LgznwyNaQ,spotify:artist:7sx3r4lMo079vO7lIi0fng,3
7560,spotify:artist:6G7OerKc3eBO9sVkRNopFC,spotify:artist:6CWTBjOJK75cTE8Xv8u1kj,3
7561,spotify:artist:6G7OerKc3eBO9sVkRNopFC,spotify:artist:2QIHd0B2VIKlmLyoq4lUr7,3
7562,spotify:artist:6G7OerKc3eBO9sVkRNopFC,spotify:artist:12VaqyEhgwDRuFfEqbnrpz,3
7563,spotify:artist:6G7OerKc3eBO9sVkRNopFC,spotify:artist:05fo024EFotg9songSENOZ,3
7564,spotify:artist:6G7OerKc3eBO9sVkRNopFC,spotify:artist:5O5V29YvM6AzAQ0rNt59fy,3
7565,spotify:artist:6G7OerKc3eBO9sVkRNopFC,spotify:artist:2wJ4vsxWd7df7dRU4KcoDe,3
7566,spotify:artist:6G7OerKc3eBO9sVkRNopFC,spotify:artist:5hAhrnb0Ch4ODwWu4tsbpi,3
7567,spotify:artist:6G7OerKc3eBO9sVkRNopFC,spotify:artist:4Cedjq5BQL3MhapRvDpFED,3
7568,spotify:artist:6G7OerKc3eBO9sVkRNopFC,spotify:artist:2ajVJyxI4sHmTMtTA3ENko,3
7569,spotify:artist:6G7OerKc3eBO9sVkRNopFC,spotify:artist:2iUVQjheBnvOt8vaBrxXJz,3
7570,spotify:artist:6G7OerKc3eBO9sVkRNopFC,spotify:artist:2zAvisjImPICTNsRgagqlV,3
7571,spotify:artist:6G7OerKc3eBO9sVkRNopFC,spotify:artist:2rBcvLKWCZs9w1qIWv560v,3
7572,spotify:artist:6G7OerKc3eBO9sVkRNopFC,spotify:artist:4fxp616ALtFWnXfwxnjLzW,3
7573,spotify:artist:6G7OerKc3eBO9sVkRNopFC,spotify:artist:38u18VoGaIwVeSyVoA0eU5,3
7574,spotify:artist:6G7OerKc3eBO9sVkRNopFC,spotify:artist:6nXSnNEdLuKTzAQozRtqiI,3
7575,spotify:artist:6G7OerKc3eBO9sVkRNopFC,spotify:artist:3AmgGrYHXqgbmZ2yKoIVzO,3
7576,spotify:artist:6G7OerKc3eBO9sVkRNopFC,spotify:artist:6PBv8t9YTLggA9ZMwpeoqj,3
7577,spotify:artist:6G7OerKc3eBO9sVkRNopFC,spotify:artist:3dmSPhg0tdao8ePj4pySJ5,3
7578,spotify:artist:6G7OerKc3eBO9sVkRNopFC,spotify:artist:7gqsi6aBSkRMJoL9psKqMr,3
7579,spotify:artist:6G7OerKc3eBO9sVkRNopFC,spotify:artist:6l77PmL5iuEEcYjGl8K6s7,3
7580,spotify:artist:2wJ4vsxWd7df7dRU4KcoDe,spotify:artist:2ueoLVCXQ948OfhVvAy3Nn,3
7581,spotify:artist:2wJ4vsxWd7df7dRU4KcoDe,spotify:artist:2iUVQjheBnvOt8vaBrxXJz,3
7582,spotify:artist:2wJ4vsxWd7df7dRU4KcoDe,spotify:artist:0LZac5VicY19QLaIUvIB0G,3
7583,spotify:artist:2wJ4vsxWd7df7dRU4KcoDe,spotify:artist:5QdyldG4Fl4TPiOIeMNpBZ,3
7584,spotify:artist:2wJ4vsxWd7df7dRU4KcoDe,spotify:artist:5SjNVG3L9mgWQPsfp1sFDB,3
7585,spotify:artist:2wJ4vsxWd7df7dRU4KcoDe,spotify:artist:3lmR0qMiGuoIF9UC54egcG,3
7586,spotify:artist:2wJ4vsxWd7df7dRU4KcoDe,spotify:artist:6mKqFxGMS5TGDZI3XkT5Rt,3
7587,spotify:artist:2wJ4vsxWd7df7dRU4KcoDe,spotify:artist:57kIMCLPgkzQlXjblX7XXP,3
7588,spotify:artist:2wJ4vsxWd7df7dRU4KcoDe,spotify:artist:7gqsi6aBSkRMJoL9psKqMr,3
7589,spotify:artist:2wJ4vsxWd7df7dRU4KcoDe,spotify:artist:6fxk3UXHTFYET8qCT9WlBF,3
7590,spotify:artist:2wJ4vsxWd7df7dRU4KcoDe,spotify:artist:12fRkVfO2fUsz1QHgDAG3g,3
7591,spotify:artist:2wJ4vsxWd7df7dRU4KcoDe,spotify:artist:22ojy4H4ZVpowC4lRRC8In,3
7592,spotify:artist:2wJ4vsxWd7df7dRU4KcoDe,spotify:artist:5O5V29YvM6AzAQ0rNt59fy,3
7593,spotify:artist:2wJ4vsxWd7df7dRU4KcoDe,spotify:artist:79JJCxCCfJ8HufX6w8q2k4,3
7594,spotify:artist:2wJ4vsxWd7df7dRU4KcoDe,spotify:artist:5hAhrnb0Ch4ODwWu4tsbpi,3
7595,spotify:artist:2wJ4vsxWd7df7dRU4KcoDe,spotify:artist:5szilpXHcwOqnyKLqGco5j,3
7596,spotify:artist:2wJ4vsxWd7df7dRU4KcoDe,spotify:artist:07D1Bjaof0NFlU32KXiqUP,3
7597,spotify:artist:2wJ4vsxWd7df7dRU4KcoDe,spotify:artist:2ajVJyxI4sHmTMtTA3ENko,3
7598,spotify:artist:2wJ4vsxWd7df7dRU4KcoDe,spotify:artist:2kGBy2WHvF0VdZyqiVCkDT,3
7599,spotify:artist:2wJ4vsxWd7df7dRU4KcoDe,spotify:artist:5IWCU0V9evBlW4gIeGY4zF,3
7600,spotify:artist:3YnEf3gBveooadUeWtOdlG,spotify:artist:4SXlb6krjl3fsmbcjpj6vo,3
7601,spotify:artist:3YnEf3gBveooadUeWtOdlG,spotify:artist:3M2z0OtrMxfZRvGVYRjvnr,3
7602,spotify:artist:3YnEf3gBveooadUeWtOdlG,spotify:artist:4EsdP4xiIySo2aKxrn3I0z,3
7603,spotify:artist:3YnEf3gBveooadUeWtOdlG,spotify:artist:4gjSaZ6ir7PGILXydYAPbm,3
7604,spotify:artist:3YnEf3gBveooadUeWtOdlG,spotify:artist:2kjd9eTgBXRmPZZoEFiXVY,3
7605,spotify:artist:3YnEf3gBveooadUeWtOdlG,spotify:artist:0oOlqHVzcFw27OtchsyaJG,3
7606,spotify:artist:3YnEf3gBveooadUeWtOdlG,spotify:artist:6AmwaKXtS7fsz8HCeYaLMx,3
7607,spotify:artist:3YnEf3gBveooadUeWtOdlG,spotify:artist:31NNVhmM6fERBBdPLSllAT,3
7608,spotify:artist:3YnEf3gBveooadUeWtOdlG,spotify:artist:7Mv4YU9Q9kiFtdWG3aSkn6,3
7609,spotify:artist:3YnEf3gBveooadUeWtOdlG,spotify:artist:2NzQBKXXivtPkk0WyXubwg,3
7610,spotify:artist:3YnEf3gBveooadUeWtOdlG,spotify:artist:5SkIdT6O9NE5nNgnxpWZ13,3
7611,spotify:artist:3YnEf3gBveooadUeWtOdlG,spotify:artist:2jOKJHJh3mZ3L4q4t9bkO2,3
7612,spotify:artist:3YnEf3gBveooadUeWtOdlG,spotify:artist:7b8ZbGVwLbqbnqLIb9mCKb,3
7613,spotify:artist:3YnEf3gBveooadUeWtOdlG,spotify:artist:1b6AYqvh1QRo10QRVSI5Tk,3
7614,spotify:artist:3YnEf3gBveooadUeWtOdlG,spotify:artist:0uDc98rdopqBajSlpdl5kD,3
7615,spotify:artist:3YnEf3gBveooadUeWtOdlG,spotify:artist:45Bk4w7P0aAoLKyzptffUT,3
7616,spotify:artist:3YnEf3gBveooadUeWtOdlG,spotify:artist:50ggSkwMSRGRQJe8PcRag6,3
7617,spotify:artist:3YnEf3gBveooadUeWtOdlG,spotify:artist:7vrtpoeSI9Xnu1dSWel6X8,3
7618,spotify:artist:3YnEf3gBveooadUeWtOdlG,spotify:artist:7qBUZQ7O7UNpBgD23MIM3v,3
7619,spotify:artist:3YnEf3gBveooadUeWtOdlG,spotify:artist:1d0AevdgJeXUeGCRf9bXh7,3
7620,spotify:artist:0oOlqHVzcFw27OtchsyaJG,spotify:artist:4EsdP4xiIySo2aKxrn3I0z,3
7621,spotify:artist:0oOlqHVzcFw27OtchsyaJG,spotify:artist:4SXlb6krjl3fsmbcjpj6vo,3
7622,spotify:artist:0oOlqHVzcFw27OtchsyaJG,spotify:artist:1b6AYqvh1QRo10QRVSI5Tk,3
7623,spotify:artist:0oOlqHVzcFw27OtchsyaJG,spotify:artist:4gjSaZ6ir7PGILXydYAPbm,3
7624,spotify:artist:0oOlqHVzcFw27OtchsyaJG,spotify:artist:50ggSkwMSRGRQJe8PcRag6,3
7625,spotify:artist:0oOlqHVzcFw27OtchsyaJG,spotify:artist:3M2z0OtrMxfZRvGVYRjvnr,3
7626,spotify:artist:0oOlqHVzcFw27OtchsyaJG,spotify:artist:2jOKJHJh3mZ3L4q4t9bkO2,3
7627,spotify:artist:0oOlqHVzcFw27OtchsyaJG,spotify:artist:1d0AevdgJeXUeGCRf9bXh7,3
7628,spotify:artist:0oOlqHVzcFw27OtchsyaJG,spotify:artist:7Mv4YU9Q9kiFtdWG3aSkn6,3
7629,spotify:artist:0oOlqHVzcFw27OtchsyaJG,spotify:artist:6AmwaKXtS7fsz8HCeYaLMx,3
7630,spotify:artist:0oOlqHVzcFw27OtchsyaJG,spotify:artist:7b8ZbGVwLbqbnqLIb9mCKb,3
7631,spotify:artist:0oOlqHVzcFw27OtchsyaJG,spotify:artist:3YnEf3gBveooadUeWtOdlG,3
7632,spotify:artist:0oOlqHVzcFw27OtchsyaJG,spotify:artist:5SkIdT6O9NE5nNgnxpWZ13,3
7633,spotify:artist:0oOlqHVzcFw27OtchsyaJG,spotify:artist:0uDc98rdopqBajSlpdl5kD,3
7634,spotify:artist:0oOlqHVzcFw27OtchsyaJG,spotify:artist:6wB2GaqmxyI4jwwBvpNBar,3
7635,spotify:artist:0oOlqHVzcFw27OtchsyaJG,spotify:artist:45Bk4w7P0aAoLKyzptffUT,3
7636,spotify:artist:0oOlqHVzcFw27OtchsyaJG,spotify:artist:7vrtpoeSI9Xnu1dSWel6X8,3
7637,spotify:artist:0oOlqHVzcFw27OtchsyaJG,spotify:artist:2kjd9eTgBXRmPZZoEFiXVY,3
7638,spotify:artist:0oOlqHVzcFw27OtchsyaJG,spotify:artist:31NNVhmM6fERBBdPLSllAT,3
7639,spotify:artist:0oOlqHVzcFw27OtchsyaJG,spotify:artist:3LbGd1n3CFMcljyNxQ0RkY,3
7640,spotify:artist:6AmwaKXtS7fsz8HCeYaLMx,spotify:artist:7Mv4YU9Q9kiFtdWG3aSkn6,3
7641,spotify:artist:6AmwaKXtS7fsz8HCeYaLMx,spotify:artist:4SXlb6krjl3fsmbcjpj6vo,3
7642,spotify:artist:6AmwaKXtS7fsz8HCeYaLMx,spotify:artist:45Bk4w7P0aAoLKyzptffUT,3
7643,spotify:artist:6AmwaKXtS7fsz8HCeYaLMx,spotify:artist:50ggSkwMSRGRQJe8PcRag6,3
7644,spotify:artist:6AmwaKXtS7fsz8HCeYaLMx,spotify:artist:4gjSaZ6ir7PGILXydYAPbm,3
7645,spotify:artist:6AmwaKXtS7fsz8HCeYaLMx,spotify:artist:3M2z0OtrMxfZRvGVYRjvnr,3
7646,spotify:artist:6AmwaKXtS7fsz8HCeYaLMx,spotify:artist:31NNVhmM6fERBBdPLSllAT,3
7647,spotify:artist:6AmwaKXtS7fsz8HCeYaLMx,spotify:artist:4EsdP4xiIySo2aKxrn3I0z,3
7648,spotify:artist:6AmwaKXtS7fsz8HCeYaLMx,spotify:artist:0oOlqHVzcFw27OtchsyaJG,3
7649,spotify:artist:6AmwaKXtS7fsz8HCeYaLMx,spotify:artist:2jOKJHJh3mZ3L4q4t9bkO2,3
7650,spotify:artist:6AmwaKXtS7fsz8HCeYaLMx,spotify:artist:3YnEf3gBveooadUeWtOdlG,3
7651,spotify:artist:6AmwaKXtS7fsz8HCeYaLMx,spotify:artist:7b8ZbGVwLbqbnqLIb9mCKb,3
7652,spotify:artist:6AmwaKXtS7fsz8HCeYaLMx,spotify:artist:5SkIdT6O9NE5nNgnxpWZ13,3
7653,spotify:artist:6AmwaKXtS7fsz8HCeYaLMx,spotify:artist:6wB2GaqmxyI4jwwBvpNBar,3
7654,spotify:artist:6AmwaKXtS7fsz8HCeYaLMx,spotify:artist:1b6AYqvh1QRo10QRVSI5Tk,3
7655,spotify:artist:6AmwaKXtS7fsz8HCeYaLMx,spotify:artist:7vrtpoeSI9Xnu1dSWel6X8,3
7656,spotify:artist:6AmwaKXtS7fsz8HCeYaLMx,spotify:artist:0uDc98rdopqBajSlpdl5kD,3
7657,spotify:artist:6AmwaKXtS7fsz8HCeYaLMx,spotify:artist:0hiVAqUGPCqTwjvss46Udf,3
7658,spotify:artist:6AmwaKXtS7fsz8HCeYaLMx,spotify:artist:5HzG4pMt4wbdHA5JyLSMlS,3
7659,spotify:artist:6AmwaKXtS7fsz8HCeYaLMx,spotify:artist:2kjd9eTgBXRmPZZoEFiXVY,3
7660,spotify:artist:31NNVhmM6fERBBdPLSllAT,spotify:artist:4SXlb6krjl3fsmbcjpj6vo,3
7661,spotify:artist:31NNVhmM6fERBBdPLSllAT,spotify:artist:6AmwaKXtS7fsz8HCeYaLMx,3
7662,spotify:artist:31NNVhmM6fERBBdPLSllAT,spotify:artist:7Mv4YU9Q9kiFtdWG3aSkn6,3
7663,spotify:artist:31NNVhmM6fERBBdPLSllAT,spotify:artist:3M2z0OtrMxfZRvGVYRjvnr,3
7664,spotify:artist:31NNVhmM6fERBBdPLSllAT,spotify:artist:4gjSaZ6ir7PGILXydYAPbm,3
7665,spotify:artist:31NNVhmM6fERBBdPLSllAT,spotify:artist:45Bk4w7P0aAoLKyzptffUT,3
7666,spotify:artist:31NNVhmM6fERBBdPLSllAT,spotify:artist:3YnEf3gBveooadUeWtOdlG,3
7667,spotify:artist:31NNVhmM6fERBBdPLSllAT,spotify:artist:4EsdP4xiIySo2aKxrn3I0z,3
7668,spotify:artist:31NNVhmM6fERBBdPLSllAT,spotify:artist:2kjd9eTgBXRmPZZoEFiXVY,3
7669,spotify:artist:31NNVhmM6fERBBdPLSllAT,spotify:artist:50ggSkwMSRGRQJe8PcRag6,3
7670,spotify:artist:31NNVhmM6fERBBdPLSllAT,spotify:artist:5SkIdT6O9NE5nNgnxpWZ13,3
7671,spotify:artist:31NNVhmM6fERBBdPLSllAT,spotify:artist:1b6AYqvh1QRo10QRVSI5Tk,3
7672,spotify:artist:31NNVhmM6fERBBdPLSllAT,spotify:artist:2jOKJHJh3mZ3L4q4t9bkO2,3
7673,spotify:artist:31NNVhmM6fERBBdPLSllAT,spotify:artist:0oOlqHVzcFw27OtchsyaJG,3
7674,spotify:artist:31NNVhmM6fERBBdPLSllAT,spotify:artist:0uDc98rdopqBajSlpdl5kD,3
7675,spotify:artist:31NNVhmM6fERBBdPLSllAT,spotify:artist:7b8ZbGVwLbqbnqLIb9mCKb,3
7676,spotify:artist:31NNVhmM6fERBBdPLSllAT,spotify:artist:6wB2GaqmxyI4jwwBvpNBar,3
7677,spotify:artist:31NNVhmM6fERBBdPLSllAT,spotify:artist:7vrtpoeSI9Xnu1dSWel6X8,3
7678,spotify:artist:31NNVhmM6fERBBdPLSllAT,spotify:artist:7qBUZQ7O7UNpBgD23MIM3v,3
7679,spotify:artist:31NNVhmM6fERBBdPLSllAT,spotify:artist:0hiVAqUGPCqTwjvss46Udf,3
7680,spotify:artist:3M2z0OtrMxfZRvGVYRjvnr,spotify:artist:4yFuk7dwQCJau68romiLDX,3
7681,spotify:artist:3M2z0OtrMxfZRvGVYRjvnr,spotify:artist:6cPpTjkBkrcjdwBIsWKSY9,3
7682,spotify:artist:3M2z0OtrMxfZRvGVYRjvnr,spotify:artist:7284HSkxNrVkDiUjZqSlpY,3
7683,spotify:artist:3M2z0OtrMxfZRvGVYRjvnr,spotify:artist:1xnu4a1HHxBcOmxJozFRAG,3
7684,spotify:artist:3M2z0OtrMxfZRvGVYRjvnr,spotify:artist:04R1xWRUHaMdY8S9Req4iq,3
7685,spotify:artist:3M2z0OtrMxfZRvGVYRjvnr,spotify:artist:14FWQZQ0lXiNelKZ2nLMvA,3
7686,spotify:artist:3M2z0OtrMxfZRvGVYRjvnr,spotify:artist:6WkHiCy4BHGjtWesHmV81v,3
7687,spotify:artist:3M2z0OtrMxfZRvGVYRjvnr,spotify:artist:4HVfhhAsJTmR8yyXhCdkh2,3
7688,spotify:artist:3M2z0OtrMxfZRvGVYRjvnr,spotify:artist:1aH4GrIlVYgVc1wBQDuHBq,3
7689,spotify:artist:3M2z0OtrMxfZRvGVYRjvnr,spotify:artist:6nezkdChBrDq5RSdO3ZdfZ,3
7690,spotify:artist:3M2z0OtrMxfZRvGVYRjvnr,spotify:artist:09106ZeZQflw20vaf3HuJL,3
7691,spotify:artist:3M2z0OtrMxfZRvGVYRjvnr,spotify:artist:5CjAeyYLIeY05YwAvzno77,3
7692,spotify:artist:3M2z0OtrMxfZRvGVYRjvnr,spotify:artist:4W2mcEq4BtIpUc3vlvXOpy,3
7693,spotify:artist:3M2z0OtrMxfZRvGVYRjvnr,spotify:artist:0QAXlPCDGgzH24mSqZYjIo,3
7694,spotify:artist:3M2z0OtrMxfZRvGVYRjvnr,spotify:artist:5TkYGBRFMiKlSMpdpM2JKu,3
7695,spotify:artist:3M2z0OtrMxfZRvGVYRjvnr,spotify:artist:6egf9BaYi17rYFHpsrELXd,3
7696,spotify:artist:3M2z0OtrMxfZRvGVYRjvnr,spotify:artist:1rnvO0098VACV7bmTr2dIv,3
7697,spotify:artist:3M2z0OtrMxfZRvGVYRjvnr,spotify:artist:4EsdP4xiIySo2aKxrn3I0z,3
7698,spotify:artist:3M2z0OtrMxfZRvGVYRjvnr,spotify:artist:07B2BABpfqCrLdI3WIUAtU,3
7699,spotify:artist:3M2z0OtrMxfZRvGVYRjvnr,spotify:artist:4SXlb6krjl3fsmbcjpj6vo,3
7700,spotify:artist:7Mv4YU9Q9kiFtdWG3aSkn6,spotify:artist:50ggSkwMSRGRQJe8PcRag6,3
7701,spotify:artist:7Mv4YU9Q9kiFtdWG3aSkn6,spotify:artist:45Bk4w7P0aAoLKyzptffUT,3
7702,spotify:artist:7Mv4YU9Q9kiFtdWG3aSkn6,spotify:artist:6AmwaKXtS7fsz8HCeYaLMx,3
7703,spotify:artist:7Mv4YU9Q9kiFtdWG3aSkn6,spotify:artist:4SXlb6krjl3fsmbcjpj6vo,3
7704,spotify:artist:7Mv4YU9Q9kiFtdWG3aSkn6,spotify:artist:6wB2GaqmxyI4jwwBvpNBar,3
7705,spotify:artist:7Mv4YU9Q9kiFtdWG3aSkn6,spotify:artist:4gjSaZ6ir7PGILXydYAPbm,3
7706,spotify:artist:7Mv4YU9Q9kiFtdWG3aSkn6,spotify:artist:4EsdP4xiIySo2aKxrn3I0z,3
7707,spotify:artist:7Mv4YU9Q9kiFtdWG3aSkn6,spotify:artist:5HzG4pMt4wbdHA5JyLSMlS,3
7708,spotify:artist:7Mv4YU9Q9kiFtdWG3aSkn6,spotify:artist:0oOlqHVzcFw27OtchsyaJG,3
7709,spotify:artist:7Mv4YU9Q9kiFtdWG3aSkn6,spotify:artist:3vRZSHDz8yD2C0oji4CfRJ,3
7710,spotify:artist:7Mv4YU9Q9kiFtdWG3aSkn6,spotify:artist:31NNVhmM6fERBBdPLSllAT,3
7711,spotify:artist:7Mv4YU9Q9kiFtdWG3aSkn6,spotify:artist:3M2z0OtrMxfZRvGVYRjvnr,3
7712,spotify:artist:7Mv4YU9Q9kiFtdWG3aSkn6,spotify:artist:0hiVAqUGPCqTwjvss46Udf,3
7713,spotify:artist:7Mv4YU9Q9kiFtdWG3aSkn6,spotify:artist:1b6AYqvh1QRo10QRVSI5Tk,3
7714,spotify:artist:7Mv4YU9Q9kiFtdWG3aSkn6,spotify:artist:2jOKJHJh3mZ3L4q4t9bkO2,3
7715,spotify:artist:7Mv4YU9Q9kiFtdWG3aSkn6,spotify:artist:3YnEf3gBveooadUeWtOdlG,3
7716,spotify:artist:7Mv4YU9Q9kiFtdWG3aSkn6,spotify:artist:7b8ZbGVwLbqbnqLIb9mCKb,3
7717,spotify:artist:7Mv4YU9Q9kiFtdWG3aSkn6,spotify:artist:5SkIdT6O9NE5nNgnxpWZ13,3
7718,spotify:artist:7Mv4YU9Q9kiFtdWG3aSkn6,spotify:artist:7vrtpoeSI9Xnu1dSWel6X8,3
7719,spotify:artist:7Mv4YU9Q9kiFtdWG3aSkn6,spotify:artist:0uDc98rdopqBajSlpdl5kD,3
7720,spotify:artist:4gjSaZ6ir7PGILXydYAPbm,spotify:artist:2jOKJHJh3mZ3L4q4t9bkO2,3
7721,spotify:artist:4gjSaZ6ir7PGILXydYAPbm,spotify:artist:4EsdP4xiIySo2aKxrn3I0z,3
7722,spotify:artist:4gjSaZ6ir7PGILXydYAPbm,spotify:artist:4SXlb6krjl3fsmbcjpj6vo,3
7723,spotify:artist:4gjSaZ6ir7PGILXydYAPbm,spotify:artist:45Bk4w7P0aAoLKyzptffUT,3
7724,spotify:artist:4gjSaZ6ir7PGILXydYAPbm,spotify:artist:0oOlqHVzcFw27OtchsyaJG,3
7725,spotify:artist:4gjSaZ6ir7PGILXydYAPbm,spotify:artist:7Mv4YU9Q9kiFtdWG3aSkn6,3
7726,spotify:artist:4gjSaZ6ir7PGILXydYAPbm,spotify:artist:6AmwaKXtS7fsz8HCeYaLMx,3
7727,spotify:artist:4gjSaZ6ir7PGILXydYAPbm,spotify:artist:3M2z0OtrMxfZRvGVYRjvnr,3
7728,spotify:artist:4gjSaZ6ir7PGILXydYAPbm,spotify:artist:7b8ZbGVwLbqbnqLIb9mCKb,3
7729,spotify:artist:4gjSaZ6ir7PGILXydYAPbm,spotify:artist:3YnEf3gBveooadUeWtOdlG,3
7730,spotify:artist:4gjSaZ6ir7PGILXydYAPbm,spotify:artist:5SkIdT6O9NE5nNgnxpWZ13,3
7731,spotify:artist:4gjSaZ6ir7PGILXydYAPbm,spotify:artist:31NNVhmM6fERBBdPLSllAT,3
7732,spotify:artist:4gjSaZ6ir7PGILXydYAPbm,spotify:artist:1b6AYqvh1QRo10QRVSI5Tk,3
7733,spotify:artist:4gjSaZ6ir7PGILXydYAPbm,spotify:artist:0uDc98rdopqBajSlpdl5kD,3
7734,spotify:artist:4gjSaZ6ir7PGILXydYAPbm,spotify:artist:7vrtpoeSI9Xnu1dSWel6X8,3
7735,spotify:artist:4gjSaZ6ir7PGILXydYAPbm,spotify:artist:50ggSkwMSRGRQJe8PcRag6,3
7736,spotify:artist:4gjSaZ6ir7PGILXydYAPbm,spotify:artist:2kjd9eTgBXRmPZZoEFiXVY,3
7737,spotify:artist:4gjSaZ6ir7PGILXydYAPbm,spotify:artist:7qBUZQ7O7UNpBgD23MIM3v,3
7738,spotify:artist:4gjSaZ6ir7PGILXydYAPbm,spotify:artist:75rJ45u3ormdqTX0nGTppk,3
7739,spotify:artist:4gjSaZ6ir7PGILXydYAPbm,spotify:artist:7ap1j9dRZUHNBcWgzlwPEC,3
7740,spotify:artist:4EsdP4xiIySo2aKxrn3I0z,spotify:artist:0oOlqHVzcFw27OtchsyaJG,3
7741,spotify:artist:4EsdP4xiIySo2aKxrn3I0z,spotify:artist:7b8ZbGVwLbqbnqLIb9mCKb,3
7742,spotify:artist:4EsdP4xiIySo2aKxrn3I0z,spotify:artist:4gjSaZ6ir7PGILXydYAPbm,3
7743,spotify:artist:4EsdP4xiIySo2aKxrn3I0z,spotify:artist:1b6AYqvh1QRo10QRVSI5Tk,3
7744,spotify:artist:4EsdP4xiIySo2aKxrn3I0z,spotify:artist:3M2z0OtrMxfZRvGVYRjvnr,3
7745,spotify:artist:4EsdP4xiIySo2aKxrn3I0z,spotify:artist:4SXlb6krjl3fsmbcjpj6vo,3
7746,spotify:artist:4EsdP4xiIySo2aKxrn3I0z,spotify:artist:2jOKJHJh3mZ3L4q4t9bkO2,3
7747,spotify:artist:4EsdP4xiIySo2aKxrn3I0z,spotify:artist:5SkIdT6O9NE5nNgnxpWZ13,3
7748,spotify:artist:4EsdP4xiIySo2aKxrn3I0z,spotify:artist:7Mv4YU9Q9kiFtdWG3aSkn6,3
7749,spotify:artist:4EsdP4xiIySo2aKxrn3I0z,spotify:artist:3YnEf3gBveooadUeWtOdlG,3
7750,spotify:artist:4EsdP4xiIySo2aKxrn3I0z,spotify:artist:0uDc98rdopqBajSlpdl5kD,3
7751,spotify:artist:4EsdP4xiIySo2aKxrn3I0z,spotify:artist:7vrtpoeSI9Xnu1dSWel6X8,3
7752,spotify:artist:4EsdP4xiIySo2aKxrn3I0z,spotify:artist:6AmwaKXtS7fsz8HCeYaLMx,3
7753,spotify:artist:4EsdP4xiIySo2aKxrn3I0z,spotify:artist:7ap1j9dRZUHNBcWgzlwPEC,3
7754,spotify:artist:4EsdP4xiIySo2aKxrn3I0z,spotify:artist:2kjd9eTgBXRmPZZoEFiXVY,3
7755,spotify:artist:4EsdP4xiIySo2aKxrn3I0z,spotify:artist:50ggSkwMSRGRQJe8PcRag6,3
7756,spotify:artist:4EsdP4xiIySo2aKxrn3I0z,spotify:artist:45Bk4w7P0aAoLKyzptffUT,3
7757,spotify:artist:4EsdP4xiIySo2aKxrn3I0z,spotify:artist:31NNVhmM6fERBBdPLSllAT,3
7758,spotify:artist:4EsdP4xiIySo2aKxrn3I0z,spotify:artist:1d0AevdgJeXUeGCRf9bXh7,3
7759,spotify:artist:4EsdP4xiIySo2aKxrn3I0z,spotify:artist:23pvU4qr6TuxKlog63Tm2V,3
7760,spotify:artist:6wB2GaqmxyI4jwwBvpNBar,spotify:artist:4SXlb6krjl3fsmbcjpj6vo,3
7761,spotify:artist:6wB2GaqmxyI4jwwBvpNBar,spotify:artist:7Mv4YU9Q9kiFtdWG3aSkn6,3
7762,spotify:artist:6wB2GaqmxyI4jwwBvpNBar,spotify:artist:0oOlqHVzcFw27OtchsyaJG,3
7763,spotify:artist:6wB2GaqmxyI4jwwBvpNBar,spotify:artist:6AmwaKXtS7fsz8HCeYaLMx,3
7764,spotify:artist:6wB2GaqmxyI4jwwBvpNBar,spotify:artist:45Bk4w7P0aAoLKyzptffUT,3
7765,spotify:artist:6wB2GaqmxyI4jwwBvpNBar,spotify:artist:50ggSkwMSRGRQJe8PcRag6,3
7766,spotify:artist:6wB2GaqmxyI4jwwBvpNBar,spotify:artist:3M2z0OtrMxfZRvGVYRjvnr,3
7767,spotify:artist:6wB2GaqmxyI4jwwBvpNBar,spotify:artist:4gjSaZ6ir7PGILXydYAPbm,3
7768,spotify:artist:6wB2GaqmxyI4jwwBvpNBar,spotify:artist:4EsdP4xiIySo2aKxrn3I0z,3
7769,spotify:artist:6wB2GaqmxyI4jwwBvpNBar,spotify:artist:31NNVhmM6fERBBdPLSllAT,3
7770,spotify:artist:6wB2GaqmxyI4jwwBvpNBar,spotify:artist:1b6AYqvh1QRo10QRVSI5Tk,3
7771,spotify:artist:6wB2GaqmxyI4jwwBvpNBar,spotify:artist:1d0AevdgJeXUeGCRf9bXh7,3
7772,spotify:artist:6wB2GaqmxyI4jwwBvpNBar,spotify:artist:3YnEf3gBveooadUeWtOdlG,3
7773,spotify:artist:6wB2GaqmxyI4jwwBvpNBar,spotify:artist:5HzG4pMt4wbdHA5JyLSMlS,3
7774,spotify:artist:6wB2GaqmxyI4jwwBvpNBar,spotify:artist:2jOKJHJh3mZ3L4q4t9bkO2,3
7775,spotify:artist:6wB2GaqmxyI4jwwBvpNBar,spotify:artist:0uDc98rdopqBajSlpdl5kD,3
7776,spotify:artist:6wB2GaqmxyI4jwwBvpNBar,spotify:artist:5SkIdT6O9NE5nNgnxpWZ13,3
7777,spotify:artist:6wB2GaqmxyI4jwwBvpNBar,spotify:artist:3vRZSHDz8yD2C0oji4CfRJ,3
7778,spotify:artist:6wB2GaqmxyI4jwwBvpNBar,spotify:artist:0hiVAqUGPCqTwjvss46Udf,3
7779,spotify:artist:6wB2GaqmxyI4jwwBvpNBar,spotify:artist:0mOIVzCye2mF8uw35CRqFF,3
7780,spotify:artist:2kjd9eTgBXRmPZZoEFiXVY,spotify:artist:25bvQC4jyyFUce6jbzNlwb,3
7781,spotify:artist:2kjd9eTgBXRmPZZoEFiXVY,spotify:artist:3CS5AomOBWpyOMm2r53tDI,3
7782,spotify:artist:2kjd9eTgBXRmPZZoEFiXVY,spotify:artist:1048abrwjsuNC1QWEnAOSl,3
7783,spotify:artist:2kjd9eTgBXRmPZZoEFiXVY,spotify:artist:4B6VOVChpmPT3P22CmOUbO,3
7784,spotify:artist:2kjd9eTgBXRmPZZoEFiXVY,spotify:artist:7ooOn6bokl4mGV4CEaUz6A,3
7785,spotify:artist:2kjd9eTgBXRmPZZoEFiXVY,spotify:artist:7nBZYpVAH6bD0QlD7Mpil7,3
7786,spotify:artist:2kjd9eTgBXRmPZZoEFiXVY,spotify:artist:4VBE57XRAgh2itDY4qserd,3
7787,spotify:artist:2kjd9eTgBXRmPZZoEFiXVY,spotify:artist:6XCS9JCn56Q252cMOTbeq6,3
7788,spotify:artist:2kjd9eTgBXRmPZZoEFiXVY,spotify:artist:4NJgceXSpz4dpCNEBOhzHc,3
7789,spotify:artist:2kjd9eTgBXRmPZZoEFiXVY,spotify:artist:2nrShcJFP8D5bQT8RgdBhH,3
7790,spotify:artist:2kjd9eTgBXRmPZZoEFiXVY,spotify:artist:48I6TLnfZjyLXTqBtQvhgZ,3
7791,spotify:artist:2kjd9eTgBXRmPZZoEFiXVY,spotify:artist:1v5bOzXbhrQ57qSvRwGA6s,3
7792,spotify:artist:2kjd9eTgBXRmPZZoEFiXVY,spotify:artist:7xFnmid57ZE6iWEXdEXO3b,3
7793,spotify:artist:2kjd9eTgBXRmPZZoEFiXVY,spotify:artist:6prqlx3RqGdTYsXANXDCR1,3
7794,spotify:artist:2kjd9eTgBXRmPZZoEFiXVY,spotify:artist:6s92YZUPkTK1HL1WIGrPKE,3
7795,spotify:artist:2kjd9eTgBXRmPZZoEFiXVY,spotify:artist:1KsASRNugxU85T0u6zSg32,3
7796,spotify:artist:2kjd9eTgBXRmPZZoEFiXVY,spotify:artist:3qwabfaWewpfli7hMNM3O8,3
7797,spotify:artist:2kjd9eTgBXRmPZZoEFiXVY,spotify:artist:3TScZ6zJkavDy0tqoGqiCf,3
7798,spotify:artist:2kjd9eTgBXRmPZZoEFiXVY,spotify:artist:6l77PmL5iuEEcYjGl8K6s7,3
7799,spotify:artist:2kjd9eTgBXRmPZZoEFiXVY,spotify:artist:4SXlb6krjl3fsmbcjpj6vo,3
7800,spotify:artist:45Bk4w7P0aAoLKyzptffUT,spotify:artist:7Mv4YU9Q9kiFtdWG3aSkn6,3
7801,spotify:artist:45Bk4w7P0aAoLKyzptffUT,spotify:artist:50ggSkwMSRGRQJe8PcRag6,3
7802,spotify:artist:45Bk4w7P0aAoLKyzptffUT,spotify:artist:6AmwaKXtS7fsz8HCeYaLMx,3
7803,spotify:artist:45Bk4w7P0aAoLKyzptffUT,spotify:artist:4gjSaZ6ir7PGILXydYAPbm,3
7804,spotify:artist:45Bk4w7P0aAoLKyzptffUT,spotify:artist:4SXlb6krjl3fsmbcjpj6vo,3
7805,spotify:artist:45Bk4w7P0aAoLKyzptffUT,spotify:artist:5HzG4pMt4wbdHA5JyLSMlS,3
7806,spotify:artist:45Bk4w7P0aAoLKyzptffUT,spotify:artist:2jOKJHJh3mZ3L4q4t9bkO2,3
7807,spotify:artist:45Bk4w7P0aAoLKyzptffUT,spotify:artist:31NNVhmM6fERBBdPLSllAT,3
7808,spotify:artist:45Bk4w7P0aAoLKyzptffUT,spotify:artist:6wB2GaqmxyI4jwwBvpNBar,3
7809,spotify:artist:45Bk4w7P0aAoLKyzptffUT,spotify:artist:0oOlqHVzcFw27OtchsyaJG,3
7810,spotify:artist:45Bk4w7P0aAoLKyzptffUT,spotify:artist:4EsdP4xiIySo2aKxrn3I0z,3
7811,spotify:artist:45Bk4w7P0aAoLKyzptffUT,spotify:artist:3vRZSHDz8yD2C0oji4CfRJ,3
7812,spotify:artist:45Bk4w7P0aAoLKyzptffUT,spotify:artist:5SkIdT6O9NE5nNgnxpWZ13,3
7813,spotify:artist:45Bk4w7P0aAoLKyzptffUT,spotify:artist:3YnEf3gBveooadUeWtOdlG,3
7814,spotify:artist:45Bk4w7P0aAoLKyzptffUT,spotify:artist:3M2z0OtrMxfZRvGVYRjvnr,3
7815,spotify:artist:45Bk4w7P0aAoLKyzptffUT,spotify:artist:7b8ZbGVwLbqbnqLIb9mCKb,3
7816,spotify:artist:45Bk4w7P0aAoLKyzptffUT,spotify:artist:1b6AYqvh1QRo10QRVSI5Tk,3
7817,spotify:artist:45Bk4w7P0aAoLKyzptffUT,spotify:artist:75rJ45u3ormdqTX0nGTppk,3
7818,spotify:artist:45Bk4w7P0aAoLKyzptffUT,spotify:artist:0hiVAqUGPCqTwjvss46Udf,3
7819,spotify:artist:45Bk4w7P0aAoLKyzptffUT,spotify:artist:0uDc98rdopqBajSlpdl5kD,3
7820,spotify:artist:50ggSkwMSRGRQJe8PcRag6,spotify:artist:7Mv4YU9Q9kiFtdWG3aSkn6,3
7821,spotify:artist:50ggSkwMSRGRQJe8PcRag6,spotify:artist:45Bk4w7P0aAoLKyzptffUT,3
7822,spotify:artist:50ggSkwMSRGRQJe8PcRag6,spotify:artist:6AmwaKXtS7fsz8HCeYaLMx,3
7823,spotify:artist:50ggSkwMSRGRQJe8PcRag6,spotify:artist:3vRZSHDz8yD2C0oji4CfRJ,3
7824,spotify:artist:50ggSkwMSRGRQJe8PcRag6,spotify:artist:0oOlqHVzcFw27OtchsyaJG,3
7825,spotify:artist:50ggSkwMSRGRQJe8PcRag6,spotify:artist:4SXlb6krjl3fsmbcjpj6vo,3
7826,spotify:artist:50ggSkwMSRGRQJe8PcRag6,spotify:artist:5HzG4pMt4wbdHA5JyLSMlS,3
7827,spotify:artist:50ggSkwMSRGRQJe8PcRag6,spotify:artist:6wB2GaqmxyI4jwwBvpNBar,3
7828,spotify:artist:50ggSkwMSRGRQJe8PcRag6,spotify:artist:4gjSaZ6ir7PGILXydYAPbm,3
7829,spotify:artist:50ggSkwMSRGRQJe8PcRag6,spotify:artist:4EsdP4xiIySo2aKxrn3I0z,3
7830,spotify:artist:50ggSkwMSRGRQJe8PcRag6,spotify:artist:1b6AYqvh1QRo10QRVSI5Tk,3
7831,spotify:artist:50ggSkwMSRGRQJe8PcRag6,spotify:artist:31NNVhmM6fERBBdPLSllAT,3
7832,spotify:artist:50ggSkwMSRGRQJe8PcRag6,spotify:artist:0uDc98rdopqBajSlpdl5kD,3
7833,spotify:artist:50ggSkwMSRGRQJe8PcRag6,spotify:artist:3M2z0OtrMxfZRvGVYRjvnr,3
7834,spotify:artist:50ggSkwMSRGRQJe8PcRag6,spotify:artist:0hiVAqUGPCqTwjvss46Udf,3
7835,spotify:artist:50ggSkwMSRGRQJe8PcRag6,spotify:artist:5SkIdT6O9NE5nNgnxpWZ13,3
7836,spotify:artist:50ggSkwMSRGRQJe8PcRag6,spotify:artist:7b8ZbGVwLbqbnqLIb9mCKb,3
7837,spotify:artist:50ggSkwMSRGRQJe8PcRag6,spotify:artist:0zneVn8YBPfwwrxRAvSntO,3
7838,spotify:artist:50ggSkwMSRGRQJe8PcRag6,spotify:artist:2jOKJHJh3mZ3L4q4t9bkO2,3
7839,spotify:artist:50ggSkwMSRGRQJe8PcRag6,spotify:artist:3YnEf3gBveooadUeWtOdlG,3
7840,spotify:artist:5SkIdT6O9NE5nNgnxpWZ13,spotify:artist:4EsdP4xiIySo2aKxrn3I0z,3
7841,spotify:artist:5SkIdT6O9NE5nNgnxpWZ13,spotify:artist:4SXlb6krjl3fsmbcjpj6vo,3
7842,spotify:artist:5SkIdT6O9NE5nNgnxpWZ13,spotify:artist:3M2z0OtrMxfZRvGVYRjvnr,3
7843,spotify:artist:5SkIdT6O9NE5nNgnxpWZ13,spotify:artist:0oOlqHVzcFw27OtchsyaJG,3
7844,spotify:artist:5SkIdT6O9NE5nNgnxpWZ13,spotify:artist:4gjSaZ6ir7PGILXydYAPbm,3
7845,spotify:artist:5SkIdT6O9NE5nNgnxpWZ13,spotify:artist:7b8ZbGVwLbqbnqLIb9mCKb,3
7846,spotify:artist:5SkIdT6O9NE5nNgnxpWZ13,spotify:artist:1b6AYqvh1QRo10QRVSI5Tk,3
7847,spotify:artist:5SkIdT6O9NE5nNgnxpWZ13,spotify:artist:6AmwaKXtS7fsz8HCeYaLMx,3
7848,spotify:artist:5SkIdT6O9NE5nNgnxpWZ13,spotify:artist:3YnEf3gBveooadUeWtOdlG,3
7849,spotify:artist:5SkIdT6O9NE5nNgnxpWZ13,spotify:artist:2jOKJHJh3mZ3L4q4t9bkO2,3
7850,spotify:artist:5SkIdT6O9NE5nNgnxpWZ13,spotify:artist:2kjd9eTgBXRmPZZoEFiXVY,3
7851,spotify:artist:5SkIdT6O9NE5nNgnxpWZ13,spotify:artist:31NNVhmM6fERBBdPLSllAT,3
7852,spotify:artist:5SkIdT6O9NE5nNgnxpWZ13,spotify:artist:7Mv4YU9Q9kiFtdWG3aSkn6,3
7853,spotify:artist:5SkIdT6O9NE5nNgnxpWZ13,spotify:artist:7vrtpoeSI9Xnu1dSWel6X8,3
7854,spotify:artist:5SkIdT6O9NE5nNgnxpWZ13,spotify:artist:0uDc98rdopqBajSlpdl5kD,3
7855,spotify:artist:5SkIdT6O9NE5nNgnxpWZ13,spotify:artist:50ggSkwMSRGRQJe8PcRag6,3
7856,spotify:artist:5SkIdT6O9NE5nNgnxpWZ13,spotify:artist:45Bk4w7P0aAoLKyzptffUT,3
7857,spotify:artist:5SkIdT6O9NE5nNgnxpWZ13,spotify:artist:1d0AevdgJeXUeGCRf9bXh7,3
7858,spotify:artist:5SkIdT6O9NE5nNgnxpWZ13,spotify:artist:7ap1j9dRZUHNBcWgzlwPEC,3
7859,spotify:artist:5SkIdT6O9NE5nNgnxpWZ13,spotify:artist:2NzQBKXXivtPkk0WyXubwg,3
7860,spotify:artist:1b6AYqvh1QRo10QRVSI5Tk,spotify:artist:0oOlqHVzcFw27OtchsyaJG,3
7861,spotify:artist:1b6AYqvh1QRo10QRVSI5Tk,spotify:artist:4EsdP4xiIySo2aKxrn3I0z,3
7862,spotify:artist:1b6AYqvh1QRo10QRVSI5Tk,spotify:artist:7b8ZbGVwLbqbnqLIb9mCKb,3
7863,spotify:artist:1b6AYqvh1QRo10QRVSI5Tk,spotify:artist:4SXlb6krjl3fsmbcjpj6vo,3
7864,spotify:artist:1b6AYqvh1QRo10QRVSI5Tk,spotify:artist:5SkIdT6O9NE5nNgnxpWZ13,3
7865,spotify:artist:1b6AYqvh1QRo10QRVSI5Tk,spotify:artist:3M2z0OtrMxfZRvGVYRjvnr,3
7866,spotify:artist:1b6AYqvh1QRo10QRVSI5Tk,spotify:artist:4gjSaZ6ir7PGILXydYAPbm,3
7867,spotify:artist:1b6AYqvh1QRo10QRVSI5Tk,spotify:artist:7Mv4YU9Q9kiFtdWG3aSkn6,3
7868,spotify:artist:1b6AYqvh1QRo10QRVSI5Tk,spotify:artist:6AmwaKXtS7fsz8HCeYaLMx,3
7869,spotify:artist:1b6AYqvh1QRo10QRVSI5Tk,spotify:artist:50ggSkwMSRGRQJe8PcRag6,3
7870,spotify:artist:1b6AYqvh1QRo10QRVSI5Tk,spotify:artist:0uDc98rdopqBajSlpdl5kD,3
7871,spotify:artist:1b6AYqvh1QRo10QRVSI5Tk,spotify:artist:7vrtpoeSI9Xnu1dSWel6X8,3
7872,spotify:artist:1b6AYqvh1QRo10QRVSI5Tk,spotify:artist:3YnEf3gBveooadUeWtOdlG,3
7873,spotify:artist:1b6AYqvh1QRo10QRVSI5Tk,spotify:artist:2kjd9eTgBXRmPZZoEFiXVY,3
7874,spotify:artist:1b6AYqvh1QRo10QRVSI5Tk,spotify:artist:31NNVhmM6fERBBdPLSllAT,3
7875,spotify:artist:1b6AYqvh1QRo10QRVSI5Tk,spotify:artist:2jOKJHJh3mZ3L4q4t9bkO2,3
7876,spotify:artist:1b6AYqvh1QRo10QRVSI5Tk,spotify:artist:1d0AevdgJeXUeGCRf9bXh7,3
7877,spotify:artist:1b6AYqvh1QRo10QRVSI5Tk,spotify:artist:45Bk4w7P0aAoLKyzptffUT,3
7878,spotify:artist:1b6AYqvh1QRo10QRVSI5Tk,spotify:artist:7ap1j9dRZUHNBcWgzlwPEC,3
7879,spotify:artist:1b6AYqvh1QRo10QRVSI5Tk,spotify:artist:6wB2GaqmxyI4jwwBvpNBar,3
7880,spotify:artist:2jOKJHJh3mZ3L4q4t9bkO2,spotify:artist:4gjSaZ6ir7PGILXydYAPbm,3
7881,spotify:artist:2jOKJHJh3mZ3L4q4t9bkO2,spotify:artist:4EsdP4xiIySo2aKxrn3I0z,3
7882,spotify:artist:2jOKJHJh3mZ3L4q4t9bkO2,spotify:artist:0oOlqHVzcFw27OtchsyaJG,3
7883,spotify:artist:2jOKJHJh3mZ3L4q4t9bkO2,spotify:artist:45Bk4w7P0aAoLKyzptffUT,3
7884,spotify:artist:2jOKJHJh3mZ3L4q4t9bkO2,spotify:artist:4SXlb6krjl3fsmbcjpj6vo,3
7885,spotify:artist:2jOKJHJh3mZ3L4q4t9bkO2,spotify:artist:6AmwaKXtS7fsz8HCeYaLMx,3
7886,spotify:artist:2jOKJHJh3mZ3L4q4t9bkO2,spotify:artist:3M2z0OtrMxfZRvGVYRjvnr,3
7887,spotify:artist:2jOKJHJh3mZ3L4q4t9bkO2,spotify:artist:7Mv4YU9Q9kiFtdWG3aSkn6,3
7888,spotify:artist:2jOKJHJh3mZ3L4q4t9bkO2,spotify:artist:7b8ZbGVwLbqbnqLIb9mCKb,3
7889,spotify:artist:2jOKJHJh3mZ3L4q4t9bkO2,spotify:artist:3YnEf3gBveooadUeWtOdlG,3
7890,spotify:artist:2jOKJHJh3mZ3L4q4t9bkO2,spotify:artist:5SkIdT6O9NE5nNgnxpWZ13,3
7891,spotify:artist:2jOKJHJh3mZ3L4q4t9bkO2,spotify:artist:1b6AYqvh1QRo10QRVSI5Tk,3
7892,spotify:artist:2jOKJHJh3mZ3L4q4t9bkO2,spotify:artist:31NNVhmM6fERBBdPLSllAT,3
7893,spotify:artist:2jOKJHJh3mZ3L4q4t9bkO2,spotify:artist:0uDc98rdopqBajSlpdl5kD,3
7894,spotify:artist:2jOKJHJh3mZ3L4q4t9bkO2,spotify:artist:7vrtpoeSI9Xnu1dSWel6X8,3
7895,spotify:artist:2jOKJHJh3mZ3L4q4t9bkO2,spotify:artist:2kjd9eTgBXRmPZZoEFiXVY,3
7896,spotify:artist:2jOKJHJh3mZ3L4q4t9bkO2,spotify:artist:50ggSkwMSRGRQJe8PcRag6,3
7897,spotify:artist:2jOKJHJh3mZ3L4q4t9bkO2,spotify:artist:7qBUZQ7O7UNpBgD23MIM3v,3
7898,spotify:artist:2jOKJHJh3mZ3L4q4t9bkO2,spotify:artist:6wB2GaqmxyI4jwwBvpNBar,3
7899,spotify:artist:2jOKJHJh3mZ3L4q4t9bkO2,spotify:artist:1d0AevdgJeXUeGCRf9bXh7,3
7900,spotify:artist:0uDc98rdopqBajSlpdl5kD,spotify:artist:4EsdP4xiIySo2aKxrn3I0z,3
7901,spotify:artist:0uDc98rdopqBajSlpdl5kD,spotify:artist:0oOlqHVzcFw27OtchsyaJG,3
7902,spotify:artist:0uDc98rdopqBajSlpdl5kD,spotify:artist:4SXlb6krjl3fsmbcjpj6vo,3
7903,spotify:artist:0uDc98rdopqBajSlpdl5kD,spotify:artist:4gjSaZ6ir7PGILXydYAPbm,3
7904,spotify:artist:0uDc98rdopqBajSlpdl5kD,spotify:artist:3M2z0OtrMxfZRvGVYRjvnr,3
7905,spotify:artist:0uDc98rdopqBajSlpdl5kD,spotify:artist:1b6AYqvh1QRo10QRVSI5Tk,3
7906,spotify:artist:0uDc98rdopqBajSlpdl5kD,spotify:artist:6AmwaKXtS7fsz8HCeYaLMx,3
7907,spotify:artist:0uDc98rdopqBajSlpdl5kD,spotify:artist:7b8ZbGVwLbqbnqLIb9mCKb,3
7908,spotify:artist:0uDc98rdopqBajSlpdl5kD,spotify:artist:3YnEf3gBveooadUeWtOdlG,3
7909,spotify:artist:0uDc98rdopqBajSlpdl5kD,spotify:artist:5SkIdT6O9NE5nNgnxpWZ13,3
7910,spotify:artist:0uDc98rdopqBajSlpdl5kD,spotify:artist:50ggSkwMSRGRQJe8PcRag6,3
7911,spotify:artist:0uDc98rdopqBajSlpdl5kD,spotify:artist:7Mv4YU9Q9kiFtdWG3aSkn6,3
7912,spotify:artist:0uDc98rdopqBajSlpdl5kD,spotify:artist:2jOKJHJh3mZ3L4q4t9bkO2,3
7913,spotify:artist:0uDc98rdopqBajSlpdl5kD,spotify:artist:31NNVhmM6fERBBdPLSllAT,3
7914,spotify:artist:0uDc98rdopqBajSlpdl5kD,spotify:artist:7vrtpoeSI9Xnu1dSWel6X8,3
7915,spotify:artist:0uDc98rdopqBajSlpdl5kD,spotify:artist:1d0AevdgJeXUeGCRf9bXh7,3
7916,spotify:artist:0uDc98rdopqBajSlpdl5kD,spotify:artist:45Bk4w7P0aAoLKyzptffUT,3
7917,spotify:artist:0uDc98rdopqBajSlpdl5kD,spotify:artist:2kjd9eTgBXRmPZZoEFiXVY,3
7918,spotify:artist:0uDc98rdopqBajSlpdl5kD,spotify:artist:6wB2GaqmxyI4jwwBvpNBar,3
7919,spotify:artist:0uDc98rdopqBajSlpdl5kD,spotify:artist:2NzQBKXXivtPkk0WyXubwg,3
7920,spotify:artist:7b8ZbGVwLbqbnqLIb9mCKb,spotify:artist:4EsdP4xiIySo2aKxrn3I0z,3
7921,spotify:artist:7b8ZbGVwLbqbnqLIb9mCKb,spotify:artist:1b6AYqvh1QRo10QRVSI5Tk,3
7922,spotify:artist:7b8ZbGVwLbqbnqLIb9mCKb,spotify:artist:4gjSaZ6ir7PGILXydYAPbm,3
7923,spotify:artist:7b8ZbGVwLbqbnqLIb9mCKb,spotify:artist:0oOlqHVzcFw27OtchsyaJG,3
7924,spotify:artist:7b8ZbGVwLbqbnqLIb9mCKb,spotify:artist:5SkIdT6O9NE5nNgnxpWZ13,3
7925,spotify:artist:7b8ZbGVwLbqbnqLIb9mCKb,spotify:artist:7vrtpoeSI9Xnu1dSWel6X8,3
7926,spotify:artist:7b8ZbGVwLbqbnqLIb9mCKb,spotify:artist:4SXlb6krjl3fsmbcjpj6vo,3
7927,spotify:artist:7b8ZbGVwLbqbnqLIb9mCKb,spotify:artist:3M2z0OtrMxfZRvGVYRjvnr,3
7928,spotify:artist:7b8ZbGVwLbqbnqLIb9mCKb,spotify:artist:6AmwaKXtS7fsz8HCeYaLMx,3
7929,spotify:artist:7b8ZbGVwLbqbnqLIb9mCKb,spotify:artist:2jOKJHJh3mZ3L4q4t9bkO2,3
7930,spotify:artist:7b8ZbGVwLbqbnqLIb9mCKb,spotify:artist:7Mv4YU9Q9kiFtdWG3aSkn6,3
7931,spotify:artist:7b8ZbGVwLbqbnqLIb9mCKb,spotify:artist:3YnEf3gBveooadUeWtOdlG,3
7932,spotify:artist:7b8ZbGVwLbqbnqLIb9mCKb,spotify:artist:0uDc98rdopqBajSlpdl5kD,3
7933,spotify:artist:7b8ZbGVwLbqbnqLIb9mCKb,spotify:artist:50ggSkwMSRGRQJe8PcRag6,3
7934,spotify:artist:7b8ZbGVwLbqbnqLIb9mCKb,spotify:artist:2kjd9eTgBXRmPZZoEFiXVY,3
7935,spotify:artist:7b8ZbGVwLbqbnqLIb9mCKb,spotify:artist:45Bk4w7P0aAoLKyzptffUT,3
7936,spotify:artist:7b8ZbGVwLbqbnqLIb9mCKb,spotify:artist:7ap1j9dRZUHNBcWgzlwPEC,3
7937,spotify:artist:7b8ZbGVwLbqbnqLIb9mCKb,spotify:artist:31NNVhmM6fERBBdPLSllAT,3
7938,spotify:artist:7b8ZbGVwLbqbnqLIb9mCKb,spotify:artist:1d0AevdgJeXUeGCRf9bXh7,3
7939,spotify:artist:7b8ZbGVwLbqbnqLIb9mCKb,spotify:artist:6QjIzZ3DvTz10KRtw7FbGS,3
7940,spotify:artist:1d0AevdgJeXUeGCRf9bXh7,spotify:artist:0oOlqHVzcFw27OtchsyaJG,3
7941,spotify:artist:1d0AevdgJeXUeGCRf9bXh7,spotify:artist:4SXlb6krjl3fsmbcjpj6vo,3
7942,spotify:artist:1d0AevdgJeXUeGCRf9bXh7,spotify:artist:4EsdP4xiIySo2aKxrn3I0z,3
7943,spotify:artist:1d0AevdgJeXUeGCRf9bXh7,spotify:artist:3M2z0OtrMxfZRvGVYRjvnr,3
7944,spotify:artist:1d0AevdgJeXUeGCRf9bXh7,spotify:artist:1b6AYqvh1QRo10QRVSI5Tk,3
7945,spotify:artist:1d0AevdgJeXUeGCRf9bXh7,spotify:artist:0uDc98rdopqBajSlpdl5kD,3
7946,spotify:artist:1d0AevdgJeXUeGCRf9bXh7,spotify:artist:3YnEf3gBveooadUeWtOdlG,3
7947,spotify:artist:1d0AevdgJeXUeGCRf9bXh7,spotify:artist:5SkIdT6O9NE5nNgnxpWZ13,3
7948,spotify:artist:1d0AevdgJeXUeGCRf9bXh7,spotify:artist:6AmwaKXtS7fsz8HCeYaLMx,3
7949,spotify:artist:1d0AevdgJeXUeGCRf9bXh7,spotify:artist:2kjd9eTgBXRmPZZoEFiXVY,3
7950,spotify:artist:1d0AevdgJeXUeGCRf9bXh7,spotify:artist:7b8ZbGVwLbqbnqLIb9mCKb,3
7951,spotify:artist:1d0AevdgJeXUeGCRf9bXh7,spotify:artist:6wB2GaqmxyI4jwwBvpNBar,3
7952,spotify:artist:1d0AevdgJeXUeGCRf9bXh7,spotify:artist:7vrtpoeSI9Xnu1dSWel6X8,3
7953,spotify:artist:1d0AevdgJeXUeGCRf9bXh7,spotify:artist:4gjSaZ6ir7PGILXydYAPbm,3
7954,spotify:artist:1d0AevdgJeXUeGCRf9bXh7,spotify:artist:2jOKJHJh3mZ3L4q4t9bkO2,3
7955,spotify:artist:1d0AevdgJeXUeGCRf9bXh7,spotify:artist:31NNVhmM6fERBBdPLSllAT,3
7956,spotify:artist:1d0AevdgJeXUeGCRf9bXh7,spotify:artist:50ggSkwMSRGRQJe8PcRag6,3
7957,spotify:artist:1d0AevdgJeXUeGCRf9bXh7,spotify:artist:3LbGd1n3CFMcljyNxQ0RkY,3
7958,spotify:artist:1d0AevdgJeXUeGCRf9bXh7,spotify:artist:7Mv4YU9Q9kiFtdWG3aSkn6,3
7959,spotify:artist:1d0AevdgJeXUeGCRf9bXh7,spotify:artist:7ap1j9dRZUHNBcWgzlwPEC,3
7960,spotify:artist:7vrtpoeSI9Xnu1dSWel6X8,spotify:artist:4EsdP4xiIySo2aKxrn3I0z,3
7961,spotify:artist:7vrtpoeSI9Xnu1dSWel6X8,spotify:artist:7b8ZbGVwLbqbnqLIb9mCKb,3
7962,spotify:artist:7vrtpoeSI9Xnu1dSWel6X8,spotify:artist:4gjSaZ6ir7PGILXydYAPbm,3
7963,spotify:artist:7vrtpoeSI9Xnu1dSWel6X8,spotify:artist:3M2z0OtrMxfZRvGVYRjvnr,3
7964,spotify:artist:7vrtpoeSI9Xnu1dSWel6X8,spotify:artist:1b6AYqvh1QRo10QRVSI5Tk,3
7965,spotify:artist:7vrtpoeSI9Xnu1dSWel6X8,spotify:artist:6AmwaKXtS7fsz8HCeYaLMx,3
7966,spotify:artist:7vrtpoeSI9Xnu1dSWel6X8,spotify:artist:4SXlb6krjl3fsmbcjpj6vo,3
7967,spotify:artist:7vrtpoeSI9Xnu1dSWel6X8,spotify:artist:0oOlqHVzcFw27OtchsyaJG,3
7968,spotify:artist:7vrtpoeSI9Xnu1dSWel6X8,spotify:artist:5SkIdT6O9NE5nNgnxpWZ13,3
7969,spotify:artist:7vrtpoeSI9Xnu1dSWel6X8,spotify:artist:7Mv4YU9Q9kiFtdWG3aSkn6,3
7970,spotify:artist:7vrtpoeSI9Xnu1dSWel6X8,spotify:artist:2jOKJHJh3mZ3L4q4t9bkO2,3
7971,spotify:artist:7vrtpoeSI9Xnu1dSWel6X8,spotify:artist:0uDc98rdopqBajSlpdl5kD,3
7972,spotify:artist:7vrtpoeSI9Xnu1dSWel6X8,spotify:artist:3YnEf3gBveooadUeWtOdlG,3
7973,spotify:artist:7vrtpoeSI9Xnu1dSWel6X8,spotify:artist:31NNVhmM6fERBBdPLSllAT,3
7974,spotify:artist:7vrtpoeSI9Xnu1dSWel6X8,spotify:artist:50ggSkwMSRGRQJe8PcRag6,3
7975,spotify:artist:7vrtpoeSI9Xnu1dSWel6X8,spotify:artist:7ap1j9dRZUHNBcWgzlwPEC,3
7976,spotify:artist:7vrtpoeSI9Xnu1dSWel6X8,spotify:artist:1d0AevdgJeXUeGCRf9bXh7,3
7977,spotify:artist:7vrtpoeSI9Xnu1dSWel6X8,spotify:artist:45Bk4w7P0aAoLKyzptffUT,3
7978,spotify:artist:7vrtpoeSI9Xnu1dSWel6X8,spotify:artist:7qBUZQ7O7UNpBgD23MIM3v,3
7979,spotify:artist:7vrtpoeSI9Xnu1dSWel6X8,spotify:artist:3LbGd1n3CFMcljyNxQ0RkY,3
7980,spotify:artist:7qBUZQ7O7UNpBgD23MIM3v,spotify:artist:4gjSaZ6ir7PGILXydYAPbm,3
7981,spotify:artist:7qBUZQ7O7UNpBgD23MIM3v,spotify:artist:4SXlb6krjl3fsmbcjpj6vo,3
7982,spotify:artist:7qBUZQ7O7UNpBgD23MIM3v,spotify:artist:4EsdP4xiIySo2aKxrn3I0z,3
7983,spotify:artist:7qBUZQ7O7UNpBgD23MIM3v,spotify:artist:3M2z0OtrMxfZRvGVYRjvnr,3
7984,spotify:artist:7qBUZQ7O7UNpBgD23MIM3v,spotify:artist:6AmwaKXtS7fsz8HCeYaLMx,3
7985,spotify:artist:7qBUZQ7O7UNpBgD23MIM3v,spotify:artist:3YnEf3gBveooadUeWtOdlG,3
7986,spotify:artist:7qBUZQ7O7UNpBgD23MIM3v,spotify:artist:0oOlqHVzcFw27OtchsyaJG,3
7987,spotify:artist:7qBUZQ7O7UNpBgD23MIM3v,spotify:artist:31NNVhmM6fERBBdPLSllAT,3
7988,spotify:artist:7qBUZQ7O7UNpBgD23MIM3v,spotify:artist:7Mv4YU9Q9kiFtdWG3aSkn6,3
7989,spotify:artist:7qBUZQ7O7UNpBgD23MIM3v,spotify:artist:7b8ZbGVwLbqbnqLIb9mCKb,3
7990,spotify:artist:7qBUZQ7O7UNpBgD23MIM3v,spotify:artist:2jOKJHJh3mZ3L4q4t9bkO2,3
7991,spotify:artist:7qBUZQ7O7UNpBgD23MIM3v,spotify:artist:5SkIdT6O9NE5nNgnxpWZ13,3
7992,spotify:artist:7qBUZQ7O7UNpBgD23MIM3v,spotify:artist:1b6AYqvh1QRo10QRVSI5Tk,3
7993,spotify:artist:7qBUZQ7O7UNpBgD23MIM3v,spotify:artist:45Bk4w7P0aAoLKyzptffUT,3
7994,spotify:artist:7qBUZQ7O7UNpBgD23MIM3v,spotify:artist:0uDc98rdopqBajSlpdl5kD,3
7995,spotify:artist:7qBUZQ7O7UNpBgD23MIM3v,spotify:artist:50ggSkwMSRGRQJe8PcRag6,3
7996,spotify:artist:7qBUZQ7O7UNpBgD23MIM3v,spotify:artist:2kjd9eTgBXRmPZZoEFiXVY,3
7997,spotify:artist:7qBUZQ7O7UNpBgD23MIM3v,spotify:artist:7vrtpoeSI9Xnu1dSWel6X8,3
7998,spotify:artist:7qBUZQ7O7UNpBgD23MIM3v,spotify:artist:1d0AevdgJeXUeGCRf9bXh7,3
7999,spotify:artist:7qBUZQ7O7UNpBgD23MIM3v,spotify:artist:6wB2GaqmxyI4jwwBvpNBar,3
